Description,DisplayUrl,ExternalDataSourceId,ExternalId,Family,Guid,IsActive,LastModifiedById,Name,ProductCode,QuantityUnitOfMeasure,SBQQ__AssetAmendmentBehavior__c,SBQQ__AssetConversion__c,SBQQ__BatchQuantity__c,SBQQ__BillingFrequency__c,SBQQ__BillingType__c,SBQQ__BlockPricingField__c,SBQQ__ChargeType__c,SBQQ__Component__c,SBQQ__CompoundDiscountRate__c,SBQQ__ConfigurationEvent__c,SBQQ__ConfigurationFieldSet__c,SBQQ__ConfigurationFields__c,SBQQ__ConfigurationFormTitle__c,SBQQ__ConfigurationType__c,SBQQ__ConfigurationValidator__c,SBQQ__ConfiguredCodePattern__c,SBQQ__ConfiguredDescriptionPattern__c,SBQQ__CostEditable__c,SBQQ__CostSchedule__c,SBQQ__CustomConfigurationPage__c,SBQQ__CustomConfigurationRequired__c,SBQQ__CustomerCommunityAvailability__c,SBQQ__DefaultPricingTable__c,SBQQ__DefaultQuantity__c,SBQQ__DescriptionLocked__c,SBQQ__DiscountCategory__c,SBQQ__DiscountSchedule__c,SBQQ__DynamicPricingConstraint__c,SBQQ__EnableLargeConfiguration__c,SBQQ__ExcludeFromMaintenance__c,SBQQ__ExcludeFromOpportunity__c,SBQQ__ExternallyConfigurable__c,SBQQ__GenerateContractedPrice__c,SBQQ__HasConfigurationAttributes__c,SBQQ__HasConsumptionSchedule__c,SBQQ__Hidden__c,SBQQ__HidePriceInSearchResults__c,SBQQ__IncludeInMaintenance__c,SBQQ__NewQuoteGroup__c,SBQQ__NonDiscountable__c,SBQQ__NonPartnerDiscountable__c,SBQQ__OptionLayout__c,SBQQ__OptionSelectionMethod__c,SBQQ__Optional__c,SBQQ__PriceEditable__c,SBQQ__PricingGuidance__c,SBQQ__PricingMethodEditable__c,SBQQ__PricingMethod__c,SBQQ__ProductPictureID__c,SBQQ__QuantityEditable__c,SBQQ__QuantityScale__c,SBQQ__ReconfigurationDisabled__c,SBQQ__RenewalProduct__c,SBQQ__SortOrder__c,SBQQ__Specifications__c,SBQQ__SubscriptionBase__c,SBQQ__SubscriptionCategory__c,SBQQ__SubscriptionPercent__c,SBQQ__SubscriptionPricing__c,SBQQ__SubscriptionTarget__c,SBQQ__SubscriptionTerm__c,SBQQ__SubscriptionType__c,SBQQ__TaxCode__c,SBQQ__Taxable__c,SBQQ__TermDiscountLevel__c,SBQQ__TermDiscountSchedule__c,SBQQ__UpgradeCredit__c,SBQQ__UpgradeRatio__c,SBQQ__UpgradeSource__c,SBQQ__UpgradeTarget__c,StockKeepingUnit
,,,,,614d0da8-6a50-4312-b4df-73dac6159658,false,,testProduct,,,Default,One per quote line,,,,Quantity,,false,,,,,,,,,,false,,,false,,,1.0,false,,,,false,false,false,false,,false,false,false,false,false,false,false,false,,Click,false,false,,false,List,,true,,false,,,,List,,,,,,Renewable,,false,,,,,,,
,,,,,614d0da8-6a50-4312-b4df-73dac6159658,false,,testProduct,,,Default,One per quote line,,,,Quantity,,false,,,,,,,,,,false,,,false,,,1.0,false,,,,false,false,false,false,,false,false,false,false,false,false,false,false,,Click,false,false,,false,List,,true,,false,,,,List,,,,,,Renewable,,false,,,,,,,
,,,,,614d0da8-6a50-4312-b4df-73dac6159658,false,,testProduct,,,Default,One per quote line,,,,Quantity,,false,,,,,,,,,,false,,,false,,,1.0,false,,,,false,false,false,false,,false,false,false,false,false,false,false,false,,Click,false,false,,false,List,,true,,false,,,,List,,,,,,Renewable,,false,,,,,,,
,,,,,614d0da8-6a50-4312-b4df-73dac6159658,false,,testProduct,,,Default,One per quote line,,,,Quantity,,false,,,,,,,,,,false,,,false,,,1.0,false,,,,false,false,false,false,,false,false,false,false,false,false,false,false,,Click,false,false,,false,List,,true,,false,,,,List,,,,,,Renewable,,false,,,,,,,
,,,,,614d0da8-6a50-4312-b4df-73dac6159658,false,,testProduct,,,Default,One per quote line,,,,Quantity,,false,,,,,,,,,,false,,,false,,,1.0,false,,,,false,false,false,false,,false,false,false,false,false,false,false,false,,Click,false,false,,false,List,,true,,false,,,,List,,,,,,Renewable,,false,,,,,,,
,,,,,614d0da8-6a50-4312-b4df-73dac6159658,false,,testProduct,,,Default,One per quote line,,,,Quantity,,false,,,,,,,,,,false,,,false,,,1.0,false,,,,false,false,false,false,,false,false,false,false,false,false,false,false,,Click,false,false,,false,List,,true,,false,,,,List,,,,,,Renewable,,false,,,,,,,
,,,,,614d0da8-6a50-4312-b4df-73dac6159658,false,,testProduct,,,Default,One per quote line,,,,Quantity,,false,,,,,,,,,,false,,,false,,,1.0,false,,,,false,false,false,false,,false,false,false,false,false,false,false,false,,Click,false,false,,false,List,,true,,false,,,,List,,,,,,Renewable,,false,,,,,,,
,,,,,a472982c-8cf2-43d1-9337-d985ddf65301,false,,1,,,Default,One per quote line,,,,Quantity,,false,,,,,,,,,,false,,,false,,,1.0,false,,,,false,false,false,false,,false,false,false,false,false,false,false,false,,Click,false,false,,false,List,,true,,false,,,,List,,,,,,Renewable,,false,,,,,,,
,,,,,a472982c-8cf2-43d1-9337-d985ddf65301,false,,1,,,Default,One per quote line,,,,Quantity,,false,,,,,,,,,,false,,,false,,,1.0,false,,,,false,false,false,false,,false,false,false,false,false,false,false,false,,Click,false,false,,false,List,,true,,false,,,,List,,,,,,Renewable,,false,,,,,,,
,,,,,a472982c-8cf2-43d1-9337-d985ddf65301,false,,1,,,Default,One per quote line,,,,Quantity,,false,,,,,,,,,,false,,,false,,,1.0,false,,,,false,false,false,false,,false,false,false,false,false,false,false,false,,Click,false,false,,false,List,,true,,false,,,,List,,,,,,Renewable,,false,,,,,,,
,,,,,a472982c-8cf2-43d1-9337-d985ddf65301,false,,1,,,Default,One per quote line,,,,Quantity,,false,,,,,,,,,,false,,,false,,,1.0,false,,,,false,false,false,false,,false,false,false,false,false,false,false,false,,Click,false,false,,false,List,,true,,false,,,,List,,,,,,Renewable,,false,,,,,,,
,,,,,a472982c-8cf2-43d1-9337-d985ddf65301,false,,1,,,Default,One per quote line,,,,Quantity,,false,,,,,,,,,,false,,,false,,,1.0,false,,,,false,false,false,false,,false,false,false,false,false,false,false,false,,Click,false,false,,false,List,,true,,false,,,,List,,,,,,Renewable,,false,,,,,,,
,,,,,a472982c-8cf2-43d1-9337-d985ddf65301,false,,1,,,Default,One per quote line,,,,Quantity,,false,,,,,,,,,,false,,,false,,,1.0,false,,,,false,false,false,false,,false,false,false,false,false,false,false,false,,Click,false,false,,false,List,,true,,false,,,,List,,,,,,Renewable,,false,,,,,,,
,,,,,a472982c-8cf2-43d1-9337-d985ddf65301,false,,1,,,Default,One per quote line,,,,Quantity,,false,,,,,,,,,,false,,,false,,,1.0,false,,,,false,false,false,false,,false,false,false,false,false,false,false,false,,Click,false,false,,false,List,,true,,false,,,,List,,,,,,Renewable,,false,,,,,,,
,,,,,a472982c-8cf2-43d1-9337-d985ddf65301,false,,1,,,Default,One per quote line,,,,Quantity,,false,,,,,,,,,,false,,,false,,,1.0,false,,,,false,false,false,false,,false,false,false,false,false,false,false,false,,Click,false,false,,false,List,,true,,false,,,,List,,,,,,Renewable,,false,,,,,,,
,,,,,a472982c-8cf2-43d1-9337-d985ddf65301,false,,1,,,Default,One per quote line,,,,Quantity,,false,,,,,,,,,,false,,,false,,,1.0,false,,,,false,false,false,false,,false,false,false,false,false,false,false,false,,Click,false,false,,false,List,,true,,false,,,,List,,,,,,Renewable,,false,,,,,,,
,,,,,a472982c-8cf2-43d1-9337-d985ddf65301,false,,1,,,Default,One per quote line,,,,Quantity,,false,,,,,,,,,,false,,,false,,,1.0,false,,,,false,false,false,false,,false,false,false,false,false,false,false,false,,Click,false,false,,false,List,,true,,false,,,,List,,,,,,Renewable,,false,,,,,,,
,,,,,a472982c-8cf2-43d1-9337-d985ddf65301,false,,1,,,Default,One per quote line,,,,Quantity,,false,,,,,,,,,,false,,,false,,,1.0,false,,,,false,false,false,false,,false,false,false,false,false,false,false,false,,Click,false,false,,false,List,,true,,false,,,,List,,,,,,Renewable,,false,,,,,,,
,,,,,a472982c-8cf2-43d1-9337-d985ddf65301,false,,1,,,Default,One per quote line,,,,Quantity,,false,,,,,,,,,,false,,,false,,,1.0,false,,,,false,false,false,false,,false,false,false,false,false,false,false,false,,Click,false,false,,false,List,,true,,false,,,,List,,,,,,Renewable,,false,,,,,,,
,,,,,a472982c-8cf2-43d1-9337-d985ddf65301,false,,1,,,Default,One per quote line,,,,Quantity,,false,,,,,,,,,,false,,,false,,,1.0,false,,,,false,false,false,false,,false,false,false,false,false,false,false,false,,Click,false,false,,false,List,,true,,false,,,,List,,,,,,Renewable,,false,,,,,,,
,,,,,a472982c-8cf2-43d1-9337-d985ddf65301,false,,1,,,Default,One per quote line,,,,Quantity,,false,,,,,,,,,,false,,,false,,,1.0,false,,,,false,false,false,false,,false,false,false,false,false,false,false,false,,Click,false,false,,false,List,,true,,false,,,,List,,,,,,Renewable,,false,,,,,,,
,,,,,a472982c-8cf2-43d1-9337-d985ddf65301,false,,1,,,Default,One per quote line,,,,Quantity,,false,,,,,,,,,,false,,,false,,,1.0,false,,,,false,false,false,false,,false,false,false,false,false,false,false,false,,Click,false,false,,false,List,,true,,false,,,,List,,,,,,Renewable,,false,,,,,,,
,,,,,a472982c-8cf2-43d1-9337-d985ddf65301,false,,1,,,Default,One per quote line,,,,Quantity,,false,,,,,,,,,,false,,,false,,,1.0,false,,,,false,false,false,false,,false,false,false,false,false,false,false,false,,Click,false,false,,false,List,,true,,false,,,,List,,,,,,Renewable,,false,,,,,,,
,,,,,a472982c-8cf2-43d1-9337-d985ddf65301,false,,1,,,Default,One per quote line,,,,Quantity,,false,,,,,,,,,,false,,,false,,,1.0,false,,,,false,false,false,false,,false,false,false,false,false,false,false,false,,Click,false,false,,false,List,,true,,false,,,,List,,,,,,Renewable,,false,,,,,,,
,,,,,a472982c-8cf2-43d1-9337-d985ddf65301,false,,1,,,Default,One per quote line,,,,Quantity,,false,,,,,,,,,,false,,,false,,,1.0,false,,,,false,false,false,false,,false,false,false,false,false,false,false,false,,Click,false,false,,false,List,,true,,false,,,,List,,,,,,Renewable,,false,,,,,,,
,,,,,a472982c-8cf2-43d1-9337-d985ddf65301,false,,1,,,Default,One per quote line,,,,Quantity,,false,,,,,,,,,,false,,,false,,,1.0,false,,,,false,false,false,false,,false,false,false,false,false,false,false,false,,Click,false,false,,false,List,,true,,false,,,,List,,,,,,Renewable,,false,,,,,,,
,,,,,a472982c-8cf2-43d1-9337-d985ddf65301,false,,1,,,Default,One per quote line,,,,Quantity,,false,,,,,,,,,,false,,,false,,,1.0,false,,,,false,false,false,false,,false,false,false,false,false,false,false,false,,Click,false,false,,false,List,,true,,false,,,,List,,,,,,Renewable,,false,,,,,,,
,,,,,a472982c-8cf2-43d1-9337-d985ddf65301,false,,1,,,Default,One per quote line,,,,Quantity,,false,,,,,,,,,,false,,,false,,,1.0,false,,,,false,false,false,false,,false,false,false,false,false,false,false,false,,Click,false,false,,false,List,,true,,false,,,,List,,,,,,Renewable,,false,,,,,,,
,,,,,a472982c-8cf2-43d1-9337-d985ddf65301,false,,1,,,Default,One per quote line,,,,Quantity,,false,,,,,,,,,,false,,,false,,,1.0,false,,,,false,false,false,false,,false,false,false,false,false,false,false,false,,Click,false,false,,false,List,,true,,false,,,,List,,,,,,Renewable,,false,,,,,,,
,,,,,a472982c-8cf2-43d1-9337-d985ddf65301,false,,1,,,Default,One per quote line,,,,Quantity,,false,,,,,,,,,,false,,,false,,,1.0,false,,,,false,false,false,false,,false,false,false,false,false,false,false,false,,Click,false,false,,false,List,,true,,false,,,,List,,,,,,Renewable,,false,,,,,,,
,,,,,a472982c-8cf2-43d1-9337-d985ddf65301,false,,1,,,Default,One per quote line,,,,Quantity,,false,,,,,,,,,,false,,,false,,,1.0,false,,,,false,false,false,false,,false,false,false,false,false,false,false,false,,Click,false,false,,false,List,,true,,false,,,,List,,,,,,Renewable,,false,,,,,,,
,,,,,a472982c-8cf2-43d1-9337-d985ddf65301,false,,1,,,Default,One per quote line,,,,Quantity,,false,,,,,,,,,,false,,,false,,,1.0,false,,,,false,false,false,false,,false,false,false,false,false,false,false,false,,Click,false,false,,false,List,,true,,false,,,,List,,,,,,Renewable,,false,,,,,,,
,,,,,a472982c-8cf2-43d1-9337-d985ddf65301,false,,1,,,Default,One per quote line,,,,Quantity,,false,,,,,,,,,,false,,,false,,,1.0,false,,,,false,false,false,false,,false,false,false,false,false,false,false,false,,Click,false,false,,false,List,,true,,false,,,,List,,,,,,Renewable,,false,,,,,,,
,,,,,a472982c-8cf2-43d1-9337-d985ddf65301,false,,1,,,Default,One per quote line,,,,Quantity,,false,,,,,,,,,,false,,,false,,,1.0,false,,,,false,false,false,false,,false,false,false,false,false,false,false,false,,Click,false,false,,false,List,,true,,false,,,,List,,,,,,Renewable,,false,,,,,,,
,,,,,a472982c-8cf2-43d1-9337-d985ddf65301,false,,1,,,Default,One per quote line,,,,Quantity,,false,,,,,,,,,,false,,,false,,,1.0,false,,,,false,false,false,false,,false,false,false,false,false,false,false,false,,Click,false,false,,false,List,,true,,false,,,,List,,,,,,Renewable,,false,,,,,,,
,,,,,a472982c-8cf2-43d1-9337-d985ddf65301,false,,1,,,Default,One per quote line,,,,Quantity,,false,,,,,,,,,,false,,,false,,,1.0,false,,,,false,false,false,false,,false,false,false,false,false,false,false,false,,Click,false,false,,false,List,,true,,false,,,,List,,,,,,Renewable,,false,,,,,,,
,,,,,a472982c-8cf2-43d1-9337-d985ddf65301,false,,1,,,Default,One per quote line,,,,Quantity,,false,,,,,,,,,,false,,,false,,,1.0,false,,,,false,false,false,false,,false,false,false,false,false,false,false,false,,Click,false,false,,false,List,,true,,false,,,,List,,,,,,Renewable,,false,,,,,,,
,,,,,a472982c-8cf2-43d1-9337-d985ddf65301,false,,1,,,Default,One per quote line,,,,Quantity,,false,,,,,,,,,,false,,,false,,,1.0,false,,,,false,false,false,false,,false,false,false,false,false,false,false,false,,Click,false,false,,false,List,,true,,false,,,,List,,,,,,Renewable,,false,,,,,,,
,,,,,a472982c-8cf2-43d1-9337-d985ddf65301,false,,1,,,Default,One per quote line,,,,Quantity,,false,,,,,,,,,,false,,,false,,,1.0,false,,,,false,false,false,false,,false,false,false,false,false,false,false,false,,Click,false,false,,false,List,,true,,false,,,,List,,,,,,Renewable,,false,,,,,,,
,,,,,a472982c-8cf2-43d1-9337-d985ddf65301,false,,1,,,Default,One per quote line,,,,Quantity,,false,,,,,,,,,,false,,,false,,,1.0,false,,,,false,false,false,false,,false,false,false,false,false,false,false,false,,Click,false,false,,false,List,,true,,false,,,,List,,,,,,Renewable,,false,,,,,,,
,,,,,a472982c-8cf2-43d1-9337-d985ddf65301,false,,1,,,Default,One per quote line,,,,Quantity,,false,,,,,,,,,,false,,,false,,,1.0,false,,,,false,false,false,false,,false,false,false,false,false,false,false,false,,Click,false,false,,false,List,,true,,false,,,,List,,,,,,Renewable,,false,,,,,,,
,,,,,a472982c-8cf2-43d1-9337-d985ddf65301,false,,1,,,Default,One per quote line,,,,Quantity,,false,,,,,,,,,,false,,,false,,,1.0,false,,,,false,false,false,false,,false,false,false,false,false,false,false,false,,Click,false,false,,false,List,,true,,false,,,,List,,,,,,Renewable,,false,,,,,,,
,,,,,a472982c-8cf2-43d1-9337-d985ddf65301,false,,1,,,Default,One per quote line,,,,Quantity,,false,,,,,,,,,,false,,,false,,,1.0,false,,,,false,false,false,false,,false,false,false,false,false,false,false,false,,Click,false,false,,false,List,,true,,false,,,,List,,,,,,Renewable,,false,,,,,,,
,,,,,a472982c-8cf2-43d1-9337-d985ddf65301,false,,1,,,Default,One per quote line,,,,Quantity,,false,,,,,,,,,,false,,,false,,,1.0,false,,,,false,false,false,false,,false,false,false,false,false,false,false,false,,Click,false,false,,false,List,,true,,false,,,,List,,,,,,Renewable,,false,,,,,,,
,,,,,a472982c-8cf2-43d1-9337-d985ddf65301,false,,1,,,Default,One per quote line,,,,Quantity,,false,,,,,,,,,,false,,,false,,,1.0,false,,,,false,false,false,false,,false,false,false,false,false,false,false,false,,Click,false,false,,false,List,,true,,false,,,,List,,,,,,Renewable,,false,,,,,,,
,,,,,a472982c-8cf2-43d1-9337-d985ddf65301,false,,1,,,Default,One per quote line,,,,Quantity,,false,,,,,,,,,,false,,,false,,,1.0,false,,,,false,false,false,false,,false,false,false,false,false,false,false,false,,Click,false,false,,false,List,,true,,false,,,,List,,,,,,Renewable,,false,,,,,,,
,,,,,a472982c-8cf2-43d1-9337-d985ddf65301,false,,1,,,Default,One per quote line,,,,Quantity,,false,,,,,,,,,,false,,,false,,,1.0,false,,,,false,false,false,false,,false,false,false,false,false,false,false,false,,Click,false,false,,false,List,,true,,false,,,,List,,,,,,Renewable,,false,,,,,,,
,,,,,a472982c-8cf2-43d1-9337-d985ddf65301,false,,1,,,Default,One per quote line,,,,Quantity,,false,,,,,,,,,,false,,,false,,,1.0,false,,,,false,false,false,false,,false,false,false,false,false,false,false,false,,Click,false,false,,false,List,,true,,false,,,,List,,,,,,Renewable,,false,,,,,,,
,,,,,a472982c-8cf2-43d1-9337-d985ddf65301,false,,1,,,Default,One per quote line,,,,Quantity,,false,,,,,,,,,,false,,,false,,,1.0,false,,,,false,false,false,false,,false,false,false,false,false,false,false,false,,Click,false,false,,false,List,,true,,false,,,,List,,,,,,Renewable,,false,,,,,,,
,,,,,a472982c-8cf2-43d1-9337-d985ddf65301,false,,1,,,Default,One per quote line,,,,Quantity,,false,,,,,,,,,,false,,,false,,,1.0,false,,,,false,false,false,false,,false,false,false,false,false,false,false,false,,Click,false,false,,false,List,,true,,false,,,,List,,,,,,Renewable,,false,,,,,,,
,,,,,a472982c-8cf2-43d1-9337-d985ddf65301,false,,1,,,Default,One per quote line,,,,Quantity,,false,,,,,,,,,,false,,,false,,,1.0,false,,,,false,false,false,false,,false,false,false,false,false,false,false,false,,Click,false,false,,false,List,,true,,false,,,,List,,,,,,Renewable,,false,,,,,,,
,,,,,a472982c-8cf2-43d1-9337-d985ddf65301,false,,1,,,Default,One per quote line,,,,Quantity,,false,,,,,,,,,,false,,,false,,,1.0,false,,,,false,false,false,false,,false,false,false,false,false,false,false,false,,Click,false,false,,false,List,,true,,false,,,,List,,,,,,Renewable,,false,,,,,,,
,,,,,a472982c-8cf2-43d1-9337-d985ddf65301,false,,1,,,Default,One per quote line,,,,Quantity,,false,,,,,,,,,,false,,,false,,,1.0,false,,,,false,false,false,false,,false,false,false,false,false,false,false,false,,Click,false,false,,false,List,,true,,false,,,,List,,,,,,Renewable,,false,,,,,,,
,,,,,a472982c-8cf2-43d1-9337-d985ddf65301,false,,1,,,Default,One per quote line,,,,Quantity,,false,,,,,,,,,,false,,,false,,,1.0,false,,,,false,false,false,false,,false,false,false,false,false,false,false,false,,Click,false,false,,false,List,,true,,false,,,,List,,,,,,Renewable,,false,,,,,,,
,,,,,a472982c-8cf2-43d1-9337-d985ddf65301,false,,1,,,Default,One per quote line,,,,Quantity,,false,,,,,,,,,,false,,,false,,,1.0,false,,,,false,false,false,false,,false,false,false,false,false,false,false,false,,Click,false,false,,false,List,,true,,false,,,,List,,,,,,Renewable,,false,,,,,,,
,,,,,a472982c-8cf2-43d1-9337-d985ddf65301,false,,1,,,Default,One per quote line,,,,Quantity,,false,,,,,,,,,,false,,,false,,,1.0,false,,,,false,false,false,false,,false,false,false,false,false,false,false,false,,Click,false,false,,false,List,,true,,false,,,,List,,,,,,Renewable,,false,,,,,,,
,,,,,30f2de68-adf9-4a01-bbf3-b6aa5a30aa71,false,,2,,,Default,One per quote line,,,,Quantity,,false,,,,,,,,,,false,,,false,,,1.0,false,,,,false,false,false,false,,false,false,false,false,false,false,false,false,,Click,false,false,,false,List,,true,,false,,,,List,,,,,,Renewable,,false,,,,,,,
,,,,,30f2de68-adf9-4a01-bbf3-b6aa5a30aa71,false,,2,,,Default,One per quote line,,,,Quantity,,false,,,,,,,,,,false,,,false,,,1.0,false,,,,false,false,false,false,,false,false,false,false,false,false,false,false,,Click,false,false,,false,List,,true,,false,,,,List,,,,,,Renewable,,false,,,,,,,
,,,,,30f2de68-adf9-4a01-bbf3-b6aa5a30aa71,false,,2,,,Default,One per quote line,,,,Quantity,,false,,,,,,,,,,false,,,false,,,1.0,false,,,,false,false,false,false,,false,false,false,false,false,false,false,false,,Click,false,false,,false,List,,true,,false,,,,List,,,,,,Renewable,,false,,,,,,,
,,,,,30f2de68-adf9-4a01-bbf3-b6aa5a30aa71,false,,2,,,Default,One per quote line,,,,Quantity,,false,,,,,,,,,,false,,,false,,,1.0,false,,,,false,false,false,false,,false,false,false,false,false,false,false,false,,Click,false,false,,false,List,,true,,false,,,,List,,,,,,Renewable,,false,,,,,,,
,,,,,30f2de68-adf9-4a01-bbf3-b6aa5a30aa71,false,,2,,,Default,One per quote line,,,,Quantity,,false,,,,,,,,,,false,,,false,,,1.0,false,,,,false,false,false,false,,false,false,false,false,false,false,false,false,,Click,false,false,,false,List,,true,,false,,,,List,,,,,,Renewable,,false,,,,,,,
,,,,,30f2de68-adf9-4a01-bbf3-b6aa5a30aa71,false,,2,,,Default,One per quote line,,,,Quantity,,false,,,,,,,,,,false,,,false,,,1.0,false,,,,false,false,false,false,,false,false,false,false,false,false,false,false,,Click,false,false,,false,List,,true,,false,,,,List,,,,,,Renewable,,false,,,,,,,
,,,,,30f2de68-adf9-4a01-bbf3-b6aa5a30aa71,false,,2,,,Default,One per quote line,,,,Quantity,,false,,,,,,,,,,false,,,false,,,1.0,false,,,,false,false,false,false,,false,false,false,false,false,false,false,false,,Click,false,false,,false,List,,true,,false,,,,List,,,,,,Renewable,,false,,,,,,,
,,,,,30f2de68-adf9-4a01-bbf3-b6aa5a30aa71,false,,2,,,Default,One per quote line,,,,Quantity,,false,,,,,,,,,,false,,,false,,,1.0,false,,,,false,false,false,false,,false,false,false,false,false,false,false,false,,Click,false,false,,false,List,,true,,false,,,,List,,,,,,Renewable,,false,,,,,,,
,,,,,30f2de68-adf9-4a01-bbf3-b6aa5a30aa71,false,,2,,,Default,One per quote line,,,,Quantity,,false,,,,,,,,,,false,,,false,,,1.0,false,,,,false,false,false,false,,false,false,false,false,false,false,false,false,,Click,false,false,,false,List,,true,,false,,,,List,,,,,,Renewable,,false,,,,,,,
,,,,,30f2de68-adf9-4a01-bbf3-b6aa5a30aa71,false,,2,,,Default,One per quote line,,,,Quantity,,false,,,,,,,,,,false,,,false,,,1.0,false,,,,false,false,false,false,,false,false,false,false,false,false,false,false,,Click,false,false,,false,List,,true,,false,,,,List,,,,,,Renewable,,false,,,,,,,
,,,,,30f2de68-adf9-4a01-bbf3-b6aa5a30aa71,false,,2,,,Default,One per quote line,,,,Quantity,,false,,,,,,,,,,false,,,false,,,1.0,false,,,,false,false,false,false,,false,false,false,false,false,false,false,false,,Click,false,false,,false,List,,true,,false,,,,List,,,,,,Renewable,,false,,,,,,,
,,,,,30f2de68-adf9-4a01-bbf3-b6aa5a30aa71,false,,2,,,Default,One per quote line,,,,Quantity,,false,,,,,,,,,,false,,,false,,,1.0,false,,,,false,false,false,false,,false,false,false,false,false,false,false,false,,Click,false,false,,false,List,,true,,false,,,,List,,,,,,Renewable,,false,,,,,,,
,,,,,30f2de68-adf9-4a01-bbf3-b6aa5a30aa71,false,,2,,,Default,One per quote line,,,,Quantity,,false,,,,,,,,,,false,,,false,,,1.0,false,,,,false,false,false,false,,false,false,false,false,false,false,false,false,,Click,false,false,,false,List,,true,,false,,,,List,,,,,,Renewable,,false,,,,,,,
,,,,,30f2de68-adf9-4a01-bbf3-b6aa5a30aa71,false,,2,,,Default,One per quote line,,,,Quantity,,false,,,,,,,,,,false,,,false,,,1.0,false,,,,false,false,false,false,,false,false,false,false,false,false,false,false,,Click,false,false,,false,List,,true,,false,,,,List,,,,,,Renewable,,false,,,,,,,
,,,,,30f2de68-adf9-4a01-bbf3-b6aa5a30aa71,false,,2,,,Default,One per quote line,,,,Quantity,,false,,,,,,,,,,false,,,false,,,1.0,false,,,,false,false,false,false,,false,false,false,false,false,false,false,false,,Click,false,false,,false,List,,true,,false,,,,List,,,,,,Renewable,,false,,,,,,,
,,,,,30f2de68-adf9-4a01-bbf3-b6aa5a30aa71,false,,2,,,Default,One per quote line,,,,Quantity,,false,,,,,,,,,,false,,,false,,,1.0,false,,,,false,false,false,false,,false,false,false,false,false,false,false,false,,Click,false,false,,false,List,,true,,false,,,,List,,,,,,Renewable,,false,,,,,,,
,,,,,30f2de68-adf9-4a01-bbf3-b6aa5a30aa71,false,,2,,,Default,One per quote line,,,,Quantity,,false,,,,,,,,,,false,,,false,,,1.0,false,,,,false,false,false,false,,false,false,false,false,false,false,false,false,,Click,false,false,,false,List,,true,,false,,,,List,,,,,,Renewable,,false,,,,,,,
,,,,,30f2de68-adf9-4a01-bbf3-b6aa5a30aa71,false,,2,,,Default,One per quote line,,,,Quantity,,false,,,,,,,,,,false,,,false,,,1.0,false,,,,false,false,false,false,,false,false,false,false,false,false,false,false,,Click,false,false,,false,List,,true,,false,,,,List,,,,,,Renewable,,false,,,,,,,
,,,,,30f2de68-adf9-4a01-bbf3-b6aa5a30aa71,false,,2,,,Default,One per quote line,,,,Quantity,,false,,,,,,,,,,false,,,false,,,1.0,false,,,,false,false,false,false,,false,false,false,false,false,false,false,false,,Click,false,false,,false,List,,true,,false,,,,List,,,,,,Renewable,,false,,,,,,,
,,,,,30f2de68-adf9-4a01-bbf3-b6aa5a30aa71,false,,2,,,Default,One per quote line,,,,Quantity,,false,,,,,,,,,,false,,,false,,,1.0,false,,,,false,false,false,false,,false,false,false,false,false,false,false,false,,Click,false,false,,false,List,,true,,false,,,,List,,,,,,Renewable,,false,,,,,,,
,,,,,30f2de68-adf9-4a01-bbf3-b6aa5a30aa71,false,,2,,,Default,One per quote line,,,,Quantity,,false,,,,,,,,,,false,,,false,,,1.0,false,,,,false,false,false,false,,false,false,false,false,false,false,false,false,,Click,false,false,,false,List,,true,,false,,,,List,,,,,,Renewable,,false,,,,,,,
,,,,,30f2de68-adf9-4a01-bbf3-b6aa5a30aa71,false,,2,,,Default,One per quote line,,,,Quantity,,false,,,,,,,,,,false,,,false,,,1.0,false,,,,false,false,false,false,,false,false,false,false,false,false,false,false,,Click,false,false,,false,List,,true,,false,,,,List,,,,,,Renewable,,false,,,,,,,
,,,,,30f2de68-adf9-4a01-bbf3-b6aa5a30aa71,false,,2,,,Default,One per quote line,,,,Quantity,,false,,,,,,,,,,false,,,false,,,1.0,false,,,,false,false,false,false,,false,false,false,false,false,false,false,false,,Click,false,false,,false,List,,true,,false,,,,List,,,,,,Renewable,,false,,,,,,,
,,,,,30f2de68-adf9-4a01-bbf3-b6aa5a30aa71,false,,2,,,Default,One per quote line,,,,Quantity,,false,,,,,,,,,,false,,,false,,,1.0,false,,,,false,false,false,false,,false,false,false,false,false,false,false,false,,Click,false,false,,false,List,,true,,false,,,,List,,,,,,Renewable,,false,,,,,,,
,,,,,30f2de68-adf9-4a01-bbf3-b6aa5a30aa71,false,,2,,,Default,One per quote line,,,,Quantity,,false,,,,,,,,,,false,,,false,,,1.0,false,,,,false,false,false,false,,false,false,false,false,false,false,false,false,,Click,false,false,,false,List,,true,,false,,,,List,,,,,,Renewable,,false,,,,,,,
,,,,,30f2de68-adf9-4a01-bbf3-b6aa5a30aa71,false,,2,,,Default,One per quote line,,,,Quantity,,false,,,,,,,,,,false,,,false,,,1.0,false,,,,false,false,false,false,,false,false,false,false,false,false,false,false,,Click,false,false,,false,List,,true,,false,,,,List,,,,,,Renewable,,false,,,,,,,
,,,,,30f2de68-adf9-4a01-bbf3-b6aa5a30aa71,false,,2,,,Default,One per quote line,,,,Quantity,,false,,,,,,,,,,false,,,false,,,1.0,false,,,,false,false,false,false,,false,false,false,false,false,false,false,false,,Click,false,false,,false,List,,true,,false,,,,List,,,,,,Renewable,,false,,,,,,,
,,,,,30f2de68-adf9-4a01-bbf3-b6aa5a30aa71,false,,2,,,Default,One per quote line,,,,Quantity,,false,,,,,,,,,,false,,,false,,,1.0,false,,,,false,false,false,false,,false,false,false,false,false,false,false,false,,Click,false,false,,false,List,,true,,false,,,,List,,,,,,Renewable,,false,,,,,,,
,,,,,30f2de68-adf9-4a01-bbf3-b6aa5a30aa71,false,,2,,,Default,One per quote line,,,,Quantity,,false,,,,,,,,,,false,,,false,,,1.0,false,,,,false,false,false,false,,false,false,false,false,false,false,false,false,,Click,false,false,,false,List,,true,,false,,,,List,,,,,,Renewable,,false,,,,,,,
,,,,,30f2de68-adf9-4a01-bbf3-b6aa5a30aa71,false,,2,,,Default,One per quote line,,,,Quantity,,false,,,,,,,,,,false,,,false,,,1.0,false,,,,false,false,false,false,,false,false,false,false,false,false,false,false,,Click,false,false,,false,List,,true,,false,,,,List,,,,,,Renewable,,false,,,,,,,
,,,,,30f2de68-adf9-4a01-bbf3-b6aa5a30aa71,false,,2,,,Default,One per quote line,,,,Quantity,,false,,,,,,,,,,false,,,false,,,1.0,false,,,,false,false,false,false,,false,false,false,false,false,false,false,false,,Click,false,false,,false,List,,true,,false,,,,List,,,,,,Renewable,,false,,,,,,,
,,,,,30f2de68-adf9-4a01-bbf3-b6aa5a30aa71,false,,2,,,Default,One per quote line,,,,Quantity,,false,,,,,,,,,,false,,,false,,,1.0,false,,,,false,false,false,false,,false,false,false,false,false,false,false,false,,Click,false,false,,false,List,,true,,false,,,,List,,,,,,Renewable,,false,,,,,,,
,,,,,30f2de68-adf9-4a01-bbf3-b6aa5a30aa71,false,,2,,,Default,One per quote line,,,,Quantity,,false,,,,,,,,,,false,,,false,,,1.0,false,,,,false,false,false,false,,false,false,false,false,false,false,false,false,,Click,false,false,,false,List,,true,,false,,,,List,,,,,,Renewable,,false,,,,,,,
,,,,,30f2de68-adf9-4a01-bbf3-b6aa5a30aa71,false,,2,,,Default,One per quote line,,,,Quantity,,false,,,,,,,,,,false,,,false,,,1.0,false,,,,false,false,false,false,,false,false,false,false,false,false,false,false,,Click,false,false,,false,List,,true,,false,,,,List,,,,,,Renewable,,false,,,,,,,
,,,,,30f2de68-adf9-4a01-bbf3-b6aa5a30aa71,false,,2,,,Default,One per quote line,,,,Quantity,,false,,,,,,,,,,false,,,false,,,1.0,false,,,,false,false,false,false,,false,false,false,false,false,false,false,false,,Click,false,false,,false,List,,true,,false,,,,List,,,,,,Renewable,,false,,,,,,,
,,,,,30f2de68-adf9-4a01-bbf3-b6aa5a30aa71,false,,2,,,Default,One per quote line,,,,Quantity,,false,,,,,,,,,,false,,,false,,,1.0,false,,,,false,false,false,false,,false,false,false,false,false,false,false,false,,Click,false,false,,false,List,,true,,false,,,,List,,,,,,Renewable,,false,,,,,,,
,,,,,30f2de68-adf9-4a01-bbf3-b6aa5a30aa71,false,,2,,,Default,One per quote line,,,,Quantity,,false,,,,,,,,,,false,,,false,,,1.0,false,,,,false,false,false,false,,false,false,false,false,false,false,false,false,,Click,false,false,,false,List,,true,,false,,,,List,,,,,,Renewable,,false,,,,,,,
,,,,,30f2de68-adf9-4a01-bbf3-b6aa5a30aa71,false,,2,,,Default,One per quote line,,,,Quantity,,false,,,,,,,,,,false,,,false,,,1.0,false,,,,false,false,false,false,,false,false,false,false,false,false,false,false,,Click,false,false,,false,List,,true,,false,,,,List,,,,,,Renewable,,false,,,,,,,
,,,,,30f2de68-adf9-4a01-bbf3-b6aa5a30aa71,false,,2,,,Default,One per quote line,,,,Quantity,,false,,,,,,,,,,false,,,false,,,1.0,false,,,,false,false,false,false,,false,false,false,false,false,false,false,false,,Click,false,false,,false,List,,true,,false,,,,List,,,,,,Renewable,,false,,,,,,,
,,,,,30f2de68-adf9-4a01-bbf3-b6aa5a30aa71,false,,2,,,Default,One per quote line,,,,Quantity,,false,,,,,,,,,,false,,,false,,,1.0,false,,,,false,false,false,false,,false,false,false,false,false,false,false,false,,Click,false,false,,false,List,,true,,false,,,,List,,,,,,Renewable,,false,,,,,,,
,,,,,30f2de68-adf9-4a01-bbf3-b6aa5a30aa71,false,,2,,,Default,One per quote line,,,,Quantity,,false,,,,,,,,,,false,,,false,,,1.0,false,,,,false,false,false,false,,false,false,false,false,false,false,false,false,,Click,false,false,,false,List,,true,,false,,,,List,,,,,,Renewable,,false,,,,,,,
,,,,,30f2de68-adf9-4a01-bbf3-b6aa5a30aa71,false,,2,,,Default,One per quote line,,,,Quantity,,false,,,,,,,,,,false,,,false,,,1.0,false,,,,false,false,false,false,,false,false,false,false,false,false,false,false,,Click,false,false,,false,List,,true,,false,,,,List,,,,,,Renewable,,false,,,,,,,
,,,,,30f2de68-adf9-4a01-bbf3-b6aa5a30aa71,false,,2,,,Default,One per quote line,,,,Quantity,,false,,,,,,,,,,false,,,false,,,1.0,false,,,,false,false,false,false,,false,false,false,false,false,false,false,false,,Click,false,false,,false,List,,true,,false,,,,List,,,,,,Renewable,,false,,,,,,,
,,,,,30f2de68-adf9-4a01-bbf3-b6aa5a30aa71,false,,2,,,Default,One per quote line,,,,Quantity,,false,,,,,,,,,,false,,,false,,,1.0,false,,,,false,false,false,false,,false,false,false,false,false,false,false,false,,Click,false,false,,false,List,,true,,false,,,,List,,,,,,Renewable,,false,,,,,,,
,,,,,30f2de68-adf9-4a01-bbf3-b6aa5a30aa71,false,,2,,,Default,One per quote line,,,,Quantity,,false,,,,,,,,,,false,,,false,,,1.0,false,,,,false,false,false,false,,false,false,false,false,false,false,false,false,,Click,false,false,,false,List,,true,,false,,,,List,,,,,,Renewable,,false,,,,,,,
,,,,,30f2de68-adf9-4a01-bbf3-b6aa5a30aa71,false,,2,,,Default,One per quote line,,,,Quantity,,false,,,,,,,,,,false,,,false,,,1.0,false,,,,false,false,false,false,,false,false,false,false,false,false,false,false,,Click,false,false,,false,List,,true,,false,,,,List,,,,,,Renewable,,false,,,,,,,
,,,,,30f2de68-adf9-4a01-bbf3-b6aa5a30aa71,false,,2,,,Default,One per quote line,,,,Quantity,,false,,,,,,,,,,false,,,false,,,1.0,false,,,,false,false,false,false,,false,false,false,false,false,false,false,false,,Click,false,false,,false,List,,true,,false,,,,List,,,,,,Renewable,,false,,,,,,,
,,,,,30f2de68-adf9-4a01-bbf3-b6aa5a30aa71,false,,2,,,Default,One per quote line,,,,Quantity,,false,,,,,,,,,,false,,,false,,,1.0,false,,,,false,false,false,false,,false,false,false,false,false,false,false,false,,Click,false,false,,false,List,,true,,false,,,,List,,,,,,Renewable,,false,,,,,,,
,,,,,30f2de68-adf9-4a01-bbf3-b6aa5a30aa71,false,,2,,,Default,One per quote line,,,,Quantity,,false,,,,,,,,,,false,,,false,,,1.0,false,,,,false,false,false,false,,false,false,false,false,false,false,false,false,,Click,false,false,,false,List,,true,,false,,,,List,,,,,,Renewable,,false,,,,,,,
,,,,,b923622d-261b-4e18-a9e4-f6e02e414ef3,false,,3,,,Default,One per quote line,,,,Quantity,,false,,,,,,,,,,false,,,false,,,1.0,false,,,,false,false,false,false,,false,false,false,false,false,false,false,false,,Click,false,false,,false,List,,true,,false,,,,List,,,,,,Renewable,,false,,,,,,,
,,,,,b923622d-261b-4e18-a9e4-f6e02e414ef3,false,,3,,,Default,One per quote line,,,,Quantity,,false,,,,,,,,,,false,,,false,,,1.0,false,,,,false,false,false,false,,false,false,false,false,false,false,false,false,,Click,false,false,,false,List,,true,,false,,,,List,,,,,,Renewable,,false,,,,,,,
,,,,,b923622d-261b-4e18-a9e4-f6e02e414ef3,false,,3,,,Default,One per quote line,,,,Quantity,,false,,,,,,,,,,false,,,false,,,1.0,false,,,,false,false,false,false,,false,false,false,false,false,false,false,false,,Click,false,false,,false,List,,true,,false,,,,List,,,,,,Renewable,,false,,,,,,,
,,,,,b923622d-261b-4e18-a9e4-f6e02e414ef3,false,,3,,,Default,One per quote line,,,,Quantity,,false,,,,,,,,,,false,,,false,,,1.0,false,,,,false,false,false,false,,false,false,false,false,false,false,false,false,,Click,false,false,,false,List,,true,,false,,,,List,,,,,,Renewable,,false,,,,,,,
,,,,,b923622d-261b-4e18-a9e4-f6e02e414ef3,false,,3,,,Default,One per quote line,,,,Quantity,,false,,,,,,,,,,false,,,false,,,1.0,false,,,,false,false,false,false,,false,false,false,false,false,false,false,false,,Click,false,false,,false,List,,true,,false,,,,List,,,,,,Renewable,,false,,,,,,,
,,,,,b923622d-261b-4e18-a9e4-f6e02e414ef3,false,,3,,,Default,One per quote line,,,,Quantity,,false,,,,,,,,,,false,,,false,,,1.0,false,,,,false,false,false,false,,false,false,false,false,false,false,false,false,,Click,false,false,,false,List,,true,,false,,,,List,,,,,,Renewable,,false,,,,,,,
,,,,,b923622d-261b-4e18-a9e4-f6e02e414ef3,false,,3,,,Default,One per quote line,,,,Quantity,,false,,,,,,,,,,false,,,false,,,1.0,false,,,,false,false,false,false,,false,false,false,false,false,false,false,false,,Click,false,false,,false,List,,true,,false,,,,List,,,,,,Renewable,,false,,,,,,,
,,,,,b923622d-261b-4e18-a9e4-f6e02e414ef3,false,,3,,,Default,One per quote line,,,,Quantity,,false,,,,,,,,,,false,,,false,,,1.0,false,,,,false,false,false,false,,false,false,false,false,false,false,false,false,,Click,false,false,,false,List,,true,,false,,,,List,,,,,,Renewable,,false,,,,,,,
,,,,,b923622d-261b-4e18-a9e4-f6e02e414ef3,false,,3,,,Default,One per quote line,,,,Quantity,,false,,,,,,,,,,false,,,false,,,1.0,false,,,,false,false,false,false,,false,false,false,false,false,false,false,false,,Click,false,false,,false,List,,true,,false,,,,List,,,,,,Renewable,,false,,,,,,,
,,,,,b923622d-261b-4e18-a9e4-f6e02e414ef3,false,,3,,,Default,One per quote line,,,,Quantity,,false,,,,,,,,,,false,,,false,,,1.0,false,,,,false,false,false,false,,false,false,false,false,false,false,false,false,,Click,false,false,,false,List,,true,,false,,,,List,,,,,,Renewable,,false,,,,,,,
,,,,,b923622d-261b-4e18-a9e4-f6e02e414ef3,false,,3,,,Default,One per quote line,,,,Quantity,,false,,,,,,,,,,false,,,false,,,1.0,false,,,,false,false,false,false,,false,false,false,false,false,false,false,false,,Click,false,false,,false,List,,true,,false,,,,List,,,,,,Renewable,,false,,,,,,,
,,,,,b923622d-261b-4e18-a9e4-f6e02e414ef3,false,,3,,,Default,One per quote line,,,,Quantity,,false,,,,,,,,,,false,,,false,,,1.0,false,,,,false,false,false,false,,false,false,false,false,false,false,false,false,,Click,false,false,,false,List,,true,,false,,,,List,,,,,,Renewable,,false,,,,,,,
,,,,,b923622d-261b-4e18-a9e4-f6e02e414ef3,false,,3,,,Default,One per quote line,,,,Quantity,,false,,,,,,,,,,false,,,false,,,1.0,false,,,,false,false,false,false,,false,false,false,false,false,false,false,false,,Click,false,false,,false,List,,true,,false,,,,List,,,,,,Renewable,,false,,,,,,,
,,,,,b923622d-261b-4e18-a9e4-f6e02e414ef3,false,,3,,,Default,One per quote line,,,,Quantity,,false,,,,,,,,,,false,,,false,,,1.0,false,,,,false,false,false,false,,false,false,false,false,false,false,false,false,,Click,false,false,,false,List,,true,,false,,,,List,,,,,,Renewable,,false,,,,,,,
,,,,,b923622d-261b-4e18-a9e4-f6e02e414ef3,false,,3,,,Default,One per quote line,,,,Quantity,,false,,,,,,,,,,false,,,false,,,1.0,false,,,,false,false,false,false,,false,false,false,false,false,false,false,false,,Click,false,false,,false,List,,true,,false,,,,List,,,,,,Renewable,,false,,,,,,,
,,,,,b923622d-261b-4e18-a9e4-f6e02e414ef3,false,,3,,,Default,One per quote line,,,,Quantity,,false,,,,,,,,,,false,,,false,,,1.0,false,,,,false,false,false,false,,false,false,false,false,false,false,false,false,,Click,false,false,,false,List,,true,,false,,,,List,,,,,,Renewable,,false,,,,,,,
,,,,,b923622d-261b-4e18-a9e4-f6e02e414ef3,false,,3,,,Default,One per quote line,,,,Quantity,,false,,,,,,,,,,false,,,false,,,1.0,false,,,,false,false,false,false,,false,false,false,false,false,false,false,false,,Click,false,false,,false,List,,true,,false,,,,List,,,,,,Renewable,,false,,,,,,,
,,,,,b923622d-261b-4e18-a9e4-f6e02e414ef3,false,,3,,,Default,One per quote line,,,,Quantity,,false,,,,,,,,,,false,,,false,,,1.0,false,,,,false,false,false,false,,false,false,false,false,false,false,false,false,,Click,false,false,,false,List,,true,,false,,,,List,,,,,,Renewable,,false,,,,,,,
,,,,,b923622d-261b-4e18-a9e4-f6e02e414ef3,false,,3,,,Default,One per quote line,,,,Quantity,,false,,,,,,,,,,false,,,false,,,1.0,false,,,,false,false,false,false,,false,false,false,false,false,false,false,false,,Click,false,false,,false,List,,true,,false,,,,List,,,,,,Renewable,,false,,,,,,,
,,,,,b923622d-261b-4e18-a9e4-f6e02e414ef3,false,,3,,,Default,One per quote line,,,,Quantity,,false,,,,,,,,,,false,,,false,,,1.0,false,,,,false,false,false,false,,false,false,false,false,false,false,false,false,,Click,false,false,,false,List,,true,,false,,,,List,,,,,,Renewable,,false,,,,,,,
,,,,,b923622d-261b-4e18-a9e4-f6e02e414ef3,false,,3,,,Default,One per quote line,,,,Quantity,,false,,,,,,,,,,false,,,false,,,1.0,false,,,,false,false,false,false,,false,false,false,false,false,false,false,false,,Click,false,false,,false,List,,true,,false,,,,List,,,,,,Renewable,,false,,,,,,,
,,,,,b923622d-261b-4e18-a9e4-f6e02e414ef3,false,,3,,,Default,One per quote line,,,,Quantity,,false,,,,,,,,,,false,,,false,,,1.0,false,,,,false,false,false,false,,false,false,false,false,false,false,false,false,,Click,false,false,,false,List,,true,,false,,,,List,,,,,,Renewable,,false,,,,,,,
,,,,,b923622d-261b-4e18-a9e4-f6e02e414ef3,false,,3,,,Default,One per quote line,,,,Quantity,,false,,,,,,,,,,false,,,false,,,1.0,false,,,,false,false,false,false,,false,false,false,false,false,false,false,false,,Click,false,false,,false,List,,true,,false,,,,List,,,,,,Renewable,,false,,,,,,,
,,,,,b923622d-261b-4e18-a9e4-f6e02e414ef3,false,,3,,,Default,One per quote line,,,,Quantity,,false,,,,,,,,,,false,,,false,,,1.0,false,,,,false,false,false,false,,false,false,false,false,false,false,false,false,,Click,false,false,,false,List,,true,,false,,,,List,,,,,,Renewable,,false,,,,,,,
,,,,,b923622d-261b-4e18-a9e4-f6e02e414ef3,false,,3,,,Default,One per quote line,,,,Quantity,,false,,,,,,,,,,false,,,false,,,1.0,false,,,,false,false,false,false,,false,false,false,false,false,false,false,false,,Click,false,false,,false,List,,true,,false,,,,List,,,,,,Renewable,,false,,,,,,,
,,,,,b923622d-261b-4e18-a9e4-f6e02e414ef3,false,,3,,,Default,One per quote line,,,,Quantity,,false,,,,,,,,,,false,,,false,,,1.0,false,,,,false,false,false,false,,false,false,false,false,false,false,false,false,,Click,false,false,,false,List,,true,,false,,,,List,,,,,,Renewable,,false,,,,,,,
,,,,,b923622d-261b-4e18-a9e4-f6e02e414ef3,false,,3,,,Default,One per quote line,,,,Quantity,,false,,,,,,,,,,false,,,false,,,1.0,false,,,,false,false,false,false,,false,false,false,false,false,false,false,false,,Click,false,false,,false,List,,true,,false,,,,List,,,,,,Renewable,,false,,,,,,,
,,,,,b923622d-261b-4e18-a9e4-f6e02e414ef3,false,,3,,,Default,One per quote line,,,,Quantity,,false,,,,,,,,,,false,,,false,,,1.0,false,,,,false,false,false,false,,false,false,false,false,false,false,false,false,,Click,false,false,,false,List,,true,,false,,,,List,,,,,,Renewable,,false,,,,,,,
,,,,,b923622d-261b-4e18-a9e4-f6e02e414ef3,false,,3,,,Default,One per quote line,,,,Quantity,,false,,,,,,,,,,false,,,false,,,1.0,false,,,,false,false,false,false,,false,false,false,false,false,false,false,false,,Click,false,false,,false,List,,true,,false,,,,List,,,,,,Renewable,,false,,,,,,,
,,,,,b923622d-261b-4e18-a9e4-f6e02e414ef3,false,,3,,,Default,One per quote line,,,,Quantity,,false,,,,,,,,,,false,,,false,,,1.0,false,,,,false,false,false,false,,false,false,false,false,false,false,false,false,,Click,false,false,,false,List,,true,,false,,,,List,,,,,,Renewable,,false,,,,,,,
,,,,,b923622d-261b-4e18-a9e4-f6e02e414ef3,false,,3,,,Default,One per quote line,,,,Quantity,,false,,,,,,,,,,false,,,false,,,1.0,false,,,,false,false,false,false,,false,false,false,false,false,false,false,false,,Click,false,false,,false,List,,true,,false,,,,List,,,,,,Renewable,,false,,,,,,,
,,,,,b923622d-261b-4e18-a9e4-f6e02e414ef3,false,,3,,,Default,One per quote line,,,,Quantity,,false,,,,,,,,,,false,,,false,,,1.0,false,,,,false,false,false,false,,false,false,false,false,false,false,false,false,,Click,false,false,,false,List,,true,,false,,,,List,,,,,,Renewable,,false,,,,,,,
,,,,,b923622d-261b-4e18-a9e4-f6e02e414ef3,false,,3,,,Default,One per quote line,,,,Quantity,,false,,,,,,,,,,false,,,false,,,1.0,false,,,,false,false,false,false,,false,false,false,false,false,false,false,false,,Click,false,false,,false,List,,true,,false,,,,List,,,,,,Renewable,,false,,,,,,,
,,,,,b923622d-261b-4e18-a9e4-f6e02e414ef3,false,,3,,,Default,One per quote line,,,,Quantity,,false,,,,,,,,,,false,,,false,,,1.0,false,,,,false,false,false,false,,false,false,false,false,false,false,false,false,,Click,false,false,,false,List,,true,,false,,,,List,,,,,,Renewable,,false,,,,,,,
,,,,,b923622d-261b-4e18-a9e4-f6e02e414ef3,false,,3,,,Default,One per quote line,,,,Quantity,,false,,,,,,,,,,false,,,false,,,1.0,false,,,,false,false,false,false,,false,false,false,false,false,false,false,false,,Click,false,false,,false,List,,true,,false,,,,List,,,,,,Renewable,,false,,,,,,,
,,,,,b923622d-261b-4e18-a9e4-f6e02e414ef3,false,,3,,,Default,One per quote line,,,,Quantity,,false,,,,,,,,,,false,,,false,,,1.0,false,,,,false,false,false,false,,false,false,false,false,false,false,false,false,,Click,false,false,,false,List,,true,,false,,,,List,,,,,,Renewable,,false,,,,,,,
,,,,,b923622d-261b-4e18-a9e4-f6e02e414ef3,false,,3,,,Default,One per quote line,,,,Quantity,,false,,,,,,,,,,false,,,false,,,1.0,false,,,,false,false,false,false,,false,false,false,false,false,false,false,false,,Click,false,false,,false,List,,true,,false,,,,List,,,,,,Renewable,,false,,,,,,,
,,,,,b923622d-261b-4e18-a9e4-f6e02e414ef3,false,,3,,,Default,One per quote line,,,,Quantity,,false,,,,,,,,,,false,,,false,,,1.0,false,,,,false,false,false,false,,false,false,false,false,false,false,false,false,,Click,false,false,,false,List,,true,,false,,,,List,,,,,,Renewable,,false,,,,,,,
,,,,,b923622d-261b-4e18-a9e4-f6e02e414ef3,false,,3,,,Default,One per quote line,,,,Quantity,,false,,,,,,,,,,false,,,false,,,1.0,false,,,,false,false,false,false,,false,false,false,false,false,false,false,false,,Click,false,false,,false,List,,true,,false,,,,List,,,,,,Renewable,,false,,,,,,,
,,,,,b923622d-261b-4e18-a9e4-f6e02e414ef3,false,,3,,,Default,One per quote line,,,,Quantity,,false,,,,,,,,,,false,,,false,,,1.0,false,,,,false,false,false,false,,false,false,false,false,false,false,false,false,,Click,false,false,,false,List,,true,,false,,,,List,,,,,,Renewable,,false,,,,,,,
,,,,,b923622d-261b-4e18-a9e4-f6e02e414ef3,false,,3,,,Default,One per quote line,,,,Quantity,,false,,,,,,,,,,false,,,false,,,1.0,false,,,,false,false,false,false,,false,false,false,false,false,false,false,false,,Click,false,false,,false,List,,true,,false,,,,List,,,,,,Renewable,,false,,,,,,,
,,,,,b923622d-261b-4e18-a9e4-f6e02e414ef3,false,,3,,,Default,One per quote line,,,,Quantity,,false,,,,,,,,,,false,,,false,,,1.0,false,,,,false,false,false,false,,false,false,false,false,false,false,false,false,,Click,false,false,,false,List,,true,,false,,,,List,,,,,,Renewable,,false,,,,,,,
,,,,,b923622d-261b-4e18-a9e4-f6e02e414ef3,false,,3,,,Default,One per quote line,,,,Quantity,,false,,,,,,,,,,false,,,false,,,1.0,false,,,,false,false,false,false,,false,false,false,false,false,false,false,false,,Click,false,false,,false,List,,true,,false,,,,List,,,,,,Renewable,,false,,,,,,,
,,,,,b923622d-261b-4e18-a9e4-f6e02e414ef3,false,,3,,,Default,One per quote line,,,,Quantity,,false,,,,,,,,,,false,,,false,,,1.0,false,,,,false,false,false,false,,false,false,false,false,false,false,false,false,,Click,false,false,,false,List,,true,,false,,,,List,,,,,,Renewable,,false,,,,,,,
,,,,,b923622d-261b-4e18-a9e4-f6e02e414ef3,false,,3,,,Default,One per quote line,,,,Quantity,,false,,,,,,,,,,false,,,false,,,1.0,false,,,,false,false,false,false,,false,false,false,false,false,false,false,false,,Click,false,false,,false,List,,true,,false,,,,List,,,,,,Renewable,,false,,,,,,,
,,,,,b923622d-261b-4e18-a9e4-f6e02e414ef3,false,,3,,,Default,One per quote line,,,,Quantity,,false,,,,,,,,,,false,,,false,,,1.0,false,,,,false,false,false,false,,false,false,false,false,false,false,false,false,,Click,false,false,,false,List,,true,,false,,,,List,,,,,,Renewable,,false,,,,,,,
,,,,,b923622d-261b-4e18-a9e4-f6e02e414ef3,false,,3,,,Default,One per quote line,,,,Quantity,,false,,,,,,,,,,false,,,false,,,1.0,false,,,,false,false,false,false,,false,false,false,false,false,false,false,false,,Click,false,false,,false,List,,true,,false,,,,List,,,,,,Renewable,,false,,,,,,,
,,,,,b923622d-261b-4e18-a9e4-f6e02e414ef3,false,,3,,,Default,One per quote line,,,,Quantity,,false,,,,,,,,,,false,,,false,,,1.0,false,,,,false,false,false,false,,false,false,false,false,false,false,false,false,,Click,false,false,,false,List,,true,,false,,,,List,,,,,,Renewable,,false,,,,,,,
,,,,,b923622d-261b-4e18-a9e4-f6e02e414ef3,false,,3,,,Default,One per quote line,,,,Quantity,,false,,,,,,,,,,false,,,false,,,1.0,false,,,,false,false,false,false,,false,false,false,false,false,false,false,false,,Click,false,false,,false,List,,true,,false,,,,List,,,,,,Renewable,,false,,,,,,,
,,,,,94ced9b3-8379-4bc3-a387-a2e2d31893d0,false,,myProduct1_edit 2,,,Default,One per quote line,,,,Quantity,,false,10.0,Always,,,,Required,,,,false,,,false,Always,,1.0,false,,,List price is minimum,false,false,false,false,,false,false,false,false,false,false,false,false,,Add,false,false,,true,Cost,,true,,false,,,,List,,,,,,Renewable,,false,Line,,,,,,
,,,,,94ced9b3-8379-4bc3-a387-a2e2d31893d0,false,,myProduct1_edit 2,,,Default,One per quote line,,,,Quantity,,false,10.0,Always,,,,Required,,,,false,,,false,Always,,1.0,false,,,List price is minimum,false,false,false,false,,false,false,false,false,false,false,false,false,,Add,false,false,,true,Cost,,true,,false,,,,List,,,,,,Renewable,,false,Line,,,,,,
,,,,,94ced9b3-8379-4bc3-a387-a2e2d31893d0,false,,myProduct1_edit 2,,,Default,One per quote line,,,,Quantity,,false,10.0,Always,,,,Required,,,,false,,,false,Always,,1.0,false,,,List price is minimum,false,false,false,false,,false,false,false,false,false,false,false,false,,Add,false,false,,true,Cost,,true,,false,,,,List,,,,,,Renewable,,false,Line,,,,,,
,,,,,94ced9b3-8379-4bc3-a387-a2e2d31893d0,false,,myProduct1_edit 2,,,Default,One per quote line,,,,Quantity,,false,10.0,Always,,,,Required,,,,false,,,false,Always,,1.0,false,,,List price is minimum,false,false,false,false,,false,false,false,false,false,false,false,false,,Add,false,false,,true,Cost,,true,,false,,,,List,,,,,,Renewable,,false,Line,,,,,,
,,,,,94ced9b3-8379-4bc3-a387-a2e2d31893d0,false,,myProduct1_edit 2,,,Default,One per quote line,,,,Quantity,,false,10.0,Always,,,,Required,,,,false,,,false,Always,,1.0,false,,,List price is minimum,false,false,false,false,,false,false,false,false,false,false,false,false,,Add,false,false,,true,Cost,,true,,false,,,,List,,,,,,Renewable,,false,Line,,,,,,
,,,,,94ced9b3-8379-4bc3-a387-a2e2d31893d0,false,,myProduct1_edit 2,,,Default,One per quote line,,,,Quantity,,false,10.0,Always,,,,Required,,,,false,,,false,Always,,1.0,false,,,List price is minimum,false,false,false,false,,false,false,false,false,false,false,false,false,,Add,false,false,,true,Cost,,true,,false,,,,List,,,,,,Renewable,,false,Line,,,,,,
,,,,,94ced9b3-8379-4bc3-a387-a2e2d31893d0,false,,myProduct1_edit 2,,,Default,One per quote line,,,,Quantity,,false,10.0,Always,,,,Required,,,,false,,,false,Always,,1.0,false,,,List price is minimum,false,false,false,false,,false,false,false,false,false,false,false,false,,Add,false,false,,true,Cost,,true,,false,,,,List,,,,,,Renewable,,false,Line,,,,,,
,,,,,94ced9b3-8379-4bc3-a387-a2e2d31893d0,false,,myProduct1_edit 2,,,Default,One per quote line,,,,Quantity,,false,10.0,Always,,,,Required,,,,false,,,false,Always,,1.0,false,,,List price is minimum,false,false,false,false,,false,false,false,false,false,false,false,false,,Add,false,false,,true,Cost,,true,,false,,,,List,,,,,,Renewable,,false,Line,,,,,,
,,,,,94ced9b3-8379-4bc3-a387-a2e2d31893d0,false,,myProduct1_edit 2,,,Default,One per quote line,,,,Quantity,,false,10.0,Always,,,,Required,,,,false,,,false,Always,,1.0,false,,,List price is minimum,false,false,false,false,,false,false,false,false,false,false,false,false,,Add,false,false,,true,Cost,,true,,false,,,,List,,,,,,Renewable,,false,Line,,,,,,
,,,,,94ced9b3-8379-4bc3-a387-a2e2d31893d0,false,,myProduct1_edit 2,,,Default,One per quote line,,,,Quantity,,false,10.0,Always,,,,Required,,,,false,,,false,Always,,1.0,false,,,List price is minimum,false,false,false,false,,false,false,false,false,false,false,false,false,,Add,false,false,,true,Cost,,true,,false,,,,List,,,,,,Renewable,,false,Line,,,,,,
,,,,,94ced9b3-8379-4bc3-a387-a2e2d31893d0,false,,myProduct1_edit 2,,,Default,One per quote line,,,,Quantity,,false,10.0,Always,,,,Required,,,,false,,,false,Always,,1.0,false,,,List price is minimum,false,false,false,false,,false,false,false,false,false,false,false,false,,Add,false,false,,true,Cost,,true,,false,,,,List,,,,,,Renewable,,false,Line,,,,,,
,,,,,94ced9b3-8379-4bc3-a387-a2e2d31893d0,false,,myProduct1_edit 2,,,Default,One per quote line,,,,Quantity,,false,10.0,Always,,,,Required,,,,false,,,false,Always,,1.0,false,,,List price is minimum,false,false,false,false,,false,false,false,false,false,false,false,false,,Add,false,false,,true,Cost,,true,,false,,,,List,,,,,,Renewable,,false,Line,,,,,,
,,,,,94ced9b3-8379-4bc3-a387-a2e2d31893d0,false,,myProduct1_edit 2,,,Default,One per quote line,,,,Quantity,,false,10.0,Always,,,,Required,,,,false,,,false,Always,,1.0,false,,,List price is minimum,false,false,false,false,,false,false,false,false,false,false,false,false,,Add,false,false,,true,Cost,,true,,false,,,,List,,,,,,Renewable,,false,Line,,,,,,
,,,,,94ced9b3-8379-4bc3-a387-a2e2d31893d0,false,,myProduct1_edit 2,,,Default,One per quote line,,,,Quantity,,false,10.0,Always,,,,Required,,,,false,,,false,Always,,1.0,false,,,List price is minimum,false,false,false,false,,false,false,false,false,false,false,false,false,,Add,false,false,,true,Cost,,true,,false,,,,List,,,,,,Renewable,,false,Line,,,,,,
,,,,,94ced9b3-8379-4bc3-a387-a2e2d31893d0,false,,myProduct1_edit 2,,,Default,One per quote line,,,,Quantity,,false,10.0,Always,,,,Required,,,,false,,,false,Always,,1.0,false,,,List price is minimum,false,false,false,false,,false,false,false,false,false,false,false,false,,Add,false,false,,true,Cost,,true,,false,,,,List,,,,,,Renewable,,false,Line,,,,,,
,,,,,94ced9b3-8379-4bc3-a387-a2e2d31893d0,false,,myProduct1_edit 2,,,Default,One per quote line,,,,Quantity,,false,10.0,Always,,,,Required,,,,false,,,false,Always,,1.0,false,,,List price is minimum,false,false,false,false,,false,false,false,false,false,false,false,false,,Add,false,false,,true,Cost,,true,,false,,,,List,,,,,,Renewable,,false,Line,,,,,,
,,,,,94ced9b3-8379-4bc3-a387-a2e2d31893d0,false,,myProduct1_edit 2,,,Default,One per quote line,,,,Quantity,,false,10.0,Always,,,,Required,,,,false,,,false,Always,,1.0,false,,,List price is minimum,false,false,false,false,,false,false,false,false,false,false,false,false,,Add,false,false,,true,Cost,,true,,false,,,,List,,,,,,Renewable,,false,Line,,,,,,
,,,,,94ced9b3-8379-4bc3-a387-a2e2d31893d0,false,,myProduct1_edit 2,,,Default,One per quote line,,,,Quantity,,false,10.0,Always,,,,Required,,,,false,,,false,Always,,1.0,false,,,List price is minimum,false,false,false,false,,false,false,false,false,false,false,false,false,,Add,false,false,,true,Cost,,true,,false,,,,List,,,,,,Renewable,,false,Line,,,,,,
,,,,,94ced9b3-8379-4bc3-a387-a2e2d31893d0,false,,myProduct1_edit 2,,,Default,One per quote line,,,,Quantity,,false,10.0,Always,,,,Required,,,,false,,,false,Always,,1.0,false,,,List price is minimum,false,false,false,false,,false,false,false,false,false,false,false,false,,Add,false,false,,true,Cost,,true,,false,,,,List,,,,,,Renewable,,false,Line,,,,,,
,,,,,94ced9b3-8379-4bc3-a387-a2e2d31893d0,false,,myProduct1_edit 2,,,Default,One per quote line,,,,Quantity,,false,10.0,Always,,,,Required,,,,false,,,false,Always,,1.0,false,,,List price is minimum,false,false,false,false,,false,false,false,false,false,false,false,false,,Add,false,false,,true,Cost,,true,,false,,,,List,,,,,,Renewable,,false,Line,,,,,,
,,,,,94ced9b3-8379-4bc3-a387-a2e2d31893d0,false,,myProduct1_edit 2,,,Default,One per quote line,,,,Quantity,,false,10.0,Always,,,,Required,,,,false,,,false,Always,,1.0,false,,,List price is minimum,false,false,false,false,,false,false,false,false,false,false,false,false,,Add,false,false,,true,Cost,,true,,false,,,,List,,,,,,Renewable,,false,Line,,,,,,
,,,,,94ced9b3-8379-4bc3-a387-a2e2d31893d0,false,,myProduct1_edit 2,,,Default,One per quote line,,,,Quantity,,false,10.0,Always,,,,Required,,,,false,,,false,Always,,1.0,false,,,List price is minimum,false,false,false,false,,false,false,false,false,false,false,false,false,,Add,false,false,,true,Cost,,true,,false,,,,List,,,,,,Renewable,,false,Line,,,,,,
,,,,,94ced9b3-8379-4bc3-a387-a2e2d31893d0,false,,myProduct1_edit 2,,,Default,One per quote line,,,,Quantity,,false,10.0,Always,,,,Required,,,,false,,,false,Always,,1.0,false,,,List price is minimum,false,false,false,false,,false,false,false,false,false,false,false,false,,Add,false,false,,true,Cost,,true,,false,,,,List,,,,,,Renewable,,false,Line,,,,,,
,,,,,94ced9b3-8379-4bc3-a387-a2e2d31893d0,false,,myProduct1_edit 2,,,Default,One per quote line,,,,Quantity,,false,10.0,Always,,,,Required,,,,false,,,false,Always,,1.0,false,,,List price is minimum,false,false,false,false,,false,false,false,false,false,false,false,false,,Add,false,false,,true,Cost,,true,,false,,,,List,,,,,,Renewable,,false,Line,,,,,,
,,,,,94ced9b3-8379-4bc3-a387-a2e2d31893d0,false,,myProduct1_edit 2,,,Default,One per quote line,,,,Quantity,,false,10.0,Always,,,,Required,,,,false,,,false,Always,,1.0,false,,,List price is minimum,false,false,false,false,,false,false,false,false,false,false,false,false,,Add,false,false,,true,Cost,,true,,false,,,,List,,,,,,Renewable,,false,Line,,,,,,
,,,,,94ced9b3-8379-4bc3-a387-a2e2d31893d0,false,,myProduct1_edit 2,,,Default,One per quote line,,,,Quantity,,false,10.0,Always,,,,Required,,,,false,,,false,Always,,1.0,false,,,List price is minimum,false,false,false,false,,false,false,false,false,false,false,false,false,,Add,false,false,,true,Cost,,true,,false,,,,List,,,,,,Renewable,,false,Line,,,,,,
,,,,,94ced9b3-8379-4bc3-a387-a2e2d31893d0,false,,myProduct1_edit 2,,,Default,One per quote line,,,,Quantity,,false,10.0,Always,,,,Required,,,,false,,,false,Always,,1.0,false,,,List price is minimum,false,false,false,false,,false,false,false,false,false,false,false,false,,Add,false,false,,true,Cost,,true,,false,,,,List,,,,,,Renewable,,false,Line,,,,,,
,,,,,94ced9b3-8379-4bc3-a387-a2e2d31893d0,false,,myProduct1_edit 2,,,Default,One per quote line,,,,Quantity,,false,10.0,Always,,,,Required,,,,false,,,false,Always,,1.0,false,,,List price is minimum,false,false,false,false,,false,false,false,false,false,false,false,false,,Add,false,false,,true,Cost,,true,,false,,,,List,,,,,,Renewable,,false,Line,,,,,,
,,,,,94ced9b3-8379-4bc3-a387-a2e2d31893d0,false,,myProduct1_edit 2,,,Default,One per quote line,,,,Quantity,,false,10.0,Always,,,,Required,,,,false,,,false,Always,,1.0,false,,,List price is minimum,false,false,false,false,,false,false,false,false,false,false,false,false,,Add,false,false,,true,Cost,,true,,false,,,,List,,,,,,Renewable,,false,Line,,,,,,
,,,,,94ced9b3-8379-4bc3-a387-a2e2d31893d0,false,,myProduct1_edit 2,,,Default,One per quote line,,,,Quantity,,false,10.0,Always,,,,Required,,,,false,,,false,Always,,1.0,false,,,List price is minimum,false,false,false,false,,false,false,false,false,false,false,false,false,,Add,false,false,,true,Cost,,true,,false,,,,List,,,,,,Renewable,,false,Line,,,,,,
,,,,,94ced9b3-8379-4bc3-a387-a2e2d31893d0,false,,myProduct1_edit 2,,,Default,One per quote line,,,,Quantity,,false,10.0,Always,,,,Required,,,,false,,,false,Always,,1.0,false,,,List price is minimum,false,false,false,false,,false,false,false,false,false,false,false,false,,Add,false,false,,true,Cost,,true,,false,,,,List,,,,,,Renewable,,false,Line,,,,,,
,,,,,94ced9b3-8379-4bc3-a387-a2e2d31893d0,false,,myProduct1_edit 2,,,Default,One per quote line,,,,Quantity,,false,10.0,Always,,,,Required,,,,false,,,false,Always,,1.0,false,,,List price is minimum,false,false,false,false,,false,false,false,false,false,false,false,false,,Add,false,false,,true,Cost,,true,,false,,,,List,,,,,,Renewable,,false,Line,,,,,,
,,,,,94ced9b3-8379-4bc3-a387-a2e2d31893d0,false,,myProduct1_edit 2,,,Default,One per quote line,,,,Quantity,,false,10.0,Always,,,,Required,,,,false,,,false,Always,,1.0,false,,,List price is minimum,false,false,false,false,,false,false,false,false,false,false,false,false,,Add,false,false,,true,Cost,,true,,false,,,,List,,,,,,Renewable,,false,Line,,,,,,
,,,,,94ced9b3-8379-4bc3-a387-a2e2d31893d0,false,,myProduct1_edit 2,,,Default,One per quote line,,,,Quantity,,false,10.0,Always,,,,Required,,,,false,,,false,Always,,1.0,false,,,List price is minimum,false,false,false,false,,false,false,false,false,false,false,false,false,,Add,false,false,,true,Cost,,true,,false,,,,List,,,,,,Renewable,,false,Line,,,,,,
,,,,,94ced9b3-8379-4bc3-a387-a2e2d31893d0,false,,myProduct1_edit 2,,,Default,One per quote line,,,,Quantity,,false,10.0,Always,,,,Required,,,,false,,,false,Always,,1.0,false,,,List price is minimum,false,false,false,false,,false,false,false,false,false,false,false,false,,Add,false,false,,true,Cost,,true,,false,,,,List,,,,,,Renewable,,false,Line,,,,,,
,,,,,94ced9b3-8379-4bc3-a387-a2e2d31893d0,false,,myProduct1_edit 2,,,Default,One per quote line,,,,Quantity,,false,10.0,Always,,,,Required,,,,false,,,false,Always,,1.0,false,,,List price is minimum,false,false,false,false,,false,false,false,false,false,false,false,false,,Add,false,false,,true,Cost,,true,,false,,,,List,,,,,,Renewable,,false,Line,,,,,,
,,,,,94ced9b3-8379-4bc3-a387-a2e2d31893d0,false,,myProduct1_edit 2,,,Default,One per quote line,,,,Quantity,,false,10.0,Always,,,,Required,,,,false,,,false,Always,,1.0,false,,,List price is minimum,false,false,false,false,,false,false,false,false,false,false,false,false,,Add,false,false,,true,Cost,,true,,false,,,,List,,,,,,Renewable,,false,Line,,,,,,
,,,,,94ced9b3-8379-4bc3-a387-a2e2d31893d0,false,,myProduct1_edit 2,,,Default,One per quote line,,,,Quantity,,false,10.0,Always,,,,Required,,,,false,,,false,Always,,1.0,false,,,List price is minimum,false,false,false,false,,false,false,false,false,false,false,false,false,,Add,false,false,,true,Cost,,true,,false,,,,List,,,,,,Renewable,,false,Line,,,,,,
,,,,,94ced9b3-8379-4bc3-a387-a2e2d31893d0,false,,myProduct1_edit 2,,,Default,One per quote line,,,,Quantity,,false,10.0,Always,,,,Required,,,,false,,,false,Always,,1.0,false,,,List price is minimum,false,false,false,false,,false,false,false,false,false,false,false,false,,Add,false,false,,true,Cost,,true,,false,,,,List,,,,,,Renewable,,false,Line,,,,,,
,,,,,94ced9b3-8379-4bc3-a387-a2e2d31893d0,false,,myProduct1_edit 2,,,Default,One per quote line,,,,Quantity,,false,10.0,Always,,,,Required,,,,false,,,false,Always,,1.0,false,,,List price is minimum,false,false,false,false,,false,false,false,false,false,false,false,false,,Add,false,false,,true,Cost,,true,,false,,,,List,,,,,,Renewable,,false,Line,,,,,,
,,,,,94ced9b3-8379-4bc3-a387-a2e2d31893d0,false,,myProduct1_edit 2,,,Default,One per quote line,,,,Quantity,,false,10.0,Always,,,,Required,,,,false,,,false,Always,,1.0,false,,,List price is minimum,false,false,false,false,,false,false,false,false,false,false,false,false,,Add,false,false,,true,Cost,,true,,false,,,,List,,,,,,Renewable,,false,Line,,,,,,
,,,,,94ced9b3-8379-4bc3-a387-a2e2d31893d0,false,,myProduct1_edit 2,,,Default,One per quote line,,,,Quantity,,false,10.0,Always,,,,Required,,,,false,,,false,Always,,1.0,false,,,List price is minimum,false,false,false,false,,false,false,false,false,false,false,false,false,,Add,false,false,,true,Cost,,true,,false,,,,List,,,,,,Renewable,,false,Line,,,,,,
,,,,,94ced9b3-8379-4bc3-a387-a2e2d31893d0,false,,myProduct1_edit 2,,,Default,One per quote line,,,,Quantity,,false,10.0,Always,,,,Required,,,,false,,,false,Always,,1.0,false,,,List price is minimum,false,false,false,false,,false,false,false,false,false,false,false,false,,Add,false,false,,true,Cost,,true,,false,,,,List,,,,,,Renewable,,false,Line,,,,,,
,,,,,94ced9b3-8379-4bc3-a387-a2e2d31893d0,false,,myProduct1_edit 2,,,Default,One per quote line,,,,Quantity,,false,10.0,Always,,,,Required,,,,false,,,false,Always,,1.0,false,,,List price is minimum,false,false,false,false,,false,false,false,false,false,false,false,false,,Add,false,false,,true,Cost,,true,,false,,,,List,,,,,,Renewable,,false,Line,,,,,,
,,,,,94ced9b3-8379-4bc3-a387-a2e2d31893d0,false,,myProduct1_edit 2,,,Default,One per quote line,,,,Quantity,,false,10.0,Always,,,,Required,,,,false,,,false,Always,,1.0,false,,,List price is minimum,false,false,false,false,,false,false,false,false,false,false,false,false,,Add,false,false,,true,Cost,,true,,false,,,,List,,,,,,Renewable,,false,Line,,,,,,
,,,,,94ced9b3-8379-4bc3-a387-a2e2d31893d0,false,,myProduct1_edit 2,,,Default,One per quote line,,,,Quantity,,false,10.0,Always,,,,Required,,,,false,,,false,Always,,1.0,false,,,List price is minimum,false,false,false,false,,false,false,false,false,false,false,false,false,,Add,false,false,,true,Cost,,true,,false,,,,List,,,,,,Renewable,,false,Line,,,,,,
,,,,,94ced9b3-8379-4bc3-a387-a2e2d31893d0,false,,myProduct1_edit 2,,,Default,One per quote line,,,,Quantity,,false,10.0,Always,,,,Required,,,,false,,,false,Always,,1.0,false,,,List price is minimum,false,false,false,false,,false,false,false,false,false,false,false,false,,Add,false,false,,true,Cost,,true,,false,,,,List,,,,,,Renewable,,false,Line,,,,,,
,,,,,94ced9b3-8379-4bc3-a387-a2e2d31893d0,false,,myProduct1_edit 2,,,Default,One per quote line,,,,Quantity,,false,10.0,Always,,,,Required,,,,false,,,false,Always,,1.0,false,,,List price is minimum,false,false,false,false,,false,false,false,false,false,false,false,false,,Add,false,false,,true,Cost,,true,,false,,,,List,,,,,,Renewable,,false,Line,,,,,,
,,,,,94ced9b3-8379-4bc3-a387-a2e2d31893d0,false,,myProduct1_edit 2,,,Default,One per quote line,,,,Quantity,,false,10.0,Always,,,,Required,,,,false,,,false,Always,,1.0,false,,,List price is minimum,false,false,false,false,,false,false,false,false,false,false,false,false,,Add,false,false,,true,Cost,,true,,false,,,,List,,,,,,Renewable,,false,Line,,,,,,
,,,,,c9f97196-2007-4a5e-854a-f0cb1f6ee5b2,false,,mooverTest1,,,Default,One per quote line,,,,Quantity,,false,,,,,,,,,,false,,,false,,,1.0,false,,,,false,false,false,false,,false,false,false,false,false,false,false,false,,Click,false,false,,false,List,,true,,false,,,,List,,,,,,Renewable,,false,,,,,,,
,,,,,c9f97196-2007-4a5e-854a-f0cb1f6ee5b2,false,,mooverTest1,,,Default,One per quote line,,,,Quantity,,false,,,,,,,,,,false,,,false,,,1.0,false,,,,false,false,false,false,,false,false,false,false,false,false,false,false,,Click,false,false,,false,List,,true,,false,,,,List,,,,,,Renewable,,false,,,,,,,
,,,,,c9f97196-2007-4a5e-854a-f0cb1f6ee5b2,false,,mooverTest1,,,Default,One per quote line,,,,Quantity,,false,,,,,,,,,,false,,,false,,,1.0,false,,,,false,false,false,false,,false,false,false,false,false,false,false,false,,Click,false,false,,false,List,,true,,false,,,,List,,,,,,Renewable,,false,,,,,,,
,,,,,c9f97196-2007-4a5e-854a-f0cb1f6ee5b2,false,,mooverTest1,,,Default,One per quote line,,,,Quantity,,false,,,,,,,,,,false,,,false,,,1.0,false,,,,false,false,false,false,,false,false,false,false,false,false,false,false,,Click,false,false,,false,List,,true,,false,,,,List,,,,,,Renewable,,false,,,,,,,
,,,,,c9f97196-2007-4a5e-854a-f0cb1f6ee5b2,false,,mooverTest1,,,Default,One per quote line,,,,Quantity,,false,,,,,,,,,,false,,,false,,,1.0,false,,,,false,false,false,false,,false,false,false,false,false,false,false,false,,Click,false,false,,false,List,,true,,false,,,,List,,,,,,Renewable,,false,,,,,,,
,,,,,c9f97196-2007-4a5e-854a-f0cb1f6ee5b2,false,,mooverTest1,,,Default,One per quote line,,,,Quantity,,false,,,,,,,,,,false,,,false,,,1.0,false,,,,false,false,false,false,,false,false,false,false,false,false,false,false,,Click,false,false,,false,List,,true,,false,,,,List,,,,,,Renewable,,false,,,,,,,
,,,,,c9f97196-2007-4a5e-854a-f0cb1f6ee5b2,false,,mooverTest1,,,Default,One per quote line,,,,Quantity,,false,,,,,,,,,,false,,,false,,,1.0,false,,,,false,false,false,false,,false,false,false,false,false,false,false,false,,Click,false,false,,false,List,,true,,false,,,,List,,,,,,Renewable,,false,,,,,,,
,,,,,c9f97196-2007-4a5e-854a-f0cb1f6ee5b2,false,,mooverTest1,,,Default,One per quote line,,,,Quantity,,false,,,,,,,,,,false,,,false,,,1.0,false,,,,false,false,false,false,,false,false,false,false,false,false,false,false,,Click,false,false,,false,List,,true,,false,,,,List,,,,,,Renewable,,false,,,,,,,
,,,,,c9f97196-2007-4a5e-854a-f0cb1f6ee5b2,false,,mooverTest1,,,Default,One per quote line,,,,Quantity,,false,,,,,,,,,,false,,,false,,,1.0,false,,,,false,false,false,false,,false,false,false,false,false,false,false,false,,Click,false,false,,false,List,,true,,false,,,,List,,,,,,Renewable,,false,,,,,,,
,,,,,c9f97196-2007-4a5e-854a-f0cb1f6ee5b2,false,,mooverTest1,,,Default,One per quote line,,,,Quantity,,false,,,,,,,,,,false,,,false,,,1.0,false,,,,false,false,false,false,,false,false,false,false,false,false,false,false,,Click,false,false,,false,List,,true,,false,,,,List,,,,,,Renewable,,false,,,,,,,
,,,,,c9f97196-2007-4a5e-854a-f0cb1f6ee5b2,false,,mooverTest1,,,Default,One per quote line,,,,Quantity,,false,,,,,,,,,,false,,,false,,,1.0,false,,,,false,false,false,false,,false,false,false,false,false,false,false,false,,Click,false,false,,false,List,,true,,false,,,,List,,,,,,Renewable,,false,,,,,,,
,,,,,c9f97196-2007-4a5e-854a-f0cb1f6ee5b2,false,,mooverTest1,,,Default,One per quote line,,,,Quantity,,false,,,,,,,,,,false,,,false,,,1.0,false,,,,false,false,false,false,,false,false,false,false,false,false,false,false,,Click,false,false,,false,List,,true,,false,,,,List,,,,,,Renewable,,false,,,,,,,
,,,,,c9f97196-2007-4a5e-854a-f0cb1f6ee5b2,false,,mooverTest1,,,Default,One per quote line,,,,Quantity,,false,,,,,,,,,,false,,,false,,,1.0,false,,,,false,false,false,false,,false,false,false,false,false,false,false,false,,Click,false,false,,false,List,,true,,false,,,,List,,,,,,Renewable,,false,,,,,,,
,,,,,c9f97196-2007-4a5e-854a-f0cb1f6ee5b2,false,,mooverTest1,,,Default,One per quote line,,,,Quantity,,false,,,,,,,,,,false,,,false,,,1.0,false,,,,false,false,false,false,,false,false,false,false,false,false,false,false,,Click,false,false,,false,List,,true,,false,,,,List,,,,,,Renewable,,false,,,,,,,
,,,,,c9f97196-2007-4a5e-854a-f0cb1f6ee5b2,false,,mooverTest1,,,Default,One per quote line,,,,Quantity,,false,,,,,,,,,,false,,,false,,,1.0,false,,,,false,false,false,false,,false,false,false,false,false,false,false,false,,Click,false,false,,false,List,,true,,false,,,,List,,,,,,Renewable,,false,,,,,,,
,,,,,c9f97196-2007-4a5e-854a-f0cb1f6ee5b2,false,,mooverTest1,,,Default,One per quote line,,,,Quantity,,false,,,,,,,,,,false,,,false,,,1.0,false,,,,false,false,false,false,,false,false,false,false,false,false,false,false,,Click,false,false,,false,List,,true,,false,,,,List,,,,,,Renewable,,false,,,,,,,
,,,,,c9f97196-2007-4a5e-854a-f0cb1f6ee5b2,false,,mooverTest1,,,Default,One per quote line,,,,Quantity,,false,,,,,,,,,,false,,,false,,,1.0,false,,,,false,false,false,false,,false,false,false,false,false,false,false,false,,Click,false,false,,false,List,,true,,false,,,,List,,,,,,Renewable,,false,,,,,,,
,,,,,c9f97196-2007-4a5e-854a-f0cb1f6ee5b2,false,,mooverTest1,,,Default,One per quote line,,,,Quantity,,false,,,,,,,,,,false,,,false,,,1.0,false,,,,false,false,false,false,,false,false,false,false,false,false,false,false,,Click,false,false,,false,List,,true,,false,,,,List,,,,,,Renewable,,false,,,,,,,
,,,,,c9f97196-2007-4a5e-854a-f0cb1f6ee5b2,false,,mooverTest1,,,Default,One per quote line,,,,Quantity,,false,,,,,,,,,,false,,,false,,,1.0,false,,,,false,false,false,false,,false,false,false,false,false,false,false,false,,Click,false,false,,false,List,,true,,false,,,,List,,,,,,Renewable,,false,,,,,,,
,,,,,c9f97196-2007-4a5e-854a-f0cb1f6ee5b2,false,,mooverTest1,,,Default,One per quote line,,,,Quantity,,false,,,,,,,,,,false,,,false,,,1.0,false,,,,false,false,false,false,,false,false,false,false,false,false,false,false,,Click,false,false,,false,List,,true,,false,,,,List,,,,,,Renewable,,false,,,,,,,
,,,,,c9f97196-2007-4a5e-854a-f0cb1f6ee5b2,false,,mooverTest1,,,Default,One per quote line,,,,Quantity,,false,,,,,,,,,,false,,,false,,,1.0,false,,,,false,false,false,false,,false,false,false,false,false,false,false,false,,Click,false,false,,false,List,,true,,false,,,,List,,,,,,Renewable,,false,,,,,,,
,,,,,c9f97196-2007-4a5e-854a-f0cb1f6ee5b2,false,,mooverTest1,,,Default,One per quote line,,,,Quantity,,false,,,,,,,,,,false,,,false,,,1.0,false,,,,false,false,false,false,,false,false,false,false,false,false,false,false,,Click,false,false,,false,List,,true,,false,,,,List,,,,,,Renewable,,false,,,,,,,
,,,,,c9f97196-2007-4a5e-854a-f0cb1f6ee5b2,false,,mooverTest1,,,Default,One per quote line,,,,Quantity,,false,,,,,,,,,,false,,,false,,,1.0,false,,,,false,false,false,false,,false,false,false,false,false,false,false,false,,Click,false,false,,false,List,,true,,false,,,,List,,,,,,Renewable,,false,,,,,,,
,,,,,c9f97196-2007-4a5e-854a-f0cb1f6ee5b2,false,,mooverTest1,,,Default,One per quote line,,,,Quantity,,false,,,,,,,,,,false,,,false,,,1.0,false,,,,false,false,false,false,,false,false,false,false,false,false,false,false,,Click,false,false,,false,List,,true,,false,,,,List,,,,,,Renewable,,false,,,,,,,
,,,,,c9f97196-2007-4a5e-854a-f0cb1f6ee5b2,false,,mooverTest1,,,Default,One per quote line,,,,Quantity,,false,,,,,,,,,,false,,,false,,,1.0,false,,,,false,false,false,false,,false,false,false,false,false,false,false,false,,Click,false,false,,false,List,,true,,false,,,,List,,,,,,Renewable,,false,,,,,,,
,,,,,c9f97196-2007-4a5e-854a-f0cb1f6ee5b2,false,,mooverTest1,,,Default,One per quote line,,,,Quantity,,false,,,,,,,,,,false,,,false,,,1.0,false,,,,false,false,false,false,,false,false,false,false,false,false,false,false,,Click,false,false,,false,List,,true,,false,,,,List,,,,,,Renewable,,false,,,,,,,
,,,,,c9f97196-2007-4a5e-854a-f0cb1f6ee5b2,false,,mooverTest1,,,Default,One per quote line,,,,Quantity,,false,,,,,,,,,,false,,,false,,,1.0,false,,,,false,false,false,false,,false,false,false,false,false,false,false,false,,Click,false,false,,false,List,,true,,false,,,,List,,,,,,Renewable,,false,,,,,,,
,,,,,c9f97196-2007-4a5e-854a-f0cb1f6ee5b2,false,,mooverTest1,,,Default,One per quote line,,,,Quantity,,false,,,,,,,,,,false,,,false,,,1.0,false,,,,false,false,false,false,,false,false,false,false,false,false,false,false,,Click,false,false,,false,List,,true,,false,,,,List,,,,,,Renewable,,false,,,,,,,
,,,,,c9f97196-2007-4a5e-854a-f0cb1f6ee5b2,false,,mooverTest1,,,Default,One per quote line,,,,Quantity,,false,,,,,,,,,,false,,,false,,,1.0,false,,,,false,false,false,false,,false,false,false,false,false,false,false,false,,Click,false,false,,false,List,,true,,false,,,,List,,,,,,Renewable,,false,,,,,,,
,,,,,c9f97196-2007-4a5e-854a-f0cb1f6ee5b2,false,,mooverTest1,,,Default,One per quote line,,,,Quantity,,false,,,,,,,,,,false,,,false,,,1.0,false,,,,false,false,false,false,,false,false,false,false,false,false,false,false,,Click,false,false,,false,List,,true,,false,,,,List,,,,,,Renewable,,false,,,,,,,
,,,,,c9f97196-2007-4a5e-854a-f0cb1f6ee5b2,false,,mooverTest1,,,Default,One per quote line,,,,Quantity,,false,,,,,,,,,,false,,,false,,,1.0,false,,,,false,false,false,false,,false,false,false,false,false,false,false,false,,Click,false,false,,false,List,,true,,false,,,,List,,,,,,Renewable,,false,,,,,,,
,,,,,c9f97196-2007-4a5e-854a-f0cb1f6ee5b2,false,,mooverTest1,,,Default,One per quote line,,,,Quantity,,false,,,,,,,,,,false,,,false,,,1.0,false,,,,false,false,false,false,,false,false,false,false,false,false,false,false,,Click,false,false,,false,List,,true,,false,,,,List,,,,,,Renewable,,false,,,,,,,
,,,,,c9f97196-2007-4a5e-854a-f0cb1f6ee5b2,false,,mooverTest1,,,Default,One per quote line,,,,Quantity,,false,,,,,,,,,,false,,,false,,,1.0,false,,,,false,false,false,false,,false,false,false,false,false,false,false,false,,Click,false,false,,false,List,,true,,false,,,,List,,,,,,Renewable,,false,,,,,,,
,,,,,c9f97196-2007-4a5e-854a-f0cb1f6ee5b2,false,,mooverTest1,,,Default,One per quote line,,,,Quantity,,false,,,,,,,,,,false,,,false,,,1.0,false,,,,false,false,false,false,,false,false,false,false,false,false,false,false,,Click,false,false,,false,List,,true,,false,,,,List,,,,,,Renewable,,false,,,,,,,
,,,,,c9f97196-2007-4a5e-854a-f0cb1f6ee5b2,false,,mooverTest1,,,Default,One per quote line,,,,Quantity,,false,,,,,,,,,,false,,,false,,,1.0,false,,,,false,false,false,false,,false,false,false,false,false,false,false,false,,Click,false,false,,false,List,,true,,false,,,,List,,,,,,Renewable,,false,,,,,,,
,,,,,c9f97196-2007-4a5e-854a-f0cb1f6ee5b2,false,,mooverTest1,,,Default,One per quote line,,,,Quantity,,false,,,,,,,,,,false,,,false,,,1.0,false,,,,false,false,false,false,,false,false,false,false,false,false,false,false,,Click,false,false,,false,List,,true,,false,,,,List,,,,,,Renewable,,false,,,,,,,
,,,,,c9f97196-2007-4a5e-854a-f0cb1f6ee5b2,false,,mooverTest1,,,Default,One per quote line,,,,Quantity,,false,,,,,,,,,,false,,,false,,,1.0,false,,,,false,false,false,false,,false,false,false,false,false,false,false,false,,Click,false,false,,false,List,,true,,false,,,,List,,,,,,Renewable,,false,,,,,,,
,,,,,c9f97196-2007-4a5e-854a-f0cb1f6ee5b2,false,,mooverTest1,,,Default,One per quote line,,,,Quantity,,false,,,,,,,,,,false,,,false,,,1.0,false,,,,false,false,false,false,,false,false,false,false,false,false,false,false,,Click,false,false,,false,List,,true,,false,,,,List,,,,,,Renewable,,false,,,,,,,
,,,,,c9f97196-2007-4a5e-854a-f0cb1f6ee5b2,false,,mooverTest1,,,Default,One per quote line,,,,Quantity,,false,,,,,,,,,,false,,,false,,,1.0,false,,,,false,false,false,false,,false,false,false,false,false,false,false,false,,Click,false,false,,false,List,,true,,false,,,,List,,,,,,Renewable,,false,,,,,,,
,,,,,c9f97196-2007-4a5e-854a-f0cb1f6ee5b2,false,,mooverTest1,,,Default,One per quote line,,,,Quantity,,false,,,,,,,,,,false,,,false,,,1.0,false,,,,false,false,false,false,,false,false,false,false,false,false,false,false,,Click,false,false,,false,List,,true,,false,,,,List,,,,,,Renewable,,false,,,,,,,
,,,,,c9f97196-2007-4a5e-854a-f0cb1f6ee5b2,false,,mooverTest1,,,Default,One per quote line,,,,Quantity,,false,,,,,,,,,,false,,,false,,,1.0,false,,,,false,false,false,false,,false,false,false,false,false,false,false,false,,Click,false,false,,false,List,,true,,false,,,,List,,,,,,Renewable,,false,,,,,,,
,,,,,c9f97196-2007-4a5e-854a-f0cb1f6ee5b2,false,,mooverTest1,,,Default,One per quote line,,,,Quantity,,false,,,,,,,,,,false,,,false,,,1.0,false,,,,false,false,false,false,,false,false,false,false,false,false,false,false,,Click,false,false,,false,List,,true,,false,,,,List,,,,,,Renewable,,false,,,,,,,
,,,,,c9f97196-2007-4a5e-854a-f0cb1f6ee5b2,false,,mooverTest1,,,Default,One per quote line,,,,Quantity,,false,,,,,,,,,,false,,,false,,,1.0,false,,,,false,false,false,false,,false,false,false,false,false,false,false,false,,Click,false,false,,false,List,,true,,false,,,,List,,,,,,Renewable,,false,,,,,,,
,,,,,c9f97196-2007-4a5e-854a-f0cb1f6ee5b2,false,,mooverTest1,,,Default,One per quote line,,,,Quantity,,false,,,,,,,,,,false,,,false,,,1.0,false,,,,false,false,false,false,,false,false,false,false,false,false,false,false,,Click,false,false,,false,List,,true,,false,,,,List,,,,,,Renewable,,false,,,,,,,
,,,,,c9f97196-2007-4a5e-854a-f0cb1f6ee5b2,false,,mooverTest1,,,Default,One per quote line,,,,Quantity,,false,,,,,,,,,,false,,,false,,,1.0,false,,,,false,false,false,false,,false,false,false,false,false,false,false,false,,Click,false,false,,false,List,,true,,false,,,,List,,,,,,Renewable,,false,,,,,,,
,,,,,c9f97196-2007-4a5e-854a-f0cb1f6ee5b2,false,,mooverTest1,,,Default,One per quote line,,,,Quantity,,false,,,,,,,,,,false,,,false,,,1.0,false,,,,false,false,false,false,,false,false,false,false,false,false,false,false,,Click,false,false,,false,List,,true,,false,,,,List,,,,,,Renewable,,false,,,,,,,
,,,,,c9f97196-2007-4a5e-854a-f0cb1f6ee5b2,false,,mooverTest1,,,Default,One per quote line,,,,Quantity,,false,,,,,,,,,,false,,,false,,,1.0,false,,,,false,false,false,false,,false,false,false,false,false,false,false,false,,Click,false,false,,false,List,,true,,false,,,,List,,,,,,Renewable,,false,,,,,,,
,,,,,c9f97196-2007-4a5e-854a-f0cb1f6ee5b2,false,,mooverTest1,,,Default,One per quote line,,,,Quantity,,false,,,,,,,,,,false,,,false,,,1.0,false,,,,false,false,false,false,,false,false,false,false,false,false,false,false,,Click,false,false,,false,List,,true,,false,,,,List,,,,,,Renewable,,false,,,,,,,
,,,,,c9f97196-2007-4a5e-854a-f0cb1f6ee5b2,false,,mooverTest1,,,Default,One per quote line,,,,Quantity,,false,,,,,,,,,,false,,,false,,,1.0,false,,,,false,false,false,false,,false,false,false,false,false,false,false,false,,Click,false,false,,false,List,,true,,false,,,,List,,,,,,Renewable,,false,,,,,,,
,,,,,cb33c188-f951-48e9-9033-6cfc92297905,false,,myProduct_edit,,,Default,One per quote line,,,,Quantity,,false,,,,,,,,,,false,,,false,,,1.0,false,,,,false,false,false,false,,false,false,false,false,false,false,false,false,,Click,false,false,,false,List,,true,,false,,,,List,,,,,,Renewable,,false,,,,,,,
,,,,,cb33c188-f951-48e9-9033-6cfc92297905,false,,myProduct_edit,,,Default,One per quote line,,,,Quantity,,false,,,,,,,,,,false,,,false,,,1.0,false,,,,false,false,false,false,,false,false,false,false,false,false,false,false,,Click,false,false,,false,List,,true,,false,,,,List,,,,,,Renewable,,false,,,,,,,
,,,,,cb33c188-f951-48e9-9033-6cfc92297905,false,,myProduct_edit,,,Default,One per quote line,,,,Quantity,,false,,,,,,,,,,false,,,false,,,1.0,false,,,,false,false,false,false,,false,false,false,false,false,false,false,false,,Click,false,false,,false,List,,true,,false,,,,List,,,,,,Renewable,,false,,,,,,,
,,,,,cb33c188-f951-48e9-9033-6cfc92297905,false,,myProduct_edit,,,Default,One per quote line,,,,Quantity,,false,,,,,,,,,,false,,,false,,,1.0,false,,,,false,false,false,false,,false,false,false,false,false,false,false,false,,Click,false,false,,false,List,,true,,false,,,,List,,,,,,Renewable,,false,,,,,,,
,,,,,cb33c188-f951-48e9-9033-6cfc92297905,false,,myProduct_edit,,,Default,One per quote line,,,,Quantity,,false,,,,,,,,,,false,,,false,,,1.0,false,,,,false,false,false,false,,false,false,false,false,false,false,false,false,,Click,false,false,,false,List,,true,,false,,,,List,,,,,,Renewable,,false,,,,,,,
,,,,,cb33c188-f951-48e9-9033-6cfc92297905,false,,myProduct_edit,,,Default,One per quote line,,,,Quantity,,false,,,,,,,,,,false,,,false,,,1.0,false,,,,false,false,false,false,,false,false,false,false,false,false,false,false,,Click,false,false,,false,List,,true,,false,,,,List,,,,,,Renewable,,false,,,,,,,
,,,,,cb33c188-f951-48e9-9033-6cfc92297905,false,,myProduct_edit,,,Default,One per quote line,,,,Quantity,,false,,,,,,,,,,false,,,false,,,1.0,false,,,,false,false,false,false,,false,false,false,false,false,false,false,false,,Click,false,false,,false,List,,true,,false,,,,List,,,,,,Renewable,,false,,,,,,,
,,,,,cb33c188-f951-48e9-9033-6cfc92297905,false,,myProduct_edit,,,Default,One per quote line,,,,Quantity,,false,,,,,,,,,,false,,,false,,,1.0,false,,,,false,false,false,false,,false,false,false,false,false,false,false,false,,Click,false,false,,false,List,,true,,false,,,,List,,,,,,Renewable,,false,,,,,,,
,,,,,cb33c188-f951-48e9-9033-6cfc92297905,false,,myProduct_edit,,,Default,One per quote line,,,,Quantity,,false,,,,,,,,,,false,,,false,,,1.0,false,,,,false,false,false,false,,false,false,false,false,false,false,false,false,,Click,false,false,,false,List,,true,,false,,,,List,,,,,,Renewable,,false,,,,,,,
,,,,,cb33c188-f951-48e9-9033-6cfc92297905,false,,myProduct_edit,,,Default,One per quote line,,,,Quantity,,false,,,,,,,,,,false,,,false,,,1.0,false,,,,false,false,false,false,,false,false,false,false,false,false,false,false,,Click,false,false,,false,List,,true,,false,,,,List,,,,,,Renewable,,false,,,,,,,
,,,,,cb33c188-f951-48e9-9033-6cfc92297905,false,,myProduct_edit,,,Default,One per quote line,,,,Quantity,,false,,,,,,,,,,false,,,false,,,1.0,false,,,,false,false,false,false,,false,false,false,false,false,false,false,false,,Click,false,false,,false,List,,true,,false,,,,List,,,,,,Renewable,,false,,,,,,,
,,,,,cb33c188-f951-48e9-9033-6cfc92297905,false,,myProduct_edit,,,Default,One per quote line,,,,Quantity,,false,,,,,,,,,,false,,,false,,,1.0,false,,,,false,false,false,false,,false,false,false,false,false,false,false,false,,Click,false,false,,false,List,,true,,false,,,,List,,,,,,Renewable,,false,,,,,,,
,,,,,cb33c188-f951-48e9-9033-6cfc92297905,false,,myProduct_edit,,,Default,One per quote line,,,,Quantity,,false,,,,,,,,,,false,,,false,,,1.0,false,,,,false,false,false,false,,false,false,false,false,false,false,false,false,,Click,false,false,,false,List,,true,,false,,,,List,,,,,,Renewable,,false,,,,,,,
,,,,,cb33c188-f951-48e9-9033-6cfc92297905,false,,myProduct_edit,,,Default,One per quote line,,,,Quantity,,false,,,,,,,,,,false,,,false,,,1.0,false,,,,false,false,false,false,,false,false,false,false,false,false,false,false,,Click,false,false,,false,List,,true,,false,,,,List,,,,,,Renewable,,false,,,,,,,
,,,,,cb33c188-f951-48e9-9033-6cfc92297905,false,,myProduct_edit,,,Default,One per quote line,,,,Quantity,,false,,,,,,,,,,false,,,false,,,1.0,false,,,,false,false,false,false,,false,false,false,false,false,false,false,false,,Click,false,false,,false,List,,true,,false,,,,List,,,,,,Renewable,,false,,,,,,,
,,,,,cb33c188-f951-48e9-9033-6cfc92297905,false,,myProduct_edit,,,Default,One per quote line,,,,Quantity,,false,,,,,,,,,,false,,,false,,,1.0,false,,,,false,false,false,false,,false,false,false,false,false,false,false,false,,Click,false,false,,false,List,,true,,false,,,,List,,,,,,Renewable,,false,,,,,,,
,,,,,cb33c188-f951-48e9-9033-6cfc92297905,false,,myProduct_edit,,,Default,One per quote line,,,,Quantity,,false,,,,,,,,,,false,,,false,,,1.0,false,,,,false,false,false,false,,false,false,false,false,false,false,false,false,,Click,false,false,,false,List,,true,,false,,,,List,,,,,,Renewable,,false,,,,,,,
,,,,,cb33c188-f951-48e9-9033-6cfc92297905,false,,myProduct_edit,,,Default,One per quote line,,,,Quantity,,false,,,,,,,,,,false,,,false,,,1.0,false,,,,false,false,false,false,,false,false,false,false,false,false,false,false,,Click,false,false,,false,List,,true,,false,,,,List,,,,,,Renewable,,false,,,,,,,
,,,,,cb33c188-f951-48e9-9033-6cfc92297905,false,,myProduct_edit,,,Default,One per quote line,,,,Quantity,,false,,,,,,,,,,false,,,false,,,1.0,false,,,,false,false,false,false,,false,false,false,false,false,false,false,false,,Click,false,false,,false,List,,true,,false,,,,List,,,,,,Renewable,,false,,,,,,,
,,,,,cb33c188-f951-48e9-9033-6cfc92297905,false,,myProduct_edit,,,Default,One per quote line,,,,Quantity,,false,,,,,,,,,,false,,,false,,,1.0,false,,,,false,false,false,false,,false,false,false,false,false,false,false,false,,Click,false,false,,false,List,,true,,false,,,,List,,,,,,Renewable,,false,,,,,,,
,,,,,cb33c188-f951-48e9-9033-6cfc92297905,false,,myProduct_edit,,,Default,One per quote line,,,,Quantity,,false,,,,,,,,,,false,,,false,,,1.0,false,,,,false,false,false,false,,false,false,false,false,false,false,false,false,,Click,false,false,,false,List,,true,,false,,,,List,,,,,,Renewable,,false,,,,,,,
,,,,,cb33c188-f951-48e9-9033-6cfc92297905,false,,myProduct_edit,,,Default,One per quote line,,,,Quantity,,false,,,,,,,,,,false,,,false,,,1.0,false,,,,false,false,false,false,,false,false,false,false,false,false,false,false,,Click,false,false,,false,List,,true,,false,,,,List,,,,,,Renewable,,false,,,,,,,
,,,,,cb33c188-f951-48e9-9033-6cfc92297905,false,,myProduct_edit,,,Default,One per quote line,,,,Quantity,,false,,,,,,,,,,false,,,false,,,1.0,false,,,,false,false,false,false,,false,false,false,false,false,false,false,false,,Click,false,false,,false,List,,true,,false,,,,List,,,,,,Renewable,,false,,,,,,,
,,,,,cb33c188-f951-48e9-9033-6cfc92297905,false,,myProduct_edit,,,Default,One per quote line,,,,Quantity,,false,,,,,,,,,,false,,,false,,,1.0,false,,,,false,false,false,false,,false,false,false,false,false,false,false,false,,Click,false,false,,false,List,,true,,false,,,,List,,,,,,Renewable,,false,,,,,,,
,,,,,cb33c188-f951-48e9-9033-6cfc92297905,false,,myProduct_edit,,,Default,One per quote line,,,,Quantity,,false,,,,,,,,,,false,,,false,,,1.0,false,,,,false,false,false,false,,false,false,false,false,false,false,false,false,,Click,false,false,,false,List,,true,,false,,,,List,,,,,,Renewable,,false,,,,,,,
,,,,,cb33c188-f951-48e9-9033-6cfc92297905,false,,myProduct_edit,,,Default,One per quote line,,,,Quantity,,false,,,,,,,,,,false,,,false,,,1.0,false,,,,false,false,false,false,,false,false,false,false,false,false,false,false,,Click,false,false,,false,List,,true,,false,,,,List,,,,,,Renewable,,false,,,,,,,
,,,,,cb33c188-f951-48e9-9033-6cfc92297905,false,,myProduct_edit,,,Default,One per quote line,,,,Quantity,,false,,,,,,,,,,false,,,false,,,1.0,false,,,,false,false,false,false,,false,false,false,false,false,false,false,false,,Click,false,false,,false,List,,true,,false,,,,List,,,,,,Renewable,,false,,,,,,,
,,,,,cb33c188-f951-48e9-9033-6cfc92297905,false,,myProduct_edit,,,Default,One per quote line,,,,Quantity,,false,,,,,,,,,,false,,,false,,,1.0,false,,,,false,false,false,false,,false,false,false,false,false,false,false,false,,Click,false,false,,false,List,,true,,false,,,,List,,,,,,Renewable,,false,,,,,,,
,,,,,cb33c188-f951-48e9-9033-6cfc92297905,false,,myProduct_edit,,,Default,One per quote line,,,,Quantity,,false,,,,,,,,,,false,,,false,,,1.0,false,,,,false,false,false,false,,false,false,false,false,false,false,false,false,,Click,false,false,,false,List,,true,,false,,,,List,,,,,,Renewable,,false,,,,,,,
,,,,,cb33c188-f951-48e9-9033-6cfc92297905,false,,myProduct_edit,,,Default,One per quote line,,,,Quantity,,false,,,,,,,,,,false,,,false,,,1.0,false,,,,false,false,false,false,,false,false,false,false,false,false,false,false,,Click,false,false,,false,List,,true,,false,,,,List,,,,,,Renewable,,false,,,,,,,
,,,,,cb33c188-f951-48e9-9033-6cfc92297905,false,,myProduct_edit,,,Default,One per quote line,,,,Quantity,,false,,,,,,,,,,false,,,false,,,1.0,false,,,,false,false,false,false,,false,false,false,false,false,false,false,false,,Click,false,false,,false,List,,true,,false,,,,List,,,,,,Renewable,,false,,,,,,,
,,,,,cb33c188-f951-48e9-9033-6cfc92297905,false,,myProduct_edit,,,Default,One per quote line,,,,Quantity,,false,,,,,,,,,,false,,,false,,,1.0,false,,,,false,false,false,false,,false,false,false,false,false,false,false,false,,Click,false,false,,false,List,,true,,false,,,,List,,,,,,Renewable,,false,,,,,,,
,,,,,cb33c188-f951-48e9-9033-6cfc92297905,false,,myProduct_edit,,,Default,One per quote line,,,,Quantity,,false,,,,,,,,,,false,,,false,,,1.0,false,,,,false,false,false,false,,false,false,false,false,false,false,false,false,,Click,false,false,,false,List,,true,,false,,,,List,,,,,,Renewable,,false,,,,,,,
,,,,,cb33c188-f951-48e9-9033-6cfc92297905,false,,myProduct_edit,,,Default,One per quote line,,,,Quantity,,false,,,,,,,,,,false,,,false,,,1.0,false,,,,false,false,false,false,,false,false,false,false,false,false,false,false,,Click,false,false,,false,List,,true,,false,,,,List,,,,,,Renewable,,false,,,,,,,
,,,,,cb33c188-f951-48e9-9033-6cfc92297905,false,,myProduct_edit,,,Default,One per quote line,,,,Quantity,,false,,,,,,,,,,false,,,false,,,1.0,false,,,,false,false,false,false,,false,false,false,false,false,false,false,false,,Click,false,false,,false,List,,true,,false,,,,List,,,,,,Renewable,,false,,,,,,,
,,,,,cb33c188-f951-48e9-9033-6cfc92297905,false,,myProduct_edit,,,Default,One per quote line,,,,Quantity,,false,,,,,,,,,,false,,,false,,,1.0,false,,,,false,false,false,false,,false,false,false,false,false,false,false,false,,Click,false,false,,false,List,,true,,false,,,,List,,,,,,Renewable,,false,,,,,,,
,,,,,cb33c188-f951-48e9-9033-6cfc92297905,false,,myProduct_edit,,,Default,One per quote line,,,,Quantity,,false,,,,,,,,,,false,,,false,,,1.0,false,,,,false,false,false,false,,false,false,false,false,false,false,false,false,,Click,false,false,,false,List,,true,,false,,,,List,,,,,,Renewable,,false,,,,,,,
,,,,,cb33c188-f951-48e9-9033-6cfc92297905,false,,myProduct_edit,,,Default,One per quote line,,,,Quantity,,false,,,,,,,,,,false,,,false,,,1.0,false,,,,false,false,false,false,,false,false,false,false,false,false,false,false,,Click,false,false,,false,List,,true,,false,,,,List,,,,,,Renewable,,false,,,,,,,
,,,,,cb33c188-f951-48e9-9033-6cfc92297905,false,,myProduct_edit,,,Default,One per quote line,,,,Quantity,,false,,,,,,,,,,false,,,false,,,1.0,false,,,,false,false,false,false,,false,false,false,false,false,false,false,false,,Click,false,false,,false,List,,true,,false,,,,List,,,,,,Renewable,,false,,,,,,,
,,,,,cb33c188-f951-48e9-9033-6cfc92297905,false,,myProduct_edit,,,Default,One per quote line,,,,Quantity,,false,,,,,,,,,,false,,,false,,,1.0,false,,,,false,false,false,false,,false,false,false,false,false,false,false,false,,Click,false,false,,false,List,,true,,false,,,,List,,,,,,Renewable,,false,,,,,,,
,,,,,cb33c188-f951-48e9-9033-6cfc92297905,false,,myProduct_edit,,,Default,One per quote line,,,,Quantity,,false,,,,,,,,,,false,,,false,,,1.0,false,,,,false,false,false,false,,false,false,false,false,false,false,false,false,,Click,false,false,,false,List,,true,,false,,,,List,,,,,,Renewable,,false,,,,,,,
,,,,,cb33c188-f951-48e9-9033-6cfc92297905,false,,myProduct_edit,,,Default,One per quote line,,,,Quantity,,false,,,,,,,,,,false,,,false,,,1.0,false,,,,false,false,false,false,,false,false,false,false,false,false,false,false,,Click,false,false,,false,List,,true,,false,,,,List,,,,,,Renewable,,false,,,,,,,
,,,,,cb33c188-f951-48e9-9033-6cfc92297905,false,,myProduct_edit,,,Default,One per quote line,,,,Quantity,,false,,,,,,,,,,false,,,false,,,1.0,false,,,,false,false,false,false,,false,false,false,false,false,false,false,false,,Click,false,false,,false,List,,true,,false,,,,List,,,,,,Renewable,,false,,,,,,,
,,,,,cb33c188-f951-48e9-9033-6cfc92297905,false,,myProduct_edit,,,Default,One per quote line,,,,Quantity,,false,,,,,,,,,,false,,,false,,,1.0,false,,,,false,false,false,false,,false,false,false,false,false,false,false,false,,Click,false,false,,false,List,,true,,false,,,,List,,,,,,Renewable,,false,,,,,,,
,,,,,cb33c188-f951-48e9-9033-6cfc92297905,false,,myProduct_edit,,,Default,One per quote line,,,,Quantity,,false,,,,,,,,,,false,,,false,,,1.0,false,,,,false,false,false,false,,false,false,false,false,false,false,false,false,,Click,false,false,,false,List,,true,,false,,,,List,,,,,,Renewable,,false,,,,,,,
,,,,,cb33c188-f951-48e9-9033-6cfc92297905,false,,myProduct_edit,,,Default,One per quote line,,,,Quantity,,false,,,,,,,,,,false,,,false,,,1.0,false,,,,false,false,false,false,,false,false,false,false,false,false,false,false,,Click,false,false,,false,List,,true,,false,,,,List,,,,,,Renewable,,false,,,,,,,
,,,,,cb33c188-f951-48e9-9033-6cfc92297905,false,,myProduct_edit,,,Default,One per quote line,,,,Quantity,,false,,,,,,,,,,false,,,false,,,1.0,false,,,,false,false,false,false,,false,false,false,false,false,false,false,false,,Click,false,false,,false,List,,true,,false,,,,List,,,,,,Renewable,,false,,,,,,,
,,,,,cb33c188-f951-48e9-9033-6cfc92297905,false,,myProduct_edit,,,Default,One per quote line,,,,Quantity,,false,,,,,,,,,,false,,,false,,,1.0,false,,,,false,false,false,false,,false,false,false,false,false,false,false,false,,Click,false,false,,false,List,,true,,false,,,,List,,,,,,Renewable,,false,,,,,,,
,,,,,cb33c188-f951-48e9-9033-6cfc92297905,false,,myProduct_edit,,,Default,One per quote line,,,,Quantity,,false,,,,,,,,,,false,,,false,,,1.0,false,,,,false,false,false,false,,false,false,false,false,false,false,false,false,,Click,false,false,,false,List,,true,,false,,,,List,,,,,,Renewable,,false,,,,,,,
,,,,,b8876964-c674-4d8f-b8a4-18d4f0e14cc7,false,,MarkTest1,,,Default,One per quote line,,,,Quantity,,false,,,,,,,,,,false,,,false,,,1.0,false,,,,false,false,false,false,,false,false,false,false,false,false,false,false,,Click,false,false,,false,List,,true,,false,,,,List,,,,,,Renewable,,false,,,,,,,
,,,,,b8876964-c674-4d8f-b8a4-18d4f0e14cc7,false,,MarkTest1,,,Default,One per quote line,,,,Quantity,,false,,,,,,,,,,false,,,false,,,1.0,false,,,,false,false,false,false,,false,false,false,false,false,false,false,false,,Click,false,false,,false,List,,true,,false,,,,List,,,,,,Renewable,,false,,,,,,,
,,,,,b8876964-c674-4d8f-b8a4-18d4f0e14cc7,false,,MarkTest1,,,Default,One per quote line,,,,Quantity,,false,,,,,,,,,,false,,,false,,,1.0,false,,,,false,false,false,false,,false,false,false,false,false,false,false,false,,Click,false,false,,false,List,,true,,false,,,,List,,,,,,Renewable,,false,,,,,,,
,,,,,b8876964-c674-4d8f-b8a4-18d4f0e14cc7,false,,MarkTest1,,,Default,One per quote line,,,,Quantity,,false,,,,,,,,,,false,,,false,,,1.0,false,,,,false,false,false,false,,false,false,false,false,false,false,false,false,,Click,false,false,,false,List,,true,,false,,,,List,,,,,,Renewable,,false,,,,,,,
,,,,,b8876964-c674-4d8f-b8a4-18d4f0e14cc7,false,,MarkTest1,,,Default,One per quote line,,,,Quantity,,false,,,,,,,,,,false,,,false,,,1.0,false,,,,false,false,false,false,,false,false,false,false,false,false,false,false,,Click,false,false,,false,List,,true,,false,,,,List,,,,,,Renewable,,false,,,,,,,
,,,,,b8876964-c674-4d8f-b8a4-18d4f0e14cc7,false,,MarkTest1,,,Default,One per quote line,,,,Quantity,,false,,,,,,,,,,false,,,false,,,1.0,false,,,,false,false,false,false,,false,false,false,false,false,false,false,false,,Click,false,false,,false,List,,true,,false,,,,List,,,,,,Renewable,,false,,,,,,,
,,,,,b8876964-c674-4d8f-b8a4-18d4f0e14cc7,false,,MarkTest1,,,Default,One per quote line,,,,Quantity,,false,,,,,,,,,,false,,,false,,,1.0,false,,,,false,false,false,false,,false,false,false,false,false,false,false,false,,Click,false,false,,false,List,,true,,false,,,,List,,,,,,Renewable,,false,,,,,,,
,,,,,b8876964-c674-4d8f-b8a4-18d4f0e14cc7,false,,MarkTest1,,,Default,One per quote line,,,,Quantity,,false,,,,,,,,,,false,,,false,,,1.0,false,,,,false,false,false,false,,false,false,false,false,false,false,false,false,,Click,false,false,,false,List,,true,,false,,,,List,,,,,,Renewable,,false,,,,,,,
,,,,,b8876964-c674-4d8f-b8a4-18d4f0e14cc7,false,,MarkTest1,,,Default,One per quote line,,,,Quantity,,false,,,,,,,,,,false,,,false,,,1.0,false,,,,false,false,false,false,,false,false,false,false,false,false,false,false,,Click,false,false,,false,List,,true,,false,,,,List,,,,,,Renewable,,false,,,,,,,
,,,,,b8876964-c674-4d8f-b8a4-18d4f0e14cc7,false,,MarkTest1,,,Default,One per quote line,,,,Quantity,,false,,,,,,,,,,false,,,false,,,1.0,false,,,,false,false,false,false,,false,false,false,false,false,false,false,false,,Click,false,false,,false,List,,true,,false,,,,List,,,,,,Renewable,,false,,,,,,,
,,,,,b8876964-c674-4d8f-b8a4-18d4f0e14cc7,false,,MarkTest1,,,Default,One per quote line,,,,Quantity,,false,,,,,,,,,,false,,,false,,,1.0,false,,,,false,false,false,false,,false,false,false,false,false,false,false,false,,Click,false,false,,false,List,,true,,false,,,,List,,,,,,Renewable,,false,,,,,,,
,,,,,b8876964-c674-4d8f-b8a4-18d4f0e14cc7,false,,MarkTest1,,,Default,One per quote line,,,,Quantity,,false,,,,,,,,,,false,,,false,,,1.0,false,,,,false,false,false,false,,false,false,false,false,false,false,false,false,,Click,false,false,,false,List,,true,,false,,,,List,,,,,,Renewable,,false,,,,,,,
,,,,,b8876964-c674-4d8f-b8a4-18d4f0e14cc7,false,,MarkTest1,,,Default,One per quote line,,,,Quantity,,false,,,,,,,,,,false,,,false,,,1.0,false,,,,false,false,false,false,,false,false,false,false,false,false,false,false,,Click,false,false,,false,List,,true,,false,,,,List,,,,,,Renewable,,false,,,,,,,
,,,,,b8876964-c674-4d8f-b8a4-18d4f0e14cc7,false,,MarkTest1,,,Default,One per quote line,,,,Quantity,,false,,,,,,,,,,false,,,false,,,1.0,false,,,,false,false,false,false,,false,false,false,false,false,false,false,false,,Click,false,false,,false,List,,true,,false,,,,List,,,,,,Renewable,,false,,,,,,,
,,,,,b8876964-c674-4d8f-b8a4-18d4f0e14cc7,false,,MarkTest1,,,Default,One per quote line,,,,Quantity,,false,,,,,,,,,,false,,,false,,,1.0,false,,,,false,false,false,false,,false,false,false,false,false,false,false,false,,Click,false,false,,false,List,,true,,false,,,,List,,,,,,Renewable,,false,,,,,,,
,,,,,b8876964-c674-4d8f-b8a4-18d4f0e14cc7,false,,MarkTest1,,,Default,One per quote line,,,,Quantity,,false,,,,,,,,,,false,,,false,,,1.0,false,,,,false,false,false,false,,false,false,false,false,false,false,false,false,,Click,false,false,,false,List,,true,,false,,,,List,,,,,,Renewable,,false,,,,,,,
,,,,,b8876964-c674-4d8f-b8a4-18d4f0e14cc7,false,,MarkTest1,,,Default,One per quote line,,,,Quantity,,false,,,,,,,,,,false,,,false,,,1.0,false,,,,false,false,false,false,,false,false,false,false,false,false,false,false,,Click,false,false,,false,List,,true,,false,,,,List,,,,,,Renewable,,false,,,,,,,
,,,,,b8876964-c674-4d8f-b8a4-18d4f0e14cc7,false,,MarkTest1,,,Default,One per quote line,,,,Quantity,,false,,,,,,,,,,false,,,false,,,1.0,false,,,,false,false,false,false,,false,false,false,false,false,false,false,false,,Click,false,false,,false,List,,true,,false,,,,List,,,,,,Renewable,,false,,,,,,,
,,,,,b8876964-c674-4d8f-b8a4-18d4f0e14cc7,false,,MarkTest1,,,Default,One per quote line,,,,Quantity,,false,,,,,,,,,,false,,,false,,,1.0,false,,,,false,false,false,false,,false,false,false,false,false,false,false,false,,Click,false,false,,false,List,,true,,false,,,,List,,,,,,Renewable,,false,,,,,,,
,,,,,b8876964-c674-4d8f-b8a4-18d4f0e14cc7,false,,MarkTest1,,,Default,One per quote line,,,,Quantity,,false,,,,,,,,,,false,,,false,,,1.0,false,,,,false,false,false,false,,false,false,false,false,false,false,false,false,,Click,false,false,,false,List,,true,,false,,,,List,,,,,,Renewable,,false,,,,,,,
,,,,,b8876964-c674-4d8f-b8a4-18d4f0e14cc7,false,,MarkTest1,,,Default,One per quote line,,,,Quantity,,false,,,,,,,,,,false,,,false,,,1.0,false,,,,false,false,false,false,,false,false,false,false,false,false,false,false,,Click,false,false,,false,List,,true,,false,,,,List,,,,,,Renewable,,false,,,,,,,
,,,,,b8876964-c674-4d8f-b8a4-18d4f0e14cc7,false,,MarkTest1,,,Default,One per quote line,,,,Quantity,,false,,,,,,,,,,false,,,false,,,1.0,false,,,,false,false,false,false,,false,false,false,false,false,false,false,false,,Click,false,false,,false,List,,true,,false,,,,List,,,,,,Renewable,,false,,,,,,,
,,,,,b8876964-c674-4d8f-b8a4-18d4f0e14cc7,false,,MarkTest1,,,Default,One per quote line,,,,Quantity,,false,,,,,,,,,,false,,,false,,,1.0,false,,,,false,false,false,false,,false,false,false,false,false,false,false,false,,Click,false,false,,false,List,,true,,false,,,,List,,,,,,Renewable,,false,,,,,,,
,,,,,b8876964-c674-4d8f-b8a4-18d4f0e14cc7,false,,MarkTest1,,,Default,One per quote line,,,,Quantity,,false,,,,,,,,,,false,,,false,,,1.0,false,,,,false,false,false,false,,false,false,false,false,false,false,false,false,,Click,false,false,,false,List,,true,,false,,,,List,,,,,,Renewable,,false,,,,,,,
,,,,,b8876964-c674-4d8f-b8a4-18d4f0e14cc7,false,,MarkTest1,,,Default,One per quote line,,,,Quantity,,false,,,,,,,,,,false,,,false,,,1.0,false,,,,false,false,false,false,,false,false,false,false,false,false,false,false,,Click,false,false,,false,List,,true,,false,,,,List,,,,,,Renewable,,false,,,,,,,
,,,,,b8876964-c674-4d8f-b8a4-18d4f0e14cc7,false,,MarkTest1,,,Default,One per quote line,,,,Quantity,,false,,,,,,,,,,false,,,false,,,1.0,false,,,,false,false,false,false,,false,false,false,false,false,false,false,false,,Click,false,false,,false,List,,true,,false,,,,List,,,,,,Renewable,,false,,,,,,,
,,,,,b8876964-c674-4d8f-b8a4-18d4f0e14cc7,false,,MarkTest1,,,Default,One per quote line,,,,Quantity,,false,,,,,,,,,,false,,,false,,,1.0,false,,,,false,false,false,false,,false,false,false,false,false,false,false,false,,Click,false,false,,false,List,,true,,false,,,,List,,,,,,Renewable,,false,,,,,,,
,,,,,b8876964-c674-4d8f-b8a4-18d4f0e14cc7,false,,MarkTest1,,,Default,One per quote line,,,,Quantity,,false,,,,,,,,,,false,,,false,,,1.0,false,,,,false,false,false,false,,false,false,false,false,false,false,false,false,,Click,false,false,,false,List,,true,,false,,,,List,,,,,,Renewable,,false,,,,,,,
,,,,,b8876964-c674-4d8f-b8a4-18d4f0e14cc7,false,,MarkTest1,,,Default,One per quote line,,,,Quantity,,false,,,,,,,,,,false,,,false,,,1.0,false,,,,false,false,false,false,,false,false,false,false,false,false,false,false,,Click,false,false,,false,List,,true,,false,,,,List,,,,,,Renewable,,false,,,,,,,
,,,,,b8876964-c674-4d8f-b8a4-18d4f0e14cc7,false,,MarkTest1,,,Default,One per quote line,,,,Quantity,,false,,,,,,,,,,false,,,false,,,1.0,false,,,,false,false,false,false,,false,false,false,false,false,false,false,false,,Click,false,false,,false,List,,true,,false,,,,List,,,,,,Renewable,,false,,,,,,,
,,,,,b8876964-c674-4d8f-b8a4-18d4f0e14cc7,false,,MarkTest1,,,Default,One per quote line,,,,Quantity,,false,,,,,,,,,,false,,,false,,,1.0,false,,,,false,false,false,false,,false,false,false,false,false,false,false,false,,Click,false,false,,false,List,,true,,false,,,,List,,,,,,Renewable,,false,,,,,,,
,,,,,b8876964-c674-4d8f-b8a4-18d4f0e14cc7,false,,MarkTest1,,,Default,One per quote line,,,,Quantity,,false,,,,,,,,,,false,,,false,,,1.0,false,,,,false,false,false,false,,false,false,false,false,false,false,false,false,,Click,false,false,,false,List,,true,,false,,,,List,,,,,,Renewable,,false,,,,,,,
,,,,,b8876964-c674-4d8f-b8a4-18d4f0e14cc7,false,,MarkTest1,,,Default,One per quote line,,,,Quantity,,false,,,,,,,,,,false,,,false,,,1.0,false,,,,false,false,false,false,,false,false,false,false,false,false,false,false,,Click,false,false,,false,List,,true,,false,,,,List,,,,,,Renewable,,false,,,,,,,
,,,,,b8876964-c674-4d8f-b8a4-18d4f0e14cc7,false,,MarkTest1,,,Default,One per quote line,,,,Quantity,,false,,,,,,,,,,false,,,false,,,1.0,false,,,,false,false,false,false,,false,false,false,false,false,false,false,false,,Click,false,false,,false,List,,true,,false,,,,List,,,,,,Renewable,,false,,,,,,,
,,,,,b8876964-c674-4d8f-b8a4-18d4f0e14cc7,false,,MarkTest1,,,Default,One per quote line,,,,Quantity,,false,,,,,,,,,,false,,,false,,,1.0,false,,,,false,false,false,false,,false,false,false,false,false,false,false,false,,Click,false,false,,false,List,,true,,false,,,,List,,,,,,Renewable,,false,,,,,,,
,,,,,b8876964-c674-4d8f-b8a4-18d4f0e14cc7,false,,MarkTest1,,,Default,One per quote line,,,,Quantity,,false,,,,,,,,,,false,,,false,,,1.0,false,,,,false,false,false,false,,false,false,false,false,false,false,false,false,,Click,false,false,,false,List,,true,,false,,,,List,,,,,,Renewable,,false,,,,,,,
,,,,,b8876964-c674-4d8f-b8a4-18d4f0e14cc7,false,,MarkTest1,,,Default,One per quote line,,,,Quantity,,false,,,,,,,,,,false,,,false,,,1.0,false,,,,false,false,false,false,,false,false,false,false,false,false,false,false,,Click,false,false,,false,List,,true,,false,,,,List,,,,,,Renewable,,false,,,,,,,
,,,,,b8876964-c674-4d8f-b8a4-18d4f0e14cc7,false,,MarkTest1,,,Default,One per quote line,,,,Quantity,,false,,,,,,,,,,false,,,false,,,1.0,false,,,,false,false,false,false,,false,false,false,false,false,false,false,false,,Click,false,false,,false,List,,true,,false,,,,List,,,,,,Renewable,,false,,,,,,,
,,,,,b8876964-c674-4d8f-b8a4-18d4f0e14cc7,false,,MarkTest1,,,Default,One per quote line,,,,Quantity,,false,,,,,,,,,,false,,,false,,,1.0,false,,,,false,false,false,false,,false,false,false,false,false,false,false,false,,Click,false,false,,false,List,,true,,false,,,,List,,,,,,Renewable,,false,,,,,,,
,,,,,b8876964-c674-4d8f-b8a4-18d4f0e14cc7,false,,MarkTest1,,,Default,One per quote line,,,,Quantity,,false,,,,,,,,,,false,,,false,,,1.0,false,,,,false,false,false,false,,false,false,false,false,false,false,false,false,,Click,false,false,,false,List,,true,,false,,,,List,,,,,,Renewable,,false,,,,,,,
,,,,,b8876964-c674-4d8f-b8a4-18d4f0e14cc7,false,,MarkTest1,,,Default,One per quote line,,,,Quantity,,false,,,,,,,,,,false,,,false,,,1.0,false,,,,false,false,false,false,,false,false,false,false,false,false,false,false,,Click,false,false,,false,List,,true,,false,,,,List,,,,,,Renewable,,false,,,,,,,
,,,,,b8876964-c674-4d8f-b8a4-18d4f0e14cc7,false,,MarkTest1,,,Default,One per quote line,,,,Quantity,,false,,,,,,,,,,false,,,false,,,1.0,false,,,,false,false,false,false,,false,false,false,false,false,false,false,false,,Click,false,false,,false,List,,true,,false,,,,List,,,,,,Renewable,,false,,,,,,,
,,,,,b8876964-c674-4d8f-b8a4-18d4f0e14cc7,false,,MarkTest1,,,Default,One per quote line,,,,Quantity,,false,,,,,,,,,,false,,,false,,,1.0,false,,,,false,false,false,false,,false,false,false,false,false,false,false,false,,Click,false,false,,false,List,,true,,false,,,,List,,,,,,Renewable,,false,,,,,,,
,,,,,b8876964-c674-4d8f-b8a4-18d4f0e14cc7,false,,MarkTest1,,,Default,One per quote line,,,,Quantity,,false,,,,,,,,,,false,,,false,,,1.0,false,,,,false,false,false,false,,false,false,false,false,false,false,false,false,,Click,false,false,,false,List,,true,,false,,,,List,,,,,,Renewable,,false,,,,,,,
,,,,,b8876964-c674-4d8f-b8a4-18d4f0e14cc7,false,,MarkTest1,,,Default,One per quote line,,,,Quantity,,false,,,,,,,,,,false,,,false,,,1.0,false,,,,false,false,false,false,,false,false,false,false,false,false,false,false,,Click,false,false,,false,List,,true,,false,,,,List,,,,,,Renewable,,false,,,,,,,
,,,,,b8876964-c674-4d8f-b8a4-18d4f0e14cc7,false,,MarkTest1,,,Default,One per quote line,,,,Quantity,,false,,,,,,,,,,false,,,false,,,1.0,false,,,,false,false,false,false,,false,false,false,false,false,false,false,false,,Click,false,false,,false,List,,true,,false,,,,List,,,,,,Renewable,,false,,,,,,,
,,,,,b8876964-c674-4d8f-b8a4-18d4f0e14cc7,false,,MarkTest1,,,Default,One per quote line,,,,Quantity,,false,,,,,,,,,,false,,,false,,,1.0,false,,,,false,false,false,false,,false,false,false,false,false,false,false,false,,Click,false,false,,false,List,,true,,false,,,,List,,,,,,Renewable,,false,,,,,,,
,,,,,b8876964-c674-4d8f-b8a4-18d4f0e14cc7,false,,MarkTest1,,,Default,One per quote line,,,,Quantity,,false,,,,,,,,,,false,,,false,,,1.0,false,,,,false,false,false,false,,false,false,false,false,false,false,false,false,,Click,false,false,,false,List,,true,,false,,,,List,,,,,,Renewable,,false,,,,,,,
,,,,,b8876964-c674-4d8f-b8a4-18d4f0e14cc7,false,,MarkTest1,,,Default,One per quote line,,,,Quantity,,false,,,,,,,,,,false,,,false,,,1.0,false,,,,false,false,false,false,,false,false,false,false,false,false,false,false,,Click,false,false,,false,List,,true,,false,,,,List,,,,,,Renewable,,false,,,,,,,
,,,,,9393882d-4e2e-44f1-a49b-afb3f19e6cf6,false,,mooverTest,,,Default,One per quote line,,,,Quantity,,false,,,,,,,,,,false,,,false,,,1.0,false,,,,false,false,false,false,,false,false,false,false,false,false,false,false,,Click,false,false,,false,List,,true,,false,,,,List,,,,,,Renewable,,false,,,,,,,
,,,,,9393882d-4e2e-44f1-a49b-afb3f19e6cf6,false,,mooverTest,,,Default,One per quote line,,,,Quantity,,false,,,,,,,,,,false,,,false,,,1.0,false,,,,false,false,false,false,,false,false,false,false,false,false,false,false,,Click,false,false,,false,List,,true,,false,,,,List,,,,,,Renewable,,false,,,,,,,
,,,,,9393882d-4e2e-44f1-a49b-afb3f19e6cf6,false,,mooverTest,,,Default,One per quote line,,,,Quantity,,false,,,,,,,,,,false,,,false,,,1.0,false,,,,false,false,false,false,,false,false,false,false,false,false,false,false,,Click,false,false,,false,List,,true,,false,,,,List,,,,,,Renewable,,false,,,,,,,
,,,,,9393882d-4e2e-44f1-a49b-afb3f19e6cf6,false,,mooverTest,,,Default,One per quote line,,,,Quantity,,false,,,,,,,,,,false,,,false,,,1.0,false,,,,false,false,false,false,,false,false,false,false,false,false,false,false,,Click,false,false,,false,List,,true,,false,,,,List,,,,,,Renewable,,false,,,,,,,
,,,,,9393882d-4e2e-44f1-a49b-afb3f19e6cf6,false,,mooverTest,,,Default,One per quote line,,,,Quantity,,false,,,,,,,,,,false,,,false,,,1.0,false,,,,false,false,false,false,,false,false,false,false,false,false,false,false,,Click,false,false,,false,List,,true,,false,,,,List,,,,,,Renewable,,false,,,,,,,
,,,,,9393882d-4e2e-44f1-a49b-afb3f19e6cf6,false,,mooverTest,,,Default,One per quote line,,,,Quantity,,false,,,,,,,,,,false,,,false,,,1.0,false,,,,false,false,false,false,,false,false,false,false,false,false,false,false,,Click,false,false,,false,List,,true,,false,,,,List,,,,,,Renewable,,false,,,,,,,
,,,,,9393882d-4e2e-44f1-a49b-afb3f19e6cf6,false,,mooverTest,,,Default,One per quote line,,,,Quantity,,false,,,,,,,,,,false,,,false,,,1.0,false,,,,false,false,false,false,,false,false,false,false,false,false,false,false,,Click,false,false,,false,List,,true,,false,,,,List,,,,,,Renewable,,false,,,,,,,
,,,,,9393882d-4e2e-44f1-a49b-afb3f19e6cf6,false,,mooverTest,,,Default,One per quote line,,,,Quantity,,false,,,,,,,,,,false,,,false,,,1.0,false,,,,false,false,false,false,,false,false,false,false,false,false,false,false,,Click,false,false,,false,List,,true,,false,,,,List,,,,,,Renewable,,false,,,,,,,
,,,,,9393882d-4e2e-44f1-a49b-afb3f19e6cf6,false,,mooverTest,,,Default,One per quote line,,,,Quantity,,false,,,,,,,,,,false,,,false,,,1.0,false,,,,false,false,false,false,,false,false,false,false,false,false,false,false,,Click,false,false,,false,List,,true,,false,,,,List,,,,,,Renewable,,false,,,,,,,
,,,,,9393882d-4e2e-44f1-a49b-afb3f19e6cf6,false,,mooverTest,,,Default,One per quote line,,,,Quantity,,false,,,,,,,,,,false,,,false,,,1.0,false,,,,false,false,false,false,,false,false,false,false,false,false,false,false,,Click,false,false,,false,List,,true,,false,,,,List,,,,,,Renewable,,false,,,,,,,
,,,,,9393882d-4e2e-44f1-a49b-afb3f19e6cf6,false,,mooverTest,,,Default,One per quote line,,,,Quantity,,false,,,,,,,,,,false,,,false,,,1.0,false,,,,false,false,false,false,,false,false,false,false,false,false,false,false,,Click,false,false,,false,List,,true,,false,,,,List,,,,,,Renewable,,false,,,,,,,
,,,,,9393882d-4e2e-44f1-a49b-afb3f19e6cf6,false,,mooverTest,,,Default,One per quote line,,,,Quantity,,false,,,,,,,,,,false,,,false,,,1.0,false,,,,false,false,false,false,,false,false,false,false,false,false,false,false,,Click,false,false,,false,List,,true,,false,,,,List,,,,,,Renewable,,false,,,,,,,
,,,,,9393882d-4e2e-44f1-a49b-afb3f19e6cf6,false,,mooverTest,,,Default,One per quote line,,,,Quantity,,false,,,,,,,,,,false,,,false,,,1.0,false,,,,false,false,false,false,,false,false,false,false,false,false,false,false,,Click,false,false,,false,List,,true,,false,,,,List,,,,,,Renewable,,false,,,,,,,
,,,,,9393882d-4e2e-44f1-a49b-afb3f19e6cf6,false,,mooverTest,,,Default,One per quote line,,,,Quantity,,false,,,,,,,,,,false,,,false,,,1.0,false,,,,false,false,false,false,,false,false,false,false,false,false,false,false,,Click,false,false,,false,List,,true,,false,,,,List,,,,,,Renewable,,false,,,,,,,
,,,,,9393882d-4e2e-44f1-a49b-afb3f19e6cf6,false,,mooverTest,,,Default,One per quote line,,,,Quantity,,false,,,,,,,,,,false,,,false,,,1.0,false,,,,false,false,false,false,,false,false,false,false,false,false,false,false,,Click,false,false,,false,List,,true,,false,,,,List,,,,,,Renewable,,false,,,,,,,
,,,,,9393882d-4e2e-44f1-a49b-afb3f19e6cf6,false,,mooverTest,,,Default,One per quote line,,,,Quantity,,false,,,,,,,,,,false,,,false,,,1.0,false,,,,false,false,false,false,,false,false,false,false,false,false,false,false,,Click,false,false,,false,List,,true,,false,,,,List,,,,,,Renewable,,false,,,,,,,
,,,,,9393882d-4e2e-44f1-a49b-afb3f19e6cf6,false,,mooverTest,,,Default,One per quote line,,,,Quantity,,false,,,,,,,,,,false,,,false,,,1.0,false,,,,false,false,false,false,,false,false,false,false,false,false,false,false,,Click,false,false,,false,List,,true,,false,,,,List,,,,,,Renewable,,false,,,,,,,
,,,,,9393882d-4e2e-44f1-a49b-afb3f19e6cf6,false,,mooverTest,,,Default,One per quote line,,,,Quantity,,false,,,,,,,,,,false,,,false,,,1.0,false,,,,false,false,false,false,,false,false,false,false,false,false,false,false,,Click,false,false,,false,List,,true,,false,,,,List,,,,,,Renewable,,false,,,,,,,
,,,,,9393882d-4e2e-44f1-a49b-afb3f19e6cf6,false,,mooverTest,,,Default,One per quote line,,,,Quantity,,false,,,,,,,,,,false,,,false,,,1.0,false,,,,false,false,false,false,,false,false,false,false,false,false,false,false,,Click,false,false,,false,List,,true,,false,,,,List,,,,,,Renewable,,false,,,,,,,
,,,,,9393882d-4e2e-44f1-a49b-afb3f19e6cf6,false,,mooverTest,,,Default,One per quote line,,,,Quantity,,false,,,,,,,,,,false,,,false,,,1.0,false,,,,false,false,false,false,,false,false,false,false,false,false,false,false,,Click,false,false,,false,List,,true,,false,,,,List,,,,,,Renewable,,false,,,,,,,
,,,,,9393882d-4e2e-44f1-a49b-afb3f19e6cf6,false,,mooverTest,,,Default,One per quote line,,,,Quantity,,false,,,,,,,,,,false,,,false,,,1.0,false,,,,false,false,false,false,,false,false,false,false,false,false,false,false,,Click,false,false,,false,List,,true,,false,,,,List,,,,,,Renewable,,false,,,,,,,
,,,,,9393882d-4e2e-44f1-a49b-afb3f19e6cf6,false,,mooverTest,,,Default,One per quote line,,,,Quantity,,false,,,,,,,,,,false,,,false,,,1.0,false,,,,false,false,false,false,,false,false,false,false,false,false,false,false,,Click,false,false,,false,List,,true,,false,,,,List,,,,,,Renewable,,false,,,,,,,
,,,,,9393882d-4e2e-44f1-a49b-afb3f19e6cf6,false,,mooverTest,,,Default,One per quote line,,,,Quantity,,false,,,,,,,,,,false,,,false,,,1.0,false,,,,false,false,false,false,,false,false,false,false,false,false,false,false,,Click,false,false,,false,List,,true,,false,,,,List,,,,,,Renewable,,false,,,,,,,
,,,,,9393882d-4e2e-44f1-a49b-afb3f19e6cf6,false,,mooverTest,,,Default,One per quote line,,,,Quantity,,false,,,,,,,,,,false,,,false,,,1.0,false,,,,false,false,false,false,,false,false,false,false,false,false,false,false,,Click,false,false,,false,List,,true,,false,,,,List,,,,,,Renewable,,false,,,,,,,
,,,,,9393882d-4e2e-44f1-a49b-afb3f19e6cf6,false,,mooverTest,,,Default,One per quote line,,,,Quantity,,false,,,,,,,,,,false,,,false,,,1.0,false,,,,false,false,false,false,,false,false,false,false,false,false,false,false,,Click,false,false,,false,List,,true,,false,,,,List,,,,,,Renewable,,false,,,,,,,
,,,,,9393882d-4e2e-44f1-a49b-afb3f19e6cf6,false,,mooverTest,,,Default,One per quote line,,,,Quantity,,false,,,,,,,,,,false,,,false,,,1.0,false,,,,false,false,false,false,,false,false,false,false,false,false,false,false,,Click,false,false,,false,List,,true,,false,,,,List,,,,,,Renewable,,false,,,,,,,
,,,,,9393882d-4e2e-44f1-a49b-afb3f19e6cf6,false,,mooverTest,,,Default,One per quote line,,,,Quantity,,false,,,,,,,,,,false,,,false,,,1.0,false,,,,false,false,false,false,,false,false,false,false,false,false,false,false,,Click,false,false,,false,List,,true,,false,,,,List,,,,,,Renewable,,false,,,,,,,
,,,,,9393882d-4e2e-44f1-a49b-afb3f19e6cf6,false,,mooverTest,,,Default,One per quote line,,,,Quantity,,false,,,,,,,,,,false,,,false,,,1.0,false,,,,false,false,false,false,,false,false,false,false,false,false,false,false,,Click,false,false,,false,List,,true,,false,,,,List,,,,,,Renewable,,false,,,,,,,
,,,,,9393882d-4e2e-44f1-a49b-afb3f19e6cf6,false,,mooverTest,,,Default,One per quote line,,,,Quantity,,false,,,,,,,,,,false,,,false,,,1.0,false,,,,false,false,false,false,,false,false,false,false,false,false,false,false,,Click,false,false,,false,List,,true,,false,,,,List,,,,,,Renewable,,false,,,,,,,
,,,,,9393882d-4e2e-44f1-a49b-afb3f19e6cf6,false,,mooverTest,,,Default,One per quote line,,,,Quantity,,false,,,,,,,,,,false,,,false,,,1.0,false,,,,false,false,false,false,,false,false,false,false,false,false,false,false,,Click,false,false,,false,List,,true,,false,,,,List,,,,,,Renewable,,false,,,,,,,
,,,,,9393882d-4e2e-44f1-a49b-afb3f19e6cf6,false,,mooverTest,,,Default,One per quote line,,,,Quantity,,false,,,,,,,,,,false,,,false,,,1.0,false,,,,false,false,false,false,,false,false,false,false,false,false,false,false,,Click,false,false,,false,List,,true,,false,,,,List,,,,,,Renewable,,false,,,,,,,
,,,,,9393882d-4e2e-44f1-a49b-afb3f19e6cf6,false,,mooverTest,,,Default,One per quote line,,,,Quantity,,false,,,,,,,,,,false,,,false,,,1.0,false,,,,false,false,false,false,,false,false,false,false,false,false,false,false,,Click,false,false,,false,List,,true,,false,,,,List,,,,,,Renewable,,false,,,,,,,
,,,,,9393882d-4e2e-44f1-a49b-afb3f19e6cf6,false,,mooverTest,,,Default,One per quote line,,,,Quantity,,false,,,,,,,,,,false,,,false,,,1.0,false,,,,false,false,false,false,,false,false,false,false,false,false,false,false,,Click,false,false,,false,List,,true,,false,,,,List,,,,,,Renewable,,false,,,,,,,
,,,,,9393882d-4e2e-44f1-a49b-afb3f19e6cf6,false,,mooverTest,,,Default,One per quote line,,,,Quantity,,false,,,,,,,,,,false,,,false,,,1.0,false,,,,false,false,false,false,,false,false,false,false,false,false,false,false,,Click,false,false,,false,List,,true,,false,,,,List,,,,,,Renewable,,false,,,,,,,
,,,,,9393882d-4e2e-44f1-a49b-afb3f19e6cf6,false,,mooverTest,,,Default,One per quote line,,,,Quantity,,false,,,,,,,,,,false,,,false,,,1.0,false,,,,false,false,false,false,,false,false,false,false,false,false,false,false,,Click,false,false,,false,List,,true,,false,,,,List,,,,,,Renewable,,false,,,,,,,
,,,,,9393882d-4e2e-44f1-a49b-afb3f19e6cf6,false,,mooverTest,,,Default,One per quote line,,,,Quantity,,false,,,,,,,,,,false,,,false,,,1.0,false,,,,false,false,false,false,,false,false,false,false,false,false,false,false,,Click,false,false,,false,List,,true,,false,,,,List,,,,,,Renewable,,false,,,,,,,
,,,,,9393882d-4e2e-44f1-a49b-afb3f19e6cf6,false,,mooverTest,,,Default,One per quote line,,,,Quantity,,false,,,,,,,,,,false,,,false,,,1.0,false,,,,false,false,false,false,,false,false,false,false,false,false,false,false,,Click,false,false,,false,List,,true,,false,,,,List,,,,,,Renewable,,false,,,,,,,
,,,,,9393882d-4e2e-44f1-a49b-afb3f19e6cf6,false,,mooverTest,,,Default,One per quote line,,,,Quantity,,false,,,,,,,,,,false,,,false,,,1.0,false,,,,false,false,false,false,,false,false,false,false,false,false,false,false,,Click,false,false,,false,List,,true,,false,,,,List,,,,,,Renewable,,false,,,,,,,
,,,,,9393882d-4e2e-44f1-a49b-afb3f19e6cf6,false,,mooverTest,,,Default,One per quote line,,,,Quantity,,false,,,,,,,,,,false,,,false,,,1.0,false,,,,false,false,false,false,,false,false,false,false,false,false,false,false,,Click,false,false,,false,List,,true,,false,,,,List,,,,,,Renewable,,false,,,,,,,
,,,,,9393882d-4e2e-44f1-a49b-afb3f19e6cf6,false,,mooverTest,,,Default,One per quote line,,,,Quantity,,false,,,,,,,,,,false,,,false,,,1.0,false,,,,false,false,false,false,,false,false,false,false,false,false,false,false,,Click,false,false,,false,List,,true,,false,,,,List,,,,,,Renewable,,false,,,,,,,
,,,,,9393882d-4e2e-44f1-a49b-afb3f19e6cf6,false,,mooverTest,,,Default,One per quote line,,,,Quantity,,false,,,,,,,,,,false,,,false,,,1.0,false,,,,false,false,false,false,,false,false,false,false,false,false,false,false,,Click,false,false,,false,List,,true,,false,,,,List,,,,,,Renewable,,false,,,,,,,
,,,,,9393882d-4e2e-44f1-a49b-afb3f19e6cf6,false,,mooverTest,,,Default,One per quote line,,,,Quantity,,false,,,,,,,,,,false,,,false,,,1.0,false,,,,false,false,false,false,,false,false,false,false,false,false,false,false,,Click,false,false,,false,List,,true,,false,,,,List,,,,,,Renewable,,false,,,,,,,
,,,,,9393882d-4e2e-44f1-a49b-afb3f19e6cf6,false,,mooverTest,,,Default,One per quote line,,,,Quantity,,false,,,,,,,,,,false,,,false,,,1.0,false,,,,false,false,false,false,,false,false,false,false,false,false,false,false,,Click,false,false,,false,List,,true,,false,,,,List,,,,,,Renewable,,false,,,,,,,
,,,,,9393882d-4e2e-44f1-a49b-afb3f19e6cf6,false,,mooverTest,,,Default,One per quote line,,,,Quantity,,false,,,,,,,,,,false,,,false,,,1.0,false,,,,false,false,false,false,,false,false,false,false,false,false,false,false,,Click,false,false,,false,List,,true,,false,,,,List,,,,,,Renewable,,false,,,,,,,
,,,,,9393882d-4e2e-44f1-a49b-afb3f19e6cf6,false,,mooverTest,,,Default,One per quote line,,,,Quantity,,false,,,,,,,,,,false,,,false,,,1.0,false,,,,false,false,false,false,,false,false,false,false,false,false,false,false,,Click,false,false,,false,List,,true,,false,,,,List,,,,,,Renewable,,false,,,,,,,
,,,,,9393882d-4e2e-44f1-a49b-afb3f19e6cf6,false,,mooverTest,,,Default,One per quote line,,,,Quantity,,false,,,,,,,,,,false,,,false,,,1.0,false,,,,false,false,false,false,,false,false,false,false,false,false,false,false,,Click,false,false,,false,List,,true,,false,,,,List,,,,,,Renewable,,false,,,,,,,
,,,,,9393882d-4e2e-44f1-a49b-afb3f19e6cf6,false,,mooverTest,,,Default,One per quote line,,,,Quantity,,false,,,,,,,,,,false,,,false,,,1.0,false,,,,false,false,false,false,,false,false,false,false,false,false,false,false,,Click,false,false,,false,List,,true,,false,,,,List,,,,,,Renewable,,false,,,,,,,
,,,,,9393882d-4e2e-44f1-a49b-afb3f19e6cf6,false,,mooverTest,,,Default,One per quote line,,,,Quantity,,false,,,,,,,,,,false,,,false,,,1.0,false,,,,false,false,false,false,,false,false,false,false,false,false,false,false,,Click,false,false,,false,List,,true,,false,,,,List,,,,,,Renewable,,false,,,,,,,
,,,,,9393882d-4e2e-44f1-a49b-afb3f19e6cf6,false,,mooverTest,,,Default,One per quote line,,,,Quantity,,false,,,,,,,,,,false,,,false,,,1.0,false,,,,false,false,false,false,,false,false,false,false,false,false,false,false,,Click,false,false,,false,List,,true,,false,,,,List,,,,,,Renewable,,false,,,,,,,
,,,,None,0a6b4e57-e191-45ef-a86a-639edc0b61eb,true,,Prod New 22222,123abcd,,Allow Refund,One per quote line,,,,Quantity,,true,12.0,Always,,,,Required,,,,false,,,false,,,100.0,false,,,,false,false,true,false,,false,false,false,true,false,false,false,false,Tabs,Click,false,false,,false,List,,true,,false,,12.0,<p>spec here</p>,List,,,,,,Renewable,,false,,,,,,,
,,,,None,0a6b4e57-e191-45ef-a86a-639edc0b61eb,true,,Prod New 22222,123abcd,,Allow Refund,One per quote line,,,,Quantity,,true,12.0,Always,,,,Required,,,,false,,,false,,,100.0,false,,,,false,false,true,false,,false,false,false,true,false,false,false,false,Tabs,Click,false,false,,false,List,,true,,false,,12.0,<p>spec here</p>,List,,,,,,Renewable,,false,,,,,,,
,,,,None,0a6b4e57-e191-45ef-a86a-639edc0b61eb,true,,Prod New 22222,123abcd,,Allow Refund,One per quote line,,,,Quantity,,true,12.0,Always,,,,Required,,,,false,,,false,,,100.0,false,,,,false,false,true,false,,false,false,false,true,false,false,false,false,Tabs,Click,false,false,,false,List,,true,,false,,12.0,<p>spec here</p>,List,,,,,,Renewable,,false,,,,,,,
,,,,None,0a6b4e57-e191-45ef-a86a-639edc0b61eb,true,,Prod New 22222,123abcd,,Allow Refund,One per quote line,,,,Quantity,,true,12.0,Always,,,,Required,,,,false,,,false,,,100.0,false,,,,false,false,true,false,,false,false,false,true,false,false,false,false,Tabs,Click,false,false,,false,List,,true,,false,,12.0,<p>spec here</p>,List,,,,,,Renewable,,false,,,,,,,
,,,,None,0a6b4e57-e191-45ef-a86a-639edc0b61eb,true,,Prod New 22222,123abcd,,Allow Refund,One per quote line,,,,Quantity,,true,12.0,Always,,,,Required,,,,false,,,false,,,100.0,false,,,,false,false,true,false,,false,false,false,true,false,false,false,false,Tabs,Click,false,false,,false,List,,true,,false,,12.0,<p>spec here</p>,List,,,,,,Renewable,,false,,,,,,,
,,,,None,0a6b4e57-e191-45ef-a86a-639edc0b61eb,true,,Prod New 22222,123abcd,,Allow Refund,One per quote line,,,,Quantity,,true,12.0,Always,,,,Required,,,,false,,,false,,,100.0,false,,,,false,false,true,false,,false,false,false,true,false,false,false,false,Tabs,Click,false,false,,false,List,,true,,false,,12.0,<p>spec here</p>,List,,,,,,Renewable,,false,,,,,,,
,,,,None,0a6b4e57-e191-45ef-a86a-639edc0b61eb,true,,Prod New 22222,123abcd,,Allow Refund,One per quote line,,,,Quantity,,true,12.0,Always,,,,Required,,,,false,,,false,,,100.0,false,,,,false,false,true,false,,false,false,false,true,false,false,false,false,Tabs,Click,false,false,,false,List,,true,,false,,12.0,<p>spec here</p>,List,,,,,,Renewable,,false,,,,,,,
,,,,None,0a6b4e57-e191-45ef-a86a-639edc0b61eb,true,,Prod New 22222,123abcd,,Allow Refund,One per quote line,,,,Quantity,,true,12.0,Always,,,,Required,,,,false,,,false,,,100.0,false,,,,false,false,true,false,,false,false,false,true,false,false,false,false,Tabs,Click,false,false,,false,List,,true,,false,,12.0,<p>spec here</p>,List,,,,,,Renewable,,false,,,,,,,
,,,,None,0a6b4e57-e191-45ef-a86a-639edc0b61eb,true,,Prod New 22222,123abcd,,Allow Refund,One per quote line,,,,Quantity,,true,12.0,Always,,,,Required,,,,false,,,false,,,100.0,false,,,,false,false,true,false,,false,false,false,true,false,false,false,false,Tabs,Click,false,false,,false,List,,true,,false,,12.0,<p>spec here</p>,List,,,,,,Renewable,,false,,,,,,,
,,,,None,0a6b4e57-e191-45ef-a86a-639edc0b61eb,true,,Prod New 22222,123abcd,,Allow Refund,One per quote line,,,,Quantity,,true,12.0,Always,,,,Required,,,,false,,,false,,,100.0,false,,,,false,false,true,false,,false,false,false,true,false,false,false,false,Tabs,Click,false,false,,false,List,,true,,false,,12.0,<p>spec here</p>,List,,,,,,Renewable,,false,,,,,,,
,,,,None,0a6b4e57-e191-45ef-a86a-639edc0b61eb,true,,Prod New 22222,123abcd,,Allow Refund,One per quote line,,,,Quantity,,true,12.0,Always,,,,Required,,,,false,,,false,,,100.0,false,,,,false,false,true,false,,false,false,false,true,false,false,false,false,Tabs,Click,false,false,,false,List,,true,,false,,12.0,<p>spec here</p>,List,,,,,,Renewable,,false,,,,,,,
,,,,None,0a6b4e57-e191-45ef-a86a-639edc0b61eb,true,,Prod New 22222,123abcd,,Allow Refund,One per quote line,,,,Quantity,,true,12.0,Always,,,,Required,,,,false,,,false,,,100.0,false,,,,false,false,true,false,,false,false,false,true,false,false,false,false,Tabs,Click,false,false,,false,List,,true,,false,,12.0,<p>spec here</p>,List,,,,,,Renewable,,false,,,,,,,
,,,,None,0a6b4e57-e191-45ef-a86a-639edc0b61eb,true,,Prod New 22222,123abcd,,Allow Refund,One per quote line,,,,Quantity,,true,12.0,Always,,,,Required,,,,false,,,false,,,100.0,false,,,,false,false,true,false,,false,false,false,true,false,false,false,false,Tabs,Click,false,false,,false,List,,true,,false,,12.0,<p>spec here</p>,List,,,,,,Renewable,,false,,,,,,,
,,,,None,0a6b4e57-e191-45ef-a86a-639edc0b61eb,true,,Prod New 22222,123abcd,,Allow Refund,One per quote line,,,,Quantity,,true,12.0,Always,,,,Required,,,,false,,,false,,,100.0,false,,,,false,false,true,false,,false,false,false,true,false,false,false,false,Tabs,Click,false,false,,false,List,,true,,false,,12.0,<p>spec here</p>,List,,,,,,Renewable,,false,,,,,,,
,,,,None,0a6b4e57-e191-45ef-a86a-639edc0b61eb,true,,Prod New 22222,123abcd,,Allow Refund,One per quote line,,,,Quantity,,true,12.0,Always,,,,Required,,,,false,,,false,,,100.0,false,,,,false,false,true,false,,false,false,false,true,false,false,false,false,Tabs,Click,false,false,,false,List,,true,,false,,12.0,<p>spec here</p>,List,,,,,,Renewable,,false,,,,,,,
,,,,None,0a6b4e57-e191-45ef-a86a-639edc0b61eb,true,,Prod New 22222,123abcd,,Allow Refund,One per quote line,,,,Quantity,,true,12.0,Always,,,,Required,,,,false,,,false,,,100.0,false,,,,false,false,true,false,,false,false,false,true,false,false,false,false,Tabs,Click,false,false,,false,List,,true,,false,,12.0,<p>spec here</p>,List,,,,,,Renewable,,false,,,,,,,
,,,,None,0a6b4e57-e191-45ef-a86a-639edc0b61eb,true,,Prod New 22222,123abcd,,Allow Refund,One per quote line,,,,Quantity,,true,12.0,Always,,,,Required,,,,false,,,false,,,100.0,false,,,,false,false,true,false,,false,false,false,true,false,false,false,false,Tabs,Click,false,false,,false,List,,true,,false,,12.0,<p>spec here</p>,List,,,,,,Renewable,,false,,,,,,,
,,,,None,0a6b4e57-e191-45ef-a86a-639edc0b61eb,true,,Prod New 22222,123abcd,,Allow Refund,One per quote line,,,,Quantity,,true,12.0,Always,,,,Required,,,,false,,,false,,,100.0,false,,,,false,false,true,false,,false,false,false,true,false,false,false,false,Tabs,Click,false,false,,false,List,,true,,false,,12.0,<p>spec here</p>,List,,,,,,Renewable,,false,,,,,,,
,,,,None,0a6b4e57-e191-45ef-a86a-639edc0b61eb,true,,Prod New 22222,123abcd,,Allow Refund,One per quote line,,,,Quantity,,true,12.0,Always,,,,Required,,,,false,,,false,,,100.0,false,,,,false,false,true,false,,false,false,false,true,false,false,false,false,Tabs,Click,false,false,,false,List,,true,,false,,12.0,<p>spec here</p>,List,,,,,,Renewable,,false,,,,,,,
,,,,None,0a6b4e57-e191-45ef-a86a-639edc0b61eb,true,,Prod New 22222,123abcd,,Allow Refund,One per quote line,,,,Quantity,,true,12.0,Always,,,,Required,,,,false,,,false,,,100.0,false,,,,false,false,true,false,,false,false,false,true,false,false,false,false,Tabs,Click,false,false,,false,List,,true,,false,,12.0,<p>spec here</p>,List,,,,,,Renewable,,false,,,,,,,
,,,,None,0a6b4e57-e191-45ef-a86a-639edc0b61eb,true,,Prod New 22222,123abcd,,Allow Refund,One per quote line,,,,Quantity,,true,12.0,Always,,,,Required,,,,false,,,false,,,100.0,false,,,,false,false,true,false,,false,false,false,true,false,false,false,false,Tabs,Click,false,false,,false,List,,true,,false,,12.0,<p>spec here</p>,List,,,,,,Renewable,,false,,,,,,,
,,,,None,0a6b4e57-e191-45ef-a86a-639edc0b61eb,true,,Prod New 22222,123abcd,,Allow Refund,One per quote line,,,,Quantity,,true,12.0,Always,,,,Required,,,,false,,,false,,,100.0,false,,,,false,false,true,false,,false,false,false,true,false,false,false,false,Tabs,Click,false,false,,false,List,,true,,false,,12.0,<p>spec here</p>,List,,,,,,Renewable,,false,,,,,,,
,,,,None,0a6b4e57-e191-45ef-a86a-639edc0b61eb,true,,Prod New 22222,123abcd,,Allow Refund,One per quote line,,,,Quantity,,true,12.0,Always,,,,Required,,,,false,,,false,,,100.0,false,,,,false,false,true,false,,false,false,false,true,false,false,false,false,Tabs,Click,false,false,,false,List,,true,,false,,12.0,<p>spec here</p>,List,,,,,,Renewable,,false,,,,,,,
,,,,None,0a6b4e57-e191-45ef-a86a-639edc0b61eb,true,,Prod New 22222,123abcd,,Allow Refund,One per quote line,,,,Quantity,,true,12.0,Always,,,,Required,,,,false,,,false,,,100.0,false,,,,false,false,true,false,,false,false,false,true,false,false,false,false,Tabs,Click,false,false,,false,List,,true,,false,,12.0,<p>spec here</p>,List,,,,,,Renewable,,false,,,,,,,
,,,,None,0a6b4e57-e191-45ef-a86a-639edc0b61eb,true,,Prod New 22222,123abcd,,Allow Refund,One per quote line,,,,Quantity,,true,12.0,Always,,,,Required,,,,false,,,false,,,100.0,false,,,,false,false,true,false,,false,false,false,true,false,false,false,false,Tabs,Click,false,false,,false,List,,true,,false,,12.0,<p>spec here</p>,List,,,,,,Renewable,,false,,,,,,,
,,,,None,0a6b4e57-e191-45ef-a86a-639edc0b61eb,true,,Prod New 22222,123abcd,,Allow Refund,One per quote line,,,,Quantity,,true,12.0,Always,,,,Required,,,,false,,,false,,,100.0,false,,,,false,false,true,false,,false,false,false,true,false,false,false,false,Tabs,Click,false,false,,false,List,,true,,false,,12.0,<p>spec here</p>,List,,,,,,Renewable,,false,,,,,,,
,,,,None,0a6b4e57-e191-45ef-a86a-639edc0b61eb,true,,Prod New 22222,123abcd,,Allow Refund,One per quote line,,,,Quantity,,true,12.0,Always,,,,Required,,,,false,,,false,,,100.0,false,,,,false,false,true,false,,false,false,false,true,false,false,false,false,Tabs,Click,false,false,,false,List,,true,,false,,12.0,<p>spec here</p>,List,,,,,,Renewable,,false,,,,,,,
,,,,None,0a6b4e57-e191-45ef-a86a-639edc0b61eb,true,,Prod New 22222,123abcd,,Allow Refund,One per quote line,,,,Quantity,,true,12.0,Always,,,,Required,,,,false,,,false,,,100.0,false,,,,false,false,true,false,,false,false,false,true,false,false,false,false,Tabs,Click,false,false,,false,List,,true,,false,,12.0,<p>spec here</p>,List,,,,,,Renewable,,false,,,,,,,
,,,,None,0a6b4e57-e191-45ef-a86a-639edc0b61eb,true,,Prod New 22222,123abcd,,Allow Refund,One per quote line,,,,Quantity,,true,12.0,Always,,,,Required,,,,false,,,false,,,100.0,false,,,,false,false,true,false,,false,false,false,true,false,false,false,false,Tabs,Click,false,false,,false,List,,true,,false,,12.0,<p>spec here</p>,List,,,,,,Renewable,,false,,,,,,,
,,,,None,0a6b4e57-e191-45ef-a86a-639edc0b61eb,true,,Prod New 22222,123abcd,,Allow Refund,One per quote line,,,,Quantity,,true,12.0,Always,,,,Required,,,,false,,,false,,,100.0,false,,,,false,false,true,false,,false,false,false,true,false,false,false,false,Tabs,Click,false,false,,false,List,,true,,false,,12.0,<p>spec here</p>,List,,,,,,Renewable,,false,,,,,,,
,,,,None,0a6b4e57-e191-45ef-a86a-639edc0b61eb,true,,Prod New 22222,123abcd,,Allow Refund,One per quote line,,,,Quantity,,true,12.0,Always,,,,Required,,,,false,,,false,,,100.0,false,,,,false,false,true,false,,false,false,false,true,false,false,false,false,Tabs,Click,false,false,,false,List,,true,,false,,12.0,<p>spec here</p>,List,,,,,,Renewable,,false,,,,,,,
,,,,None,0a6b4e57-e191-45ef-a86a-639edc0b61eb,true,,Prod New 22222,123abcd,,Allow Refund,One per quote line,,,,Quantity,,true,12.0,Always,,,,Required,,,,false,,,false,,,100.0,false,,,,false,false,true,false,,false,false,false,true,false,false,false,false,Tabs,Click,false,false,,false,List,,true,,false,,12.0,<p>spec here</p>,List,,,,,,Renewable,,false,,,,,,,
,,,,None,0a6b4e57-e191-45ef-a86a-639edc0b61eb,true,,Prod New 22222,123abcd,,Allow Refund,One per quote line,,,,Quantity,,true,12.0,Always,,,,Required,,,,false,,,false,,,100.0,false,,,,false,false,true,false,,false,false,false,true,false,false,false,false,Tabs,Click,false,false,,false,List,,true,,false,,12.0,<p>spec here</p>,List,,,,,,Renewable,,false,,,,,,,
,,,,None,0a6b4e57-e191-45ef-a86a-639edc0b61eb,true,,Prod New 22222,123abcd,,Allow Refund,One per quote line,,,,Quantity,,true,12.0,Always,,,,Required,,,,false,,,false,,,100.0,false,,,,false,false,true,false,,false,false,false,true,false,false,false,false,Tabs,Click,false,false,,false,List,,true,,false,,12.0,<p>spec here</p>,List,,,,,,Renewable,,false,,,,,,,
,,,,None,0a6b4e57-e191-45ef-a86a-639edc0b61eb,true,,Prod New 22222,123abcd,,Allow Refund,One per quote line,,,,Quantity,,true,12.0,Always,,,,Required,,,,false,,,false,,,100.0,false,,,,false,false,true,false,,false,false,false,true,false,false,false,false,Tabs,Click,false,false,,false,List,,true,,false,,12.0,<p>spec here</p>,List,,,,,,Renewable,,false,,,,,,,
,,,,None,0a6b4e57-e191-45ef-a86a-639edc0b61eb,true,,Prod New 22222,123abcd,,Allow Refund,One per quote line,,,,Quantity,,true,12.0,Always,,,,Required,,,,false,,,false,,,100.0,false,,,,false,false,true,false,,false,false,false,true,false,false,false,false,Tabs,Click,false,false,,false,List,,true,,false,,12.0,<p>spec here</p>,List,,,,,,Renewable,,false,,,,,,,
,,,,None,0a6b4e57-e191-45ef-a86a-639edc0b61eb,true,,Prod New 22222,123abcd,,Allow Refund,One per quote line,,,,Quantity,,true,12.0,Always,,,,Required,,,,false,,,false,,,100.0,false,,,,false,false,true,false,,false,false,false,true,false,false,false,false,Tabs,Click,false,false,,false,List,,true,,false,,12.0,<p>spec here</p>,List,,,,,,Renewable,,false,,,,,,,
,,,,None,0a6b4e57-e191-45ef-a86a-639edc0b61eb,true,,Prod New 22222,123abcd,,Allow Refund,One per quote line,,,,Quantity,,true,12.0,Always,,,,Required,,,,false,,,false,,,100.0,false,,,,false,false,true,false,,false,false,false,true,false,false,false,false,Tabs,Click,false,false,,false,List,,true,,false,,12.0,<p>spec here</p>,List,,,,,,Renewable,,false,,,,,,,
,,,,None,0a6b4e57-e191-45ef-a86a-639edc0b61eb,true,,Prod New 22222,123abcd,,Allow Refund,One per quote line,,,,Quantity,,true,12.0,Always,,,,Required,,,,false,,,false,,,100.0,false,,,,false,false,true,false,,false,false,false,true,false,false,false,false,Tabs,Click,false,false,,false,List,,true,,false,,12.0,<p>spec here</p>,List,,,,,,Renewable,,false,,,,,,,
,,,,None,0a6b4e57-e191-45ef-a86a-639edc0b61eb,true,,Prod New 22222,123abcd,,Allow Refund,One per quote line,,,,Quantity,,true,12.0,Always,,,,Required,,,,false,,,false,,,100.0,false,,,,false,false,true,false,,false,false,false,true,false,false,false,false,Tabs,Click,false,false,,false,List,,true,,false,,12.0,<p>spec here</p>,List,,,,,,Renewable,,false,,,,,,,
,,,,None,0a6b4e57-e191-45ef-a86a-639edc0b61eb,true,,Prod New 22222,123abcd,,Allow Refund,One per quote line,,,,Quantity,,true,12.0,Always,,,,Required,,,,false,,,false,,,100.0,false,,,,false,false,true,false,,false,false,false,true,false,false,false,false,Tabs,Click,false,false,,false,List,,true,,false,,12.0,<p>spec here</p>,List,,,,,,Renewable,,false,,,,,,,
,,,,None,0a6b4e57-e191-45ef-a86a-639edc0b61eb,true,,Prod New 22222,123abcd,,Allow Refund,One per quote line,,,,Quantity,,true,12.0,Always,,,,Required,,,,false,,,false,,,100.0,false,,,,false,false,true,false,,false,false,false,true,false,false,false,false,Tabs,Click,false,false,,false,List,,true,,false,,12.0,<p>spec here</p>,List,,,,,,Renewable,,false,,,,,,,
,,,,None,0a6b4e57-e191-45ef-a86a-639edc0b61eb,true,,Prod New 22222,123abcd,,Allow Refund,One per quote line,,,,Quantity,,true,12.0,Always,,,,Required,,,,false,,,false,,,100.0,false,,,,false,false,true,false,,false,false,false,true,false,false,false,false,Tabs,Click,false,false,,false,List,,true,,false,,12.0,<p>spec here</p>,List,,,,,,Renewable,,false,,,,,,,
,,,,None,0a6b4e57-e191-45ef-a86a-639edc0b61eb,true,,Prod New 22222,123abcd,,Allow Refund,One per quote line,,,,Quantity,,true,12.0,Always,,,,Required,,,,false,,,false,,,100.0,false,,,,false,false,true,false,,false,false,false,true,false,false,false,false,Tabs,Click,false,false,,false,List,,true,,false,,12.0,<p>spec here</p>,List,,,,,,Renewable,,false,,,,,,,
,,,,None,0a6b4e57-e191-45ef-a86a-639edc0b61eb,true,,Prod New 22222,123abcd,,Allow Refund,One per quote line,,,,Quantity,,true,12.0,Always,,,,Required,,,,false,,,false,,,100.0,false,,,,false,false,true,false,,false,false,false,true,false,false,false,false,Tabs,Click,false,false,,false,List,,true,,false,,12.0,<p>spec here</p>,List,,,,,,Renewable,,false,,,,,,,
,,,,None,0a6b4e57-e191-45ef-a86a-639edc0b61eb,true,,Prod New 22222,123abcd,,Allow Refund,One per quote line,,,,Quantity,,true,12.0,Always,,,,Required,,,,false,,,false,,,100.0,false,,,,false,false,true,false,,false,false,false,true,false,false,false,false,Tabs,Click,false,false,,false,List,,true,,false,,12.0,<p>spec here</p>,List,,,,,,Renewable,,false,,,,,,,
,,,,None,0a6b4e57-e191-45ef-a86a-639edc0b61eb,true,,Prod New 22222,123abcd,,Allow Refund,One per quote line,,,,Quantity,,true,12.0,Always,,,,Required,,,,false,,,false,,,100.0,false,,,,false,false,true,false,,false,false,false,true,false,false,false,false,Tabs,Click,false,false,,false,List,,true,,false,,12.0,<p>spec here</p>,List,,,,,,Renewable,,false,,,,,,,
,,,,None,0a6b4e57-e191-45ef-a86a-639edc0b61eb,true,,Prod New 22222,123abcd,,Allow Refund,One per quote line,,,,Quantity,,true,12.0,Always,,,,Required,,,,false,,,false,,,100.0,false,,,,false,false,true,false,,false,false,false,true,false,false,false,false,Tabs,Click,false,false,,false,List,,true,,false,,12.0,<p>spec here</p>,List,,,,,,Renewable,,false,,,,,,,
,,,,None,0a6b4e57-e191-45ef-a86a-639edc0b61eb,true,,Prod New 22222,123abcd,,Allow Refund,One per quote line,,,,Quantity,,true,12.0,Always,,,,Required,,,,false,,,false,,,100.0,false,,,,false,false,true,false,,false,false,false,true,false,false,false,false,Tabs,Click,false,false,,false,List,,true,,false,,12.0,<p>spec here</p>,List,,,,,,Renewable,,false,,,,,,,
,,,,,d498685b-5d92-407b-bd58-f427e791d792,false,,mooverTest2,,,Default,One per quote line,,,,Quantity,,false,,,,,,,,,,false,,,false,,,1.0,false,,,,false,false,false,false,,false,false,false,false,false,false,false,false,,Click,false,false,,false,List,,true,,false,,,,List,,,,,,Renewable,,false,,,,,,,
,,,,,d498685b-5d92-407b-bd58-f427e791d792,false,,mooverTest2,,,Default,One per quote line,,,,Quantity,,false,,,,,,,,,,false,,,false,,,1.0,false,,,,false,false,false,false,,false,false,false,false,false,false,false,false,,Click,false,false,,false,List,,true,,false,,,,List,,,,,,Renewable,,false,,,,,,,
,,,,,d498685b-5d92-407b-bd58-f427e791d792,false,,mooverTest2,,,Default,One per quote line,,,,Quantity,,false,,,,,,,,,,false,,,false,,,1.0,false,,,,false,false,false,false,,false,false,false,false,false,false,false,false,,Click,false,false,,false,List,,true,,false,,,,List,,,,,,Renewable,,false,,,,,,,
,,,,,d498685b-5d92-407b-bd58-f427e791d792,false,,mooverTest2,,,Default,One per quote line,,,,Quantity,,false,,,,,,,,,,false,,,false,,,1.0,false,,,,false,false,false,false,,false,false,false,false,false,false,false,false,,Click,false,false,,false,List,,true,,false,,,,List,,,,,,Renewable,,false,,,,,,,
,,,,,d498685b-5d92-407b-bd58-f427e791d792,false,,mooverTest2,,,Default,One per quote line,,,,Quantity,,false,,,,,,,,,,false,,,false,,,1.0,false,,,,false,false,false,false,,false,false,false,false,false,false,false,false,,Click,false,false,,false,List,,true,,false,,,,List,,,,,,Renewable,,false,,,,,,,
,,,,,d498685b-5d92-407b-bd58-f427e791d792,false,,mooverTest2,,,Default,One per quote line,,,,Quantity,,false,,,,,,,,,,false,,,false,,,1.0,false,,,,false,false,false,false,,false,false,false,false,false,false,false,false,,Click,false,false,,false,List,,true,,false,,,,List,,,,,,Renewable,,false,,,,,,,
,,,,,d498685b-5d92-407b-bd58-f427e791d792,false,,mooverTest2,,,Default,One per quote line,,,,Quantity,,false,,,,,,,,,,false,,,false,,,1.0,false,,,,false,false,false,false,,false,false,false,false,false,false,false,false,,Click,false,false,,false,List,,true,,false,,,,List,,,,,,Renewable,,false,,,,,,,
,,,,,d498685b-5d92-407b-bd58-f427e791d792,false,,mooverTest2,,,Default,One per quote line,,,,Quantity,,false,,,,,,,,,,false,,,false,,,1.0,false,,,,false,false,false,false,,false,false,false,false,false,false,false,false,,Click,false,false,,false,List,,true,,false,,,,List,,,,,,Renewable,,false,,,,,,,
,,,,,d498685b-5d92-407b-bd58-f427e791d792,false,,mooverTest2,,,Default,One per quote line,,,,Quantity,,false,,,,,,,,,,false,,,false,,,1.0,false,,,,false,false,false,false,,false,false,false,false,false,false,false,false,,Click,false,false,,false,List,,true,,false,,,,List,,,,,,Renewable,,false,,,,,,,
,,,,,d498685b-5d92-407b-bd58-f427e791d792,false,,mooverTest2,,,Default,One per quote line,,,,Quantity,,false,,,,,,,,,,false,,,false,,,1.0,false,,,,false,false,false,false,,false,false,false,false,false,false,false,false,,Click,false,false,,false,List,,true,,false,,,,List,,,,,,Renewable,,false,,,,,,,
,,,,,d498685b-5d92-407b-bd58-f427e791d792,false,,mooverTest2,,,Default,One per quote line,,,,Quantity,,false,,,,,,,,,,false,,,false,,,1.0,false,,,,false,false,false,false,,false,false,false,false,false,false,false,false,,Click,false,false,,false,List,,true,,false,,,,List,,,,,,Renewable,,false,,,,,,,
,,,,,d498685b-5d92-407b-bd58-f427e791d792,false,,mooverTest2,,,Default,One per quote line,,,,Quantity,,false,,,,,,,,,,false,,,false,,,1.0,false,,,,false,false,false,false,,false,false,false,false,false,false,false,false,,Click,false,false,,false,List,,true,,false,,,,List,,,,,,Renewable,,false,,,,,,,
,,,,,d498685b-5d92-407b-bd58-f427e791d792,false,,mooverTest2,,,Default,One per quote line,,,,Quantity,,false,,,,,,,,,,false,,,false,,,1.0,false,,,,false,false,false,false,,false,false,false,false,false,false,false,false,,Click,false,false,,false,List,,true,,false,,,,List,,,,,,Renewable,,false,,,,,,,
,,,,,d498685b-5d92-407b-bd58-f427e791d792,false,,mooverTest2,,,Default,One per quote line,,,,Quantity,,false,,,,,,,,,,false,,,false,,,1.0,false,,,,false,false,false,false,,false,false,false,false,false,false,false,false,,Click,false,false,,false,List,,true,,false,,,,List,,,,,,Renewable,,false,,,,,,,
,,,,,d498685b-5d92-407b-bd58-f427e791d792,false,,mooverTest2,,,Default,One per quote line,,,,Quantity,,false,,,,,,,,,,false,,,false,,,1.0,false,,,,false,false,false,false,,false,false,false,false,false,false,false,false,,Click,false,false,,false,List,,true,,false,,,,List,,,,,,Renewable,,false,,,,,,,
,,,,,d498685b-5d92-407b-bd58-f427e791d792,false,,mooverTest2,,,Default,One per quote line,,,,Quantity,,false,,,,,,,,,,false,,,false,,,1.0,false,,,,false,false,false,false,,false,false,false,false,false,false,false,false,,Click,false,false,,false,List,,true,,false,,,,List,,,,,,Renewable,,false,,,,,,,
,,,,,d498685b-5d92-407b-bd58-f427e791d792,false,,mooverTest2,,,Default,One per quote line,,,,Quantity,,false,,,,,,,,,,false,,,false,,,1.0,false,,,,false,false,false,false,,false,false,false,false,false,false,false,false,,Click,false,false,,false,List,,true,,false,,,,List,,,,,,Renewable,,false,,,,,,,
,,,,,d498685b-5d92-407b-bd58-f427e791d792,false,,mooverTest2,,,Default,One per quote line,,,,Quantity,,false,,,,,,,,,,false,,,false,,,1.0,false,,,,false,false,false,false,,false,false,false,false,false,false,false,false,,Click,false,false,,false,List,,true,,false,,,,List,,,,,,Renewable,,false,,,,,,,
,,,,,d498685b-5d92-407b-bd58-f427e791d792,false,,mooverTest2,,,Default,One per quote line,,,,Quantity,,false,,,,,,,,,,false,,,false,,,1.0,false,,,,false,false,false,false,,false,false,false,false,false,false,false,false,,Click,false,false,,false,List,,true,,false,,,,List,,,,,,Renewable,,false,,,,,,,
,,,,,d498685b-5d92-407b-bd58-f427e791d792,false,,mooverTest2,,,Default,One per quote line,,,,Quantity,,false,,,,,,,,,,false,,,false,,,1.0,false,,,,false,false,false,false,,false,false,false,false,false,false,false,false,,Click,false,false,,false,List,,true,,false,,,,List,,,,,,Renewable,,false,,,,,,,
,,,,,d498685b-5d92-407b-bd58-f427e791d792,false,,mooverTest2,,,Default,One per quote line,,,,Quantity,,false,,,,,,,,,,false,,,false,,,1.0,false,,,,false,false,false,false,,false,false,false,false,false,false,false,false,,Click,false,false,,false,List,,true,,false,,,,List,,,,,,Renewable,,false,,,,,,,
,,,,,d498685b-5d92-407b-bd58-f427e791d792,false,,mooverTest2,,,Default,One per quote line,,,,Quantity,,false,,,,,,,,,,false,,,false,,,1.0,false,,,,false,false,false,false,,false,false,false,false,false,false,false,false,,Click,false,false,,false,List,,true,,false,,,,List,,,,,,Renewable,,false,,,,,,,
,,,,,d498685b-5d92-407b-bd58-f427e791d792,false,,mooverTest2,,,Default,One per quote line,,,,Quantity,,false,,,,,,,,,,false,,,false,,,1.0,false,,,,false,false,false,false,,false,false,false,false,false,false,false,false,,Click,false,false,,false,List,,true,,false,,,,List,,,,,,Renewable,,false,,,,,,,
,,,,,d498685b-5d92-407b-bd58-f427e791d792,false,,mooverTest2,,,Default,One per quote line,,,,Quantity,,false,,,,,,,,,,false,,,false,,,1.0,false,,,,false,false,false,false,,false,false,false,false,false,false,false,false,,Click,false,false,,false,List,,true,,false,,,,List,,,,,,Renewable,,false,,,,,,,
,,,,,d498685b-5d92-407b-bd58-f427e791d792,false,,mooverTest2,,,Default,One per quote line,,,,Quantity,,false,,,,,,,,,,false,,,false,,,1.0,false,,,,false,false,false,false,,false,false,false,false,false,false,false,false,,Click,false,false,,false,List,,true,,false,,,,List,,,,,,Renewable,,false,,,,,,,
,,,,,d498685b-5d92-407b-bd58-f427e791d792,false,,mooverTest2,,,Default,One per quote line,,,,Quantity,,false,,,,,,,,,,false,,,false,,,1.0,false,,,,false,false,false,false,,false,false,false,false,false,false,false,false,,Click,false,false,,false,List,,true,,false,,,,List,,,,,,Renewable,,false,,,,,,,
,,,,,d498685b-5d92-407b-bd58-f427e791d792,false,,mooverTest2,,,Default,One per quote line,,,,Quantity,,false,,,,,,,,,,false,,,false,,,1.0,false,,,,false,false,false,false,,false,false,false,false,false,false,false,false,,Click,false,false,,false,List,,true,,false,,,,List,,,,,,Renewable,,false,,,,,,,
,,,,,d498685b-5d92-407b-bd58-f427e791d792,false,,mooverTest2,,,Default,One per quote line,,,,Quantity,,false,,,,,,,,,,false,,,false,,,1.0,false,,,,false,false,false,false,,false,false,false,false,false,false,false,false,,Click,false,false,,false,List,,true,,false,,,,List,,,,,,Renewable,,false,,,,,,,
,,,,,d498685b-5d92-407b-bd58-f427e791d792,false,,mooverTest2,,,Default,One per quote line,,,,Quantity,,false,,,,,,,,,,false,,,false,,,1.0,false,,,,false,false,false,false,,false,false,false,false,false,false,false,false,,Click,false,false,,false,List,,true,,false,,,,List,,,,,,Renewable,,false,,,,,,,
,,,,,d498685b-5d92-407b-bd58-f427e791d792,false,,mooverTest2,,,Default,One per quote line,,,,Quantity,,false,,,,,,,,,,false,,,false,,,1.0,false,,,,false,false,false,false,,false,false,false,false,false,false,false,false,,Click,false,false,,false,List,,true,,false,,,,List,,,,,,Renewable,,false,,,,,,,
,,,,,d498685b-5d92-407b-bd58-f427e791d792,false,,mooverTest2,,,Default,One per quote line,,,,Quantity,,false,,,,,,,,,,false,,,false,,,1.0,false,,,,false,false,false,false,,false,false,false,false,false,false,false,false,,Click,false,false,,false,List,,true,,false,,,,List,,,,,,Renewable,,false,,,,,,,
,,,,,d498685b-5d92-407b-bd58-f427e791d792,false,,mooverTest2,,,Default,One per quote line,,,,Quantity,,false,,,,,,,,,,false,,,false,,,1.0,false,,,,false,false,false,false,,false,false,false,false,false,false,false,false,,Click,false,false,,false,List,,true,,false,,,,List,,,,,,Renewable,,false,,,,,,,
,,,,,d498685b-5d92-407b-bd58-f427e791d792,false,,mooverTest2,,,Default,One per quote line,,,,Quantity,,false,,,,,,,,,,false,,,false,,,1.0,false,,,,false,false,false,false,,false,false,false,false,false,false,false,false,,Click,false,false,,false,List,,true,,false,,,,List,,,,,,Renewable,,false,,,,,,,
,,,,,d498685b-5d92-407b-bd58-f427e791d792,false,,mooverTest2,,,Default,One per quote line,,,,Quantity,,false,,,,,,,,,,false,,,false,,,1.0,false,,,,false,false,false,false,,false,false,false,false,false,false,false,false,,Click,false,false,,false,List,,true,,false,,,,List,,,,,,Renewable,,false,,,,,,,
,,,,,d498685b-5d92-407b-bd58-f427e791d792,false,,mooverTest2,,,Default,One per quote line,,,,Quantity,,false,,,,,,,,,,false,,,false,,,1.0,false,,,,false,false,false,false,,false,false,false,false,false,false,false,false,,Click,false,false,,false,List,,true,,false,,,,List,,,,,,Renewable,,false,,,,,,,
,,,,,d498685b-5d92-407b-bd58-f427e791d792,false,,mooverTest2,,,Default,One per quote line,,,,Quantity,,false,,,,,,,,,,false,,,false,,,1.0,false,,,,false,false,false,false,,false,false,false,false,false,false,false,false,,Click,false,false,,false,List,,true,,false,,,,List,,,,,,Renewable,,false,,,,,,,
,,,,,d498685b-5d92-407b-bd58-f427e791d792,false,,mooverTest2,,,Default,One per quote line,,,,Quantity,,false,,,,,,,,,,false,,,false,,,1.0,false,,,,false,false,false,false,,false,false,false,false,false,false,false,false,,Click,false,false,,false,List,,true,,false,,,,List,,,,,,Renewable,,false,,,,,,,
,,,,,d498685b-5d92-407b-bd58-f427e791d792,false,,mooverTest2,,,Default,One per quote line,,,,Quantity,,false,,,,,,,,,,false,,,false,,,1.0,false,,,,false,false,false,false,,false,false,false,false,false,false,false,false,,Click,false,false,,false,List,,true,,false,,,,List,,,,,,Renewable,,false,,,,,,,
,,,,,d498685b-5d92-407b-bd58-f427e791d792,false,,mooverTest2,,,Default,One per quote line,,,,Quantity,,false,,,,,,,,,,false,,,false,,,1.0,false,,,,false,false,false,false,,false,false,false,false,false,false,false,false,,Click,false,false,,false,List,,true,,false,,,,List,,,,,,Renewable,,false,,,,,,,
,,,,,d498685b-5d92-407b-bd58-f427e791d792,false,,mooverTest2,,,Default,One per quote line,,,,Quantity,,false,,,,,,,,,,false,,,false,,,1.0,false,,,,false,false,false,false,,false,false,false,false,false,false,false,false,,Click,false,false,,false,List,,true,,false,,,,List,,,,,,Renewable,,false,,,,,,,
,,,,,d498685b-5d92-407b-bd58-f427e791d792,false,,mooverTest2,,,Default,One per quote line,,,,Quantity,,false,,,,,,,,,,false,,,false,,,1.0,false,,,,false,false,false,false,,false,false,false,false,false,false,false,false,,Click,false,false,,false,List,,true,,false,,,,List,,,,,,Renewable,,false,,,,,,,
,,,,,d498685b-5d92-407b-bd58-f427e791d792,false,,mooverTest2,,,Default,One per quote line,,,,Quantity,,false,,,,,,,,,,false,,,false,,,1.0,false,,,,false,false,false,false,,false,false,false,false,false,false,false,false,,Click,false,false,,false,List,,true,,false,,,,List,,,,,,Renewable,,false,,,,,,,
,,,,,d498685b-5d92-407b-bd58-f427e791d792,false,,mooverTest2,,,Default,One per quote line,,,,Quantity,,false,,,,,,,,,,false,,,false,,,1.0,false,,,,false,false,false,false,,false,false,false,false,false,false,false,false,,Click,false,false,,false,List,,true,,false,,,,List,,,,,,Renewable,,false,,,,,,,
,,,,,d498685b-5d92-407b-bd58-f427e791d792,false,,mooverTest2,,,Default,One per quote line,,,,Quantity,,false,,,,,,,,,,false,,,false,,,1.0,false,,,,false,false,false,false,,false,false,false,false,false,false,false,false,,Click,false,false,,false,List,,true,,false,,,,List,,,,,,Renewable,,false,,,,,,,
,,,,,d498685b-5d92-407b-bd58-f427e791d792,false,,mooverTest2,,,Default,One per quote line,,,,Quantity,,false,,,,,,,,,,false,,,false,,,1.0,false,,,,false,false,false,false,,false,false,false,false,false,false,false,false,,Click,false,false,,false,List,,true,,false,,,,List,,,,,,Renewable,,false,,,,,,,
,,,,,d498685b-5d92-407b-bd58-f427e791d792,false,,mooverTest2,,,Default,One per quote line,,,,Quantity,,false,,,,,,,,,,false,,,false,,,1.0,false,,,,false,false,false,false,,false,false,false,false,false,false,false,false,,Click,false,false,,false,List,,true,,false,,,,List,,,,,,Renewable,,false,,,,,,,
,,,,,d498685b-5d92-407b-bd58-f427e791d792,false,,mooverTest2,,,Default,One per quote line,,,,Quantity,,false,,,,,,,,,,false,,,false,,,1.0,false,,,,false,false,false,false,,false,false,false,false,false,false,false,false,,Click,false,false,,false,List,,true,,false,,,,List,,,,,,Renewable,,false,,,,,,,
,,,,,d498685b-5d92-407b-bd58-f427e791d792,false,,mooverTest2,,,Default,One per quote line,,,,Quantity,,false,,,,,,,,,,false,,,false,,,1.0,false,,,,false,false,false,false,,false,false,false,false,false,false,false,false,,Click,false,false,,false,List,,true,,false,,,,List,,,,,,Renewable,,false,,,,,,,
,,,,,d498685b-5d92-407b-bd58-f427e791d792,false,,mooverTest2,,,Default,One per quote line,,,,Quantity,,false,,,,,,,,,,false,,,false,,,1.0,false,,,,false,false,false,false,,false,false,false,false,false,false,false,false,,Click,false,false,,false,List,,true,,false,,,,List,,,,,,Renewable,,false,,,,,,,
,,,,,1a80e5b7-ba95-4400-9760-f8f4a5b78217,false,,iTravel® | Additional Language,,,Default,One per quote line,,,,Quantity,,false,,,,,,,,,,false,,,false,,,1.0,false,,,,false,false,false,false,,false,false,false,false,false,false,false,false,,Click,false,false,,false,List,,true,,false,,,,List,,,,,,Renewable,,false,,,,,,,
,,,,,1a80e5b7-ba95-4400-9760-f8f4a5b78217,false,,iTravel® | Additional Language,,,Default,One per quote line,,,,Quantity,,false,,,,,,,,,,false,,,false,,,1.0,false,,,,false,false,false,false,,false,false,false,false,false,false,false,false,,Click,false,false,,false,List,,true,,false,,,,List,,,,,,Renewable,,false,,,,,,,
,,,,,1a80e5b7-ba95-4400-9760-f8f4a5b78217,false,,iTravel® | Additional Language,,,Default,One per quote line,,,,Quantity,,false,,,,,,,,,,false,,,false,,,1.0,false,,,,false,false,false,false,,false,false,false,false,false,false,false,false,,Click,false,false,,false,List,,true,,false,,,,List,,,,,,Renewable,,false,,,,,,,
,,,,,1a80e5b7-ba95-4400-9760-f8f4a5b78217,false,,iTravel® | Additional Language,,,Default,One per quote line,,,,Quantity,,false,,,,,,,,,,false,,,false,,,1.0,false,,,,false,false,false,false,,false,false,false,false,false,false,false,false,,Click,false,false,,false,List,,true,,false,,,,List,,,,,,Renewable,,false,,,,,,,
,,,,,1a80e5b7-ba95-4400-9760-f8f4a5b78217,false,,iTravel® | Additional Language,,,Default,One per quote line,,,,Quantity,,false,,,,,,,,,,false,,,false,,,1.0,false,,,,false,false,false,false,,false,false,false,false,false,false,false,false,,Click,false,false,,false,List,,true,,false,,,,List,,,,,,Renewable,,false,,,,,,,
,,,,,1a80e5b7-ba95-4400-9760-f8f4a5b78217,false,,iTravel® | Additional Language,,,Default,One per quote line,,,,Quantity,,false,,,,,,,,,,false,,,false,,,1.0,false,,,,false,false,false,false,,false,false,false,false,false,false,false,false,,Click,false,false,,false,List,,true,,false,,,,List,,,,,,Renewable,,false,,,,,,,
,,,,,1a80e5b7-ba95-4400-9760-f8f4a5b78217,false,,iTravel® | Additional Language,,,Default,One per quote line,,,,Quantity,,false,,,,,,,,,,false,,,false,,,1.0,false,,,,false,false,false,false,,false,false,false,false,false,false,false,false,,Click,false,false,,false,List,,true,,false,,,,List,,,,,,Renewable,,false,,,,,,,
,,,,,1a80e5b7-ba95-4400-9760-f8f4a5b78217,false,,iTravel® | Additional Language,,,Default,One per quote line,,,,Quantity,,false,,,,,,,,,,false,,,false,,,1.0,false,,,,false,false,false,false,,false,false,false,false,false,false,false,false,,Click,false,false,,false,List,,true,,false,,,,List,,,,,,Renewable,,false,,,,,,,
,,,,,1a80e5b7-ba95-4400-9760-f8f4a5b78217,false,,iTravel® | Additional Language,,,Default,One per quote line,,,,Quantity,,false,,,,,,,,,,false,,,false,,,1.0,false,,,,false,false,false,false,,false,false,false,false,false,false,false,false,,Click,false,false,,false,List,,true,,false,,,,List,,,,,,Renewable,,false,,,,,,,
,,,,,1a80e5b7-ba95-4400-9760-f8f4a5b78217,false,,iTravel® | Additional Language,,,Default,One per quote line,,,,Quantity,,false,,,,,,,,,,false,,,false,,,1.0,false,,,,false,false,false,false,,false,false,false,false,false,false,false,false,,Click,false,false,,false,List,,true,,false,,,,List,,,,,,Renewable,,false,,,,,,,
,,,,,1a80e5b7-ba95-4400-9760-f8f4a5b78217,false,,iTravel® | Additional Language,,,Default,One per quote line,,,,Quantity,,false,,,,,,,,,,false,,,false,,,1.0,false,,,,false,false,false,false,,false,false,false,false,false,false,false,false,,Click,false,false,,false,List,,true,,false,,,,List,,,,,,Renewable,,false,,,,,,,
,,,,,1a80e5b7-ba95-4400-9760-f8f4a5b78217,false,,iTravel® | Additional Language,,,Default,One per quote line,,,,Quantity,,false,,,,,,,,,,false,,,false,,,1.0,false,,,,false,false,false,false,,false,false,false,false,false,false,false,false,,Click,false,false,,false,List,,true,,false,,,,List,,,,,,Renewable,,false,,,,,,,
,,,,,1a80e5b7-ba95-4400-9760-f8f4a5b78217,false,,iTravel® | Additional Language,,,Default,One per quote line,,,,Quantity,,false,,,,,,,,,,false,,,false,,,1.0,false,,,,false,false,false,false,,false,false,false,false,false,false,false,false,,Click,false,false,,false,List,,true,,false,,,,List,,,,,,Renewable,,false,,,,,,,
,,,,,1a80e5b7-ba95-4400-9760-f8f4a5b78217,false,,iTravel® | Additional Language,,,Default,One per quote line,,,,Quantity,,false,,,,,,,,,,false,,,false,,,1.0,false,,,,false,false,false,false,,false,false,false,false,false,false,false,false,,Click,false,false,,false,List,,true,,false,,,,List,,,,,,Renewable,,false,,,,,,,
,,,,,1a80e5b7-ba95-4400-9760-f8f4a5b78217,false,,iTravel® | Additional Language,,,Default,One per quote line,,,,Quantity,,false,,,,,,,,,,false,,,false,,,1.0,false,,,,false,false,false,false,,false,false,false,false,false,false,false,false,,Click,false,false,,false,List,,true,,false,,,,List,,,,,,Renewable,,false,,,,,,,
,,,,,1a80e5b7-ba95-4400-9760-f8f4a5b78217,false,,iTravel® | Additional Language,,,Default,One per quote line,,,,Quantity,,false,,,,,,,,,,false,,,false,,,1.0,false,,,,false,false,false,false,,false,false,false,false,false,false,false,false,,Click,false,false,,false,List,,true,,false,,,,List,,,,,,Renewable,,false,,,,,,,
,,,,,1a80e5b7-ba95-4400-9760-f8f4a5b78217,false,,iTravel® | Additional Language,,,Default,One per quote line,,,,Quantity,,false,,,,,,,,,,false,,,false,,,1.0,false,,,,false,false,false,false,,false,false,false,false,false,false,false,false,,Click,false,false,,false,List,,true,,false,,,,List,,,,,,Renewable,,false,,,,,,,
,,,,,1a80e5b7-ba95-4400-9760-f8f4a5b78217,false,,iTravel® | Additional Language,,,Default,One per quote line,,,,Quantity,,false,,,,,,,,,,false,,,false,,,1.0,false,,,,false,false,false,false,,false,false,false,false,false,false,false,false,,Click,false,false,,false,List,,true,,false,,,,List,,,,,,Renewable,,false,,,,,,,
,,,,,1a80e5b7-ba95-4400-9760-f8f4a5b78217,false,,iTravel® | Additional Language,,,Default,One per quote line,,,,Quantity,,false,,,,,,,,,,false,,,false,,,1.0,false,,,,false,false,false,false,,false,false,false,false,false,false,false,false,,Click,false,false,,false,List,,true,,false,,,,List,,,,,,Renewable,,false,,,,,,,
,,,,,1a80e5b7-ba95-4400-9760-f8f4a5b78217,false,,iTravel® | Additional Language,,,Default,One per quote line,,,,Quantity,,false,,,,,,,,,,false,,,false,,,1.0,false,,,,false,false,false,false,,false,false,false,false,false,false,false,false,,Click,false,false,,false,List,,true,,false,,,,List,,,,,,Renewable,,false,,,,,,,
,,,,,1a80e5b7-ba95-4400-9760-f8f4a5b78217,false,,iTravel® | Additional Language,,,Default,One per quote line,,,,Quantity,,false,,,,,,,,,,false,,,false,,,1.0,false,,,,false,false,false,false,,false,false,false,false,false,false,false,false,,Click,false,false,,false,List,,true,,false,,,,List,,,,,,Renewable,,false,,,,,,,
,,,,,1a80e5b7-ba95-4400-9760-f8f4a5b78217,false,,iTravel® | Additional Language,,,Default,One per quote line,,,,Quantity,,false,,,,,,,,,,false,,,false,,,1.0,false,,,,false,false,false,false,,false,false,false,false,false,false,false,false,,Click,false,false,,false,List,,true,,false,,,,List,,,,,,Renewable,,false,,,,,,,
,,,,,1a80e5b7-ba95-4400-9760-f8f4a5b78217,false,,iTravel® | Additional Language,,,Default,One per quote line,,,,Quantity,,false,,,,,,,,,,false,,,false,,,1.0,false,,,,false,false,false,false,,false,false,false,false,false,false,false,false,,Click,false,false,,false,List,,true,,false,,,,List,,,,,,Renewable,,false,,,,,,,
,,,,,1a80e5b7-ba95-4400-9760-f8f4a5b78217,false,,iTravel® | Additional Language,,,Default,One per quote line,,,,Quantity,,false,,,,,,,,,,false,,,false,,,1.0,false,,,,false,false,false,false,,false,false,false,false,false,false,false,false,,Click,false,false,,false,List,,true,,false,,,,List,,,,,,Renewable,,false,,,,,,,
,,,,,1a80e5b7-ba95-4400-9760-f8f4a5b78217,false,,iTravel® | Additional Language,,,Default,One per quote line,,,,Quantity,,false,,,,,,,,,,false,,,false,,,1.0,false,,,,false,false,false,false,,false,false,false,false,false,false,false,false,,Click,false,false,,false,List,,true,,false,,,,List,,,,,,Renewable,,false,,,,,,,
,,,,,1a80e5b7-ba95-4400-9760-f8f4a5b78217,false,,iTravel® | Additional Language,,,Default,One per quote line,,,,Quantity,,false,,,,,,,,,,false,,,false,,,1.0,false,,,,false,false,false,false,,false,false,false,false,false,false,false,false,,Click,false,false,,false,List,,true,,false,,,,List,,,,,,Renewable,,false,,,,,,,
,,,,,1a80e5b7-ba95-4400-9760-f8f4a5b78217,false,,iTravel® | Additional Language,,,Default,One per quote line,,,,Quantity,,false,,,,,,,,,,false,,,false,,,1.0,false,,,,false,false,false,false,,false,false,false,false,false,false,false,false,,Click,false,false,,false,List,,true,,false,,,,List,,,,,,Renewable,,false,,,,,,,
,,,,,1a80e5b7-ba95-4400-9760-f8f4a5b78217,false,,iTravel® | Additional Language,,,Default,One per quote line,,,,Quantity,,false,,,,,,,,,,false,,,false,,,1.0,false,,,,false,false,false,false,,false,false,false,false,false,false,false,false,,Click,false,false,,false,List,,true,,false,,,,List,,,,,,Renewable,,false,,,,,,,
,,,,,1a80e5b7-ba95-4400-9760-f8f4a5b78217,false,,iTravel® | Additional Language,,,Default,One per quote line,,,,Quantity,,false,,,,,,,,,,false,,,false,,,1.0,false,,,,false,false,false,false,,false,false,false,false,false,false,false,false,,Click,false,false,,false,List,,true,,false,,,,List,,,,,,Renewable,,false,,,,,,,
,,,,,1a80e5b7-ba95-4400-9760-f8f4a5b78217,false,,iTravel® | Additional Language,,,Default,One per quote line,,,,Quantity,,false,,,,,,,,,,false,,,false,,,1.0,false,,,,false,false,false,false,,false,false,false,false,false,false,false,false,,Click,false,false,,false,List,,true,,false,,,,List,,,,,,Renewable,,false,,,,,,,
,,,,,1a80e5b7-ba95-4400-9760-f8f4a5b78217,false,,iTravel® | Additional Language,,,Default,One per quote line,,,,Quantity,,false,,,,,,,,,,false,,,false,,,1.0,false,,,,false,false,false,false,,false,false,false,false,false,false,false,false,,Click,false,false,,false,List,,true,,false,,,,List,,,,,,Renewable,,false,,,,,,,
,,,,,1a80e5b7-ba95-4400-9760-f8f4a5b78217,false,,iTravel® | Additional Language,,,Default,One per quote line,,,,Quantity,,false,,,,,,,,,,false,,,false,,,1.0,false,,,,false,false,false,false,,false,false,false,false,false,false,false,false,,Click,false,false,,false,List,,true,,false,,,,List,,,,,,Renewable,,false,,,,,,,
,,,,,1a80e5b7-ba95-4400-9760-f8f4a5b78217,false,,iTravel® | Additional Language,,,Default,One per quote line,,,,Quantity,,false,,,,,,,,,,false,,,false,,,1.0,false,,,,false,false,false,false,,false,false,false,false,false,false,false,false,,Click,false,false,,false,List,,true,,false,,,,List,,,,,,Renewable,,false,,,,,,,
,,,,,1a80e5b7-ba95-4400-9760-f8f4a5b78217,false,,iTravel® | Additional Language,,,Default,One per quote line,,,,Quantity,,false,,,,,,,,,,false,,,false,,,1.0,false,,,,false,false,false,false,,false,false,false,false,false,false,false,false,,Click,false,false,,false,List,,true,,false,,,,List,,,,,,Renewable,,false,,,,,,,
,,,,,1a80e5b7-ba95-4400-9760-f8f4a5b78217,false,,iTravel® | Additional Language,,,Default,One per quote line,,,,Quantity,,false,,,,,,,,,,false,,,false,,,1.0,false,,,,false,false,false,false,,false,false,false,false,false,false,false,false,,Click,false,false,,false,List,,true,,false,,,,List,,,,,,Renewable,,false,,,,,,,
,,,,,1a80e5b7-ba95-4400-9760-f8f4a5b78217,false,,iTravel® | Additional Language,,,Default,One per quote line,,,,Quantity,,false,,,,,,,,,,false,,,false,,,1.0,false,,,,false,false,false,false,,false,false,false,false,false,false,false,false,,Click,false,false,,false,List,,true,,false,,,,List,,,,,,Renewable,,false,,,,,,,
,,,,,1a80e5b7-ba95-4400-9760-f8f4a5b78217,false,,iTravel® | Additional Language,,,Default,One per quote line,,,,Quantity,,false,,,,,,,,,,false,,,false,,,1.0,false,,,,false,false,false,false,,false,false,false,false,false,false,false,false,,Click,false,false,,false,List,,true,,false,,,,List,,,,,,Renewable,,false,,,,,,,
,,,,,1a80e5b7-ba95-4400-9760-f8f4a5b78217,false,,iTravel® | Additional Language,,,Default,One per quote line,,,,Quantity,,false,,,,,,,,,,false,,,false,,,1.0,false,,,,false,false,false,false,,false,false,false,false,false,false,false,false,,Click,false,false,,false,List,,true,,false,,,,List,,,,,,Renewable,,false,,,,,,,
,,,,,1a80e5b7-ba95-4400-9760-f8f4a5b78217,false,,iTravel® | Additional Language,,,Default,One per quote line,,,,Quantity,,false,,,,,,,,,,false,,,false,,,1.0,false,,,,false,false,false,false,,false,false,false,false,false,false,false,false,,Click,false,false,,false,List,,true,,false,,,,List,,,,,,Renewable,,false,,,,,,,
,,,,,1a80e5b7-ba95-4400-9760-f8f4a5b78217,false,,iTravel® | Additional Language,,,Default,One per quote line,,,,Quantity,,false,,,,,,,,,,false,,,false,,,1.0,false,,,,false,false,false,false,,false,false,false,false,false,false,false,false,,Click,false,false,,false,List,,true,,false,,,,List,,,,,,Renewable,,false,,,,,,,
,,,,,1a80e5b7-ba95-4400-9760-f8f4a5b78217,false,,iTravel® | Additional Language,,,Default,One per quote line,,,,Quantity,,false,,,,,,,,,,false,,,false,,,1.0,false,,,,false,false,false,false,,false,false,false,false,false,false,false,false,,Click,false,false,,false,List,,true,,false,,,,List,,,,,,Renewable,,false,,,,,,,
,,,,,1a80e5b7-ba95-4400-9760-f8f4a5b78217,false,,iTravel® | Additional Language,,,Default,One per quote line,,,,Quantity,,false,,,,,,,,,,false,,,false,,,1.0,false,,,,false,false,false,false,,false,false,false,false,false,false,false,false,,Click,false,false,,false,List,,true,,false,,,,List,,,,,,Renewable,,false,,,,,,,
,,,,,1a80e5b7-ba95-4400-9760-f8f4a5b78217,false,,iTravel® | Additional Language,,,Default,One per quote line,,,,Quantity,,false,,,,,,,,,,false,,,false,,,1.0,false,,,,false,false,false,false,,false,false,false,false,false,false,false,false,,Click,false,false,,false,List,,true,,false,,,,List,,,,,,Renewable,,false,,,,,,,
,,,,,1a80e5b7-ba95-4400-9760-f8f4a5b78217,false,,iTravel® | Additional Language,,,Default,One per quote line,,,,Quantity,,false,,,,,,,,,,false,,,false,,,1.0,false,,,,false,false,false,false,,false,false,false,false,false,false,false,false,,Click,false,false,,false,List,,true,,false,,,,List,,,,,,Renewable,,false,,,,,,,
,,,,,1a80e5b7-ba95-4400-9760-f8f4a5b78217,false,,iTravel® | Additional Language,,,Default,One per quote line,,,,Quantity,,false,,,,,,,,,,false,,,false,,,1.0,false,,,,false,false,false,false,,false,false,false,false,false,false,false,false,,Click,false,false,,false,List,,true,,false,,,,List,,,,,,Renewable,,false,,,,,,,
,,,,,1a80e5b7-ba95-4400-9760-f8f4a5b78217,false,,iTravel® | Additional Language,,,Default,One per quote line,,,,Quantity,,false,,,,,,,,,,false,,,false,,,1.0,false,,,,false,false,false,false,,false,false,false,false,false,false,false,false,,Click,false,false,,false,List,,true,,false,,,,List,,,,,,Renewable,,false,,,,,,,
,,,,,1a80e5b7-ba95-4400-9760-f8f4a5b78217,false,,iTravel® | Additional Language,,,Default,One per quote line,,,,Quantity,,false,,,,,,,,,,false,,,false,,,1.0,false,,,,false,false,false,false,,false,false,false,false,false,false,false,false,,Click,false,false,,false,List,,true,,false,,,,List,,,,,,Renewable,,false,,,,,,,
,,,,,1a80e5b7-ba95-4400-9760-f8f4a5b78217,false,,iTravel® | Additional Language,,,Default,One per quote line,,,,Quantity,,false,,,,,,,,,,false,,,false,,,1.0,false,,,,false,false,false,false,,false,false,false,false,false,false,false,false,,Click,false,false,,false,List,,true,,false,,,,List,,,,,,Renewable,,false,,,,,,,
,,,,,1a80e5b7-ba95-4400-9760-f8f4a5b78217,false,,iTravel® | Additional Language,,,Default,One per quote line,,,,Quantity,,false,,,,,,,,,,false,,,false,,,1.0,false,,,,false,false,false,false,,false,false,false,false,false,false,false,false,,Click,false,false,,false,List,,true,,false,,,,List,,,,,,Renewable,,false,,,,,,,
,,,,,9966de3d-b2bd-43af-bbc7-d739232afac6,true,,Everything Plan,,,Default,One per quote line,,,,Quantity,,false,,,,,,,,,,false,,,false,,,1.0,false,,,,false,false,false,false,,false,false,false,false,false,false,false,false,,Click,false,false,,false,List,,true,,false,,,,List,,,Fixed Price,,12.0,Renewable,,false,,,,,,,
,,,,,9966de3d-b2bd-43af-bbc7-d739232afac6,true,,Everything Plan,,,Default,One per quote line,,,,Quantity,,false,,,,,,,,,,false,,,false,,,1.0,false,,,,false,false,false,false,,false,false,false,false,false,false,false,false,,Click,false,false,,false,List,,true,,false,,,,List,,,Fixed Price,,12.0,Renewable,,false,,,,,,,
,,,,,9966de3d-b2bd-43af-bbc7-d739232afac6,true,,Everything Plan,,,Default,One per quote line,,,,Quantity,,false,,,,,,,,,,false,,,false,,,1.0,false,,,,false,false,false,false,,false,false,false,false,false,false,false,false,,Click,false,false,,false,List,,true,,false,,,,List,,,Fixed Price,,12.0,Renewable,,false,,,,,,,
,,,,,9966de3d-b2bd-43af-bbc7-d739232afac6,true,,Everything Plan,,,Default,One per quote line,,,,Quantity,,false,,,,,,,,,,false,,,false,,,1.0,false,,,,false,false,false,false,,false,false,false,false,false,false,false,false,,Click,false,false,,false,List,,true,,false,,,,List,,,Fixed Price,,12.0,Renewable,,false,,,,,,,
,,,,,9966de3d-b2bd-43af-bbc7-d739232afac6,true,,Everything Plan,,,Default,One per quote line,,,,Quantity,,false,,,,,,,,,,false,,,false,,,1.0,false,,,,false,false,false,false,,false,false,false,false,false,false,false,false,,Click,false,false,,false,List,,true,,false,,,,List,,,Fixed Price,,12.0,Renewable,,false,,,,,,,
,,,,,9966de3d-b2bd-43af-bbc7-d739232afac6,true,,Everything Plan,,,Default,One per quote line,,,,Quantity,,false,,,,,,,,,,false,,,false,,,1.0,false,,,,false,false,false,false,,false,false,false,false,false,false,false,false,,Click,false,false,,false,List,,true,,false,,,,List,,,Fixed Price,,12.0,Renewable,,false,,,,,,,
,,,,,9966de3d-b2bd-43af-bbc7-d739232afac6,true,,Everything Plan,,,Default,One per quote line,,,,Quantity,,false,,,,,,,,,,false,,,false,,,1.0,false,,,,false,false,false,false,,false,false,false,false,false,false,false,false,,Click,false,false,,false,List,,true,,false,,,,List,,,Fixed Price,,12.0,Renewable,,false,,,,,,,
,,,,,9966de3d-b2bd-43af-bbc7-d739232afac6,true,,Everything Plan,,,Default,One per quote line,,,,Quantity,,false,,,,,,,,,,false,,,false,,,1.0,false,,,,false,false,false,false,,false,false,false,false,false,false,false,false,,Click,false,false,,false,List,,true,,false,,,,List,,,Fixed Price,,12.0,Renewable,,false,,,,,,,
,,,,,9966de3d-b2bd-43af-bbc7-d739232afac6,true,,Everything Plan,,,Default,One per quote line,,,,Quantity,,false,,,,,,,,,,false,,,false,,,1.0,false,,,,false,false,false,false,,false,false,false,false,false,false,false,false,,Click,false,false,,false,List,,true,,false,,,,List,,,Fixed Price,,12.0,Renewable,,false,,,,,,,
,,,,,9966de3d-b2bd-43af-bbc7-d739232afac6,true,,Everything Plan,,,Default,One per quote line,,,,Quantity,,false,,,,,,,,,,false,,,false,,,1.0,false,,,,false,false,false,false,,false,false,false,false,false,false,false,false,,Click,false,false,,false,List,,true,,false,,,,List,,,Fixed Price,,12.0,Renewable,,false,,,,,,,
,,,,,9966de3d-b2bd-43af-bbc7-d739232afac6,true,,Everything Plan,,,Default,One per quote line,,,,Quantity,,false,,,,,,,,,,false,,,false,,,1.0,false,,,,false,false,false,false,,false,false,false,false,false,false,false,false,,Click,false,false,,false,List,,true,,false,,,,List,,,Fixed Price,,12.0,Renewable,,false,,,,,,,
,,,,,9966de3d-b2bd-43af-bbc7-d739232afac6,true,,Everything Plan,,,Default,One per quote line,,,,Quantity,,false,,,,,,,,,,false,,,false,,,1.0,false,,,,false,false,false,false,,false,false,false,false,false,false,false,false,,Click,false,false,,false,List,,true,,false,,,,List,,,Fixed Price,,12.0,Renewable,,false,,,,,,,
,,,,,9966de3d-b2bd-43af-bbc7-d739232afac6,true,,Everything Plan,,,Default,One per quote line,,,,Quantity,,false,,,,,,,,,,false,,,false,,,1.0,false,,,,false,false,false,false,,false,false,false,false,false,false,false,false,,Click,false,false,,false,List,,true,,false,,,,List,,,Fixed Price,,12.0,Renewable,,false,,,,,,,
,,,,,9966de3d-b2bd-43af-bbc7-d739232afac6,true,,Everything Plan,,,Default,One per quote line,,,,Quantity,,false,,,,,,,,,,false,,,false,,,1.0,false,,,,false,false,false,false,,false,false,false,false,false,false,false,false,,Click,false,false,,false,List,,true,,false,,,,List,,,Fixed Price,,12.0,Renewable,,false,,,,,,,
,,,,,9966de3d-b2bd-43af-bbc7-d739232afac6,true,,Everything Plan,,,Default,One per quote line,,,,Quantity,,false,,,,,,,,,,false,,,false,,,1.0,false,,,,false,false,false,false,,false,false,false,false,false,false,false,false,,Click,false,false,,false,List,,true,,false,,,,List,,,Fixed Price,,12.0,Renewable,,false,,,,,,,
,,,,,9966de3d-b2bd-43af-bbc7-d739232afac6,true,,Everything Plan,,,Default,One per quote line,,,,Quantity,,false,,,,,,,,,,false,,,false,,,1.0,false,,,,false,false,false,false,,false,false,false,false,false,false,false,false,,Click,false,false,,false,List,,true,,false,,,,List,,,Fixed Price,,12.0,Renewable,,false,,,,,,,
,,,,,9966de3d-b2bd-43af-bbc7-d739232afac6,true,,Everything Plan,,,Default,One per quote line,,,,Quantity,,false,,,,,,,,,,false,,,false,,,1.0,false,,,,false,false,false,false,,false,false,false,false,false,false,false,false,,Click,false,false,,false,List,,true,,false,,,,List,,,Fixed Price,,12.0,Renewable,,false,,,,,,,
,,,,,9966de3d-b2bd-43af-bbc7-d739232afac6,true,,Everything Plan,,,Default,One per quote line,,,,Quantity,,false,,,,,,,,,,false,,,false,,,1.0,false,,,,false,false,false,false,,false,false,false,false,false,false,false,false,,Click,false,false,,false,List,,true,,false,,,,List,,,Fixed Price,,12.0,Renewable,,false,,,,,,,
,,,,,9966de3d-b2bd-43af-bbc7-d739232afac6,true,,Everything Plan,,,Default,One per quote line,,,,Quantity,,false,,,,,,,,,,false,,,false,,,1.0,false,,,,false,false,false,false,,false,false,false,false,false,false,false,false,,Click,false,false,,false,List,,true,,false,,,,List,,,Fixed Price,,12.0,Renewable,,false,,,,,,,
,,,,,9966de3d-b2bd-43af-bbc7-d739232afac6,true,,Everything Plan,,,Default,One per quote line,,,,Quantity,,false,,,,,,,,,,false,,,false,,,1.0,false,,,,false,false,false,false,,false,false,false,false,false,false,false,false,,Click,false,false,,false,List,,true,,false,,,,List,,,Fixed Price,,12.0,Renewable,,false,,,,,,,
,,,,,9966de3d-b2bd-43af-bbc7-d739232afac6,true,,Everything Plan,,,Default,One per quote line,,,,Quantity,,false,,,,,,,,,,false,,,false,,,1.0,false,,,,false,false,false,false,,false,false,false,false,false,false,false,false,,Click,false,false,,false,List,,true,,false,,,,List,,,Fixed Price,,12.0,Renewable,,false,,,,,,,
,,,,,9966de3d-b2bd-43af-bbc7-d739232afac6,true,,Everything Plan,,,Default,One per quote line,,,,Quantity,,false,,,,,,,,,,false,,,false,,,1.0,false,,,,false,false,false,false,,false,false,false,false,false,false,false,false,,Click,false,false,,false,List,,true,,false,,,,List,,,Fixed Price,,12.0,Renewable,,false,,,,,,,
,,,,,9966de3d-b2bd-43af-bbc7-d739232afac6,true,,Everything Plan,,,Default,One per quote line,,,,Quantity,,false,,,,,,,,,,false,,,false,,,1.0,false,,,,false,false,false,false,,false,false,false,false,false,false,false,false,,Click,false,false,,false,List,,true,,false,,,,List,,,Fixed Price,,12.0,Renewable,,false,,,,,,,
,,,,,9966de3d-b2bd-43af-bbc7-d739232afac6,true,,Everything Plan,,,Default,One per quote line,,,,Quantity,,false,,,,,,,,,,false,,,false,,,1.0,false,,,,false,false,false,false,,false,false,false,false,false,false,false,false,,Click,false,false,,false,List,,true,,false,,,,List,,,Fixed Price,,12.0,Renewable,,false,,,,,,,
,,,,,9966de3d-b2bd-43af-bbc7-d739232afac6,true,,Everything Plan,,,Default,One per quote line,,,,Quantity,,false,,,,,,,,,,false,,,false,,,1.0,false,,,,false,false,false,false,,false,false,false,false,false,false,false,false,,Click,false,false,,false,List,,true,,false,,,,List,,,Fixed Price,,12.0,Renewable,,false,,,,,,,
,,,,,9966de3d-b2bd-43af-bbc7-d739232afac6,true,,Everything Plan,,,Default,One per quote line,,,,Quantity,,false,,,,,,,,,,false,,,false,,,1.0,false,,,,false,false,false,false,,false,false,false,false,false,false,false,false,,Click,false,false,,false,List,,true,,false,,,,List,,,Fixed Price,,12.0,Renewable,,false,,,,,,,
,,,,,9966de3d-b2bd-43af-bbc7-d739232afac6,true,,Everything Plan,,,Default,One per quote line,,,,Quantity,,false,,,,,,,,,,false,,,false,,,1.0,false,,,,false,false,false,false,,false,false,false,false,false,false,false,false,,Click,false,false,,false,List,,true,,false,,,,List,,,Fixed Price,,12.0,Renewable,,false,,,,,,,
,,,,,9966de3d-b2bd-43af-bbc7-d739232afac6,true,,Everything Plan,,,Default,One per quote line,,,,Quantity,,false,,,,,,,,,,false,,,false,,,1.0,false,,,,false,false,false,false,,false,false,false,false,false,false,false,false,,Click,false,false,,false,List,,true,,false,,,,List,,,Fixed Price,,12.0,Renewable,,false,,,,,,,
,,,,,9966de3d-b2bd-43af-bbc7-d739232afac6,true,,Everything Plan,,,Default,One per quote line,,,,Quantity,,false,,,,,,,,,,false,,,false,,,1.0,false,,,,false,false,false,false,,false,false,false,false,false,false,false,false,,Click,false,false,,false,List,,true,,false,,,,List,,,Fixed Price,,12.0,Renewable,,false,,,,,,,
,,,,,9966de3d-b2bd-43af-bbc7-d739232afac6,true,,Everything Plan,,,Default,One per quote line,,,,Quantity,,false,,,,,,,,,,false,,,false,,,1.0,false,,,,false,false,false,false,,false,false,false,false,false,false,false,false,,Click,false,false,,false,List,,true,,false,,,,List,,,Fixed Price,,12.0,Renewable,,false,,,,,,,
,,,,,9966de3d-b2bd-43af-bbc7-d739232afac6,true,,Everything Plan,,,Default,One per quote line,,,,Quantity,,false,,,,,,,,,,false,,,false,,,1.0,false,,,,false,false,false,false,,false,false,false,false,false,false,false,false,,Click,false,false,,false,List,,true,,false,,,,List,,,Fixed Price,,12.0,Renewable,,false,,,,,,,
,,,,,9966de3d-b2bd-43af-bbc7-d739232afac6,true,,Everything Plan,,,Default,One per quote line,,,,Quantity,,false,,,,,,,,,,false,,,false,,,1.0,false,,,,false,false,false,false,,false,false,false,false,false,false,false,false,,Click,false,false,,false,List,,true,,false,,,,List,,,Fixed Price,,12.0,Renewable,,false,,,,,,,
,,,,,9966de3d-b2bd-43af-bbc7-d739232afac6,true,,Everything Plan,,,Default,One per quote line,,,,Quantity,,false,,,,,,,,,,false,,,false,,,1.0,false,,,,false,false,false,false,,false,false,false,false,false,false,false,false,,Click,false,false,,false,List,,true,,false,,,,List,,,Fixed Price,,12.0,Renewable,,false,,,,,,,
,,,,,9966de3d-b2bd-43af-bbc7-d739232afac6,true,,Everything Plan,,,Default,One per quote line,,,,Quantity,,false,,,,,,,,,,false,,,false,,,1.0,false,,,,false,false,false,false,,false,false,false,false,false,false,false,false,,Click,false,false,,false,List,,true,,false,,,,List,,,Fixed Price,,12.0,Renewable,,false,,,,,,,
,,,,,9966de3d-b2bd-43af-bbc7-d739232afac6,true,,Everything Plan,,,Default,One per quote line,,,,Quantity,,false,,,,,,,,,,false,,,false,,,1.0,false,,,,false,false,false,false,,false,false,false,false,false,false,false,false,,Click,false,false,,false,List,,true,,false,,,,List,,,Fixed Price,,12.0,Renewable,,false,,,,,,,
,,,,,9966de3d-b2bd-43af-bbc7-d739232afac6,true,,Everything Plan,,,Default,One per quote line,,,,Quantity,,false,,,,,,,,,,false,,,false,,,1.0,false,,,,false,false,false,false,,false,false,false,false,false,false,false,false,,Click,false,false,,false,List,,true,,false,,,,List,,,Fixed Price,,12.0,Renewable,,false,,,,,,,
,,,,,9966de3d-b2bd-43af-bbc7-d739232afac6,true,,Everything Plan,,,Default,One per quote line,,,,Quantity,,false,,,,,,,,,,false,,,false,,,1.0,false,,,,false,false,false,false,,false,false,false,false,false,false,false,false,,Click,false,false,,false,List,,true,,false,,,,List,,,Fixed Price,,12.0,Renewable,,false,,,,,,,
,,,,,9966de3d-b2bd-43af-bbc7-d739232afac6,true,,Everything Plan,,,Default,One per quote line,,,,Quantity,,false,,,,,,,,,,false,,,false,,,1.0,false,,,,false,false,false,false,,false,false,false,false,false,false,false,false,,Click,false,false,,false,List,,true,,false,,,,List,,,Fixed Price,,12.0,Renewable,,false,,,,,,,
,,,,,9966de3d-b2bd-43af-bbc7-d739232afac6,true,,Everything Plan,,,Default,One per quote line,,,,Quantity,,false,,,,,,,,,,false,,,false,,,1.0,false,,,,false,false,false,false,,false,false,false,false,false,false,false,false,,Click,false,false,,false,List,,true,,false,,,,List,,,Fixed Price,,12.0,Renewable,,false,,,,,,,
,,,,,9966de3d-b2bd-43af-bbc7-d739232afac6,true,,Everything Plan,,,Default,One per quote line,,,,Quantity,,false,,,,,,,,,,false,,,false,,,1.0,false,,,,false,false,false,false,,false,false,false,false,false,false,false,false,,Click,false,false,,false,List,,true,,false,,,,List,,,Fixed Price,,12.0,Renewable,,false,,,,,,,
,,,,,9966de3d-b2bd-43af-bbc7-d739232afac6,true,,Everything Plan,,,Default,One per quote line,,,,Quantity,,false,,,,,,,,,,false,,,false,,,1.0,false,,,,false,false,false,false,,false,false,false,false,false,false,false,false,,Click,false,false,,false,List,,true,,false,,,,List,,,Fixed Price,,12.0,Renewable,,false,,,,,,,
,,,,,9966de3d-b2bd-43af-bbc7-d739232afac6,true,,Everything Plan,,,Default,One per quote line,,,,Quantity,,false,,,,,,,,,,false,,,false,,,1.0,false,,,,false,false,false,false,,false,false,false,false,false,false,false,false,,Click,false,false,,false,List,,true,,false,,,,List,,,Fixed Price,,12.0,Renewable,,false,,,,,,,
,,,,,9966de3d-b2bd-43af-bbc7-d739232afac6,true,,Everything Plan,,,Default,One per quote line,,,,Quantity,,false,,,,,,,,,,false,,,false,,,1.0,false,,,,false,false,false,false,,false,false,false,false,false,false,false,false,,Click,false,false,,false,List,,true,,false,,,,List,,,Fixed Price,,12.0,Renewable,,false,,,,,,,
,,,,,9966de3d-b2bd-43af-bbc7-d739232afac6,true,,Everything Plan,,,Default,One per quote line,,,,Quantity,,false,,,,,,,,,,false,,,false,,,1.0,false,,,,false,false,false,false,,false,false,false,false,false,false,false,false,,Click,false,false,,false,List,,true,,false,,,,List,,,Fixed Price,,12.0,Renewable,,false,,,,,,,
,,,,,9966de3d-b2bd-43af-bbc7-d739232afac6,true,,Everything Plan,,,Default,One per quote line,,,,Quantity,,false,,,,,,,,,,false,,,false,,,1.0,false,,,,false,false,false,false,,false,false,false,false,false,false,false,false,,Click,false,false,,false,List,,true,,false,,,,List,,,Fixed Price,,12.0,Renewable,,false,,,,,,,
,,,,,9966de3d-b2bd-43af-bbc7-d739232afac6,true,,Everything Plan,,,Default,One per quote line,,,,Quantity,,false,,,,,,,,,,false,,,false,,,1.0,false,,,,false,false,false,false,,false,false,false,false,false,false,false,false,,Click,false,false,,false,List,,true,,false,,,,List,,,Fixed Price,,12.0,Renewable,,false,,,,,,,
,,,,,9966de3d-b2bd-43af-bbc7-d739232afac6,true,,Everything Plan,,,Default,One per quote line,,,,Quantity,,false,,,,,,,,,,false,,,false,,,1.0,false,,,,false,false,false,false,,false,false,false,false,false,false,false,false,,Click,false,false,,false,List,,true,,false,,,,List,,,Fixed Price,,12.0,Renewable,,false,,,,,,,
,,,,,9966de3d-b2bd-43af-bbc7-d739232afac6,true,,Everything Plan,,,Default,One per quote line,,,,Quantity,,false,,,,,,,,,,false,,,false,,,1.0,false,,,,false,false,false,false,,false,false,false,false,false,false,false,false,,Click,false,false,,false,List,,true,,false,,,,List,,,Fixed Price,,12.0,Renewable,,false,,,,,,,
,,,,,9966de3d-b2bd-43af-bbc7-d739232afac6,true,,Everything Plan,,,Default,One per quote line,,,,Quantity,,false,,,,,,,,,,false,,,false,,,1.0,false,,,,false,false,false,false,,false,false,false,false,false,false,false,false,,Click,false,false,,false,List,,true,,false,,,,List,,,Fixed Price,,12.0,Renewable,,false,,,,,,,
,,,,,099ff19a-6794-412d-a771-151b2a989036,false,,myProduct1_edit 2,,,Default,One per quote line,,,,Quantity,,false,10.0,Always,,,,Required,,,,false,,,false,Always,,1.0,false,,,List price is minimum,false,false,false,false,,false,false,false,false,false,false,false,false,,Add,false,false,,true,Cost,,true,,false,,,,List,,,,,,Renewable,,false,Line,,,,,,
,,,,,099ff19a-6794-412d-a771-151b2a989036,false,,myProduct1_edit 2,,,Default,One per quote line,,,,Quantity,,false,10.0,Always,,,,Required,,,,false,,,false,Always,,1.0,false,,,List price is minimum,false,false,false,false,,false,false,false,false,false,false,false,false,,Add,false,false,,true,Cost,,true,,false,,,,List,,,,,,Renewable,,false,Line,,,,,,
,,,,,099ff19a-6794-412d-a771-151b2a989036,false,,myProduct1_edit 2,,,Default,One per quote line,,,,Quantity,,false,10.0,Always,,,,Required,,,,false,,,false,Always,,1.0,false,,,List price is minimum,false,false,false,false,,false,false,false,false,false,false,false,false,,Add,false,false,,true,Cost,,true,,false,,,,List,,,,,,Renewable,,false,Line,,,,,,
,,,,,099ff19a-6794-412d-a771-151b2a989036,false,,myProduct1_edit 2,,,Default,One per quote line,,,,Quantity,,false,10.0,Always,,,,Required,,,,false,,,false,Always,,1.0,false,,,List price is minimum,false,false,false,false,,false,false,false,false,false,false,false,false,,Add,false,false,,true,Cost,,true,,false,,,,List,,,,,,Renewable,,false,Line,,,,,,
,,,,,099ff19a-6794-412d-a771-151b2a989036,false,,myProduct1_edit 2,,,Default,One per quote line,,,,Quantity,,false,10.0,Always,,,,Required,,,,false,,,false,Always,,1.0,false,,,List price is minimum,false,false,false,false,,false,false,false,false,false,false,false,false,,Add,false,false,,true,Cost,,true,,false,,,,List,,,,,,Renewable,,false,Line,,,,,,
,,,,,099ff19a-6794-412d-a771-151b2a989036,false,,myProduct1_edit 2,,,Default,One per quote line,,,,Quantity,,false,10.0,Always,,,,Required,,,,false,,,false,Always,,1.0,false,,,List price is minimum,false,false,false,false,,false,false,false,false,false,false,false,false,,Add,false,false,,true,Cost,,true,,false,,,,List,,,,,,Renewable,,false,Line,,,,,,
,,,,,099ff19a-6794-412d-a771-151b2a989036,false,,myProduct1_edit 2,,,Default,One per quote line,,,,Quantity,,false,10.0,Always,,,,Required,,,,false,,,false,Always,,1.0,false,,,List price is minimum,false,false,false,false,,false,false,false,false,false,false,false,false,,Add,false,false,,true,Cost,,true,,false,,,,List,,,,,,Renewable,,false,Line,,,,,,
,,,,,099ff19a-6794-412d-a771-151b2a989036,false,,myProduct1_edit 2,,,Default,One per quote line,,,,Quantity,,false,10.0,Always,,,,Required,,,,false,,,false,Always,,1.0,false,,,List price is minimum,false,false,false,false,,false,false,false,false,false,false,false,false,,Add,false,false,,true,Cost,,true,,false,,,,List,,,,,,Renewable,,false,Line,,,,,,
,,,,,099ff19a-6794-412d-a771-151b2a989036,false,,myProduct1_edit 2,,,Default,One per quote line,,,,Quantity,,false,10.0,Always,,,,Required,,,,false,,,false,Always,,1.0,false,,,List price is minimum,false,false,false,false,,false,false,false,false,false,false,false,false,,Add,false,false,,true,Cost,,true,,false,,,,List,,,,,,Renewable,,false,Line,,,,,,
,,,,,099ff19a-6794-412d-a771-151b2a989036,false,,myProduct1_edit 2,,,Default,One per quote line,,,,Quantity,,false,10.0,Always,,,,Required,,,,false,,,false,Always,,1.0,false,,,List price is minimum,false,false,false,false,,false,false,false,false,false,false,false,false,,Add,false,false,,true,Cost,,true,,false,,,,List,,,,,,Renewable,,false,Line,,,,,,
,,,,,099ff19a-6794-412d-a771-151b2a989036,false,,myProduct1_edit 2,,,Default,One per quote line,,,,Quantity,,false,10.0,Always,,,,Required,,,,false,,,false,Always,,1.0,false,,,List price is minimum,false,false,false,false,,false,false,false,false,false,false,false,false,,Add,false,false,,true,Cost,,true,,false,,,,List,,,,,,Renewable,,false,Line,,,,,,
,,,,,099ff19a-6794-412d-a771-151b2a989036,false,,myProduct1_edit 2,,,Default,One per quote line,,,,Quantity,,false,10.0,Always,,,,Required,,,,false,,,false,Always,,1.0,false,,,List price is minimum,false,false,false,false,,false,false,false,false,false,false,false,false,,Add,false,false,,true,Cost,,true,,false,,,,List,,,,,,Renewable,,false,Line,,,,,,
,,,,,099ff19a-6794-412d-a771-151b2a989036,false,,myProduct1_edit 2,,,Default,One per quote line,,,,Quantity,,false,10.0,Always,,,,Required,,,,false,,,false,Always,,1.0,false,,,List price is minimum,false,false,false,false,,false,false,false,false,false,false,false,false,,Add,false,false,,true,Cost,,true,,false,,,,List,,,,,,Renewable,,false,Line,,,,,,
,,,,,099ff19a-6794-412d-a771-151b2a989036,false,,myProduct1_edit 2,,,Default,One per quote line,,,,Quantity,,false,10.0,Always,,,,Required,,,,false,,,false,Always,,1.0,false,,,List price is minimum,false,false,false,false,,false,false,false,false,false,false,false,false,,Add,false,false,,true,Cost,,true,,false,,,,List,,,,,,Renewable,,false,Line,,,,,,
,,,,,099ff19a-6794-412d-a771-151b2a989036,false,,myProduct1_edit 2,,,Default,One per quote line,,,,Quantity,,false,10.0,Always,,,,Required,,,,false,,,false,Always,,1.0,false,,,List price is minimum,false,false,false,false,,false,false,false,false,false,false,false,false,,Add,false,false,,true,Cost,,true,,false,,,,List,,,,,,Renewable,,false,Line,,,,,,
,,,,,099ff19a-6794-412d-a771-151b2a989036,false,,myProduct1_edit 2,,,Default,One per quote line,,,,Quantity,,false,10.0,Always,,,,Required,,,,false,,,false,Always,,1.0,false,,,List price is minimum,false,false,false,false,,false,false,false,false,false,false,false,false,,Add,false,false,,true,Cost,,true,,false,,,,List,,,,,,Renewable,,false,Line,,,,,,
,,,,,099ff19a-6794-412d-a771-151b2a989036,false,,myProduct1_edit 2,,,Default,One per quote line,,,,Quantity,,false,10.0,Always,,,,Required,,,,false,,,false,Always,,1.0,false,,,List price is minimum,false,false,false,false,,false,false,false,false,false,false,false,false,,Add,false,false,,true,Cost,,true,,false,,,,List,,,,,,Renewable,,false,Line,,,,,,
,,,,,099ff19a-6794-412d-a771-151b2a989036,false,,myProduct1_edit 2,,,Default,One per quote line,,,,Quantity,,false,10.0,Always,,,,Required,,,,false,,,false,Always,,1.0,false,,,List price is minimum,false,false,false,false,,false,false,false,false,false,false,false,false,,Add,false,false,,true,Cost,,true,,false,,,,List,,,,,,Renewable,,false,Line,,,,,,
,,,,,099ff19a-6794-412d-a771-151b2a989036,false,,myProduct1_edit 2,,,Default,One per quote line,,,,Quantity,,false,10.0,Always,,,,Required,,,,false,,,false,Always,,1.0,false,,,List price is minimum,false,false,false,false,,false,false,false,false,false,false,false,false,,Add,false,false,,true,Cost,,true,,false,,,,List,,,,,,Renewable,,false,Line,,,,,,
,,,,,099ff19a-6794-412d-a771-151b2a989036,false,,myProduct1_edit 2,,,Default,One per quote line,,,,Quantity,,false,10.0,Always,,,,Required,,,,false,,,false,Always,,1.0,false,,,List price is minimum,false,false,false,false,,false,false,false,false,false,false,false,false,,Add,false,false,,true,Cost,,true,,false,,,,List,,,,,,Renewable,,false,Line,,,,,,
,,,,,099ff19a-6794-412d-a771-151b2a989036,false,,myProduct1_edit 2,,,Default,One per quote line,,,,Quantity,,false,10.0,Always,,,,Required,,,,false,,,false,Always,,1.0,false,,,List price is minimum,false,false,false,false,,false,false,false,false,false,false,false,false,,Add,false,false,,true,Cost,,true,,false,,,,List,,,,,,Renewable,,false,Line,,,,,,
,,,,,099ff19a-6794-412d-a771-151b2a989036,false,,myProduct1_edit 2,,,Default,One per quote line,,,,Quantity,,false,10.0,Always,,,,Required,,,,false,,,false,Always,,1.0,false,,,List price is minimum,false,false,false,false,,false,false,false,false,false,false,false,false,,Add,false,false,,true,Cost,,true,,false,,,,List,,,,,,Renewable,,false,Line,,,,,,
,,,,,099ff19a-6794-412d-a771-151b2a989036,false,,myProduct1_edit 2,,,Default,One per quote line,,,,Quantity,,false,10.0,Always,,,,Required,,,,false,,,false,Always,,1.0,false,,,List price is minimum,false,false,false,false,,false,false,false,false,false,false,false,false,,Add,false,false,,true,Cost,,true,,false,,,,List,,,,,,Renewable,,false,Line,,,,,,
,,,,,099ff19a-6794-412d-a771-151b2a989036,false,,myProduct1_edit 2,,,Default,One per quote line,,,,Quantity,,false,10.0,Always,,,,Required,,,,false,,,false,Always,,1.0,false,,,List price is minimum,false,false,false,false,,false,false,false,false,false,false,false,false,,Add,false,false,,true,Cost,,true,,false,,,,List,,,,,,Renewable,,false,Line,,,,,,
,,,,,099ff19a-6794-412d-a771-151b2a989036,false,,myProduct1_edit 2,,,Default,One per quote line,,,,Quantity,,false,10.0,Always,,,,Required,,,,false,,,false,Always,,1.0,false,,,List price is minimum,false,false,false,false,,false,false,false,false,false,false,false,false,,Add,false,false,,true,Cost,,true,,false,,,,List,,,,,,Renewable,,false,Line,,,,,,
,,,,,099ff19a-6794-412d-a771-151b2a989036,false,,myProduct1_edit 2,,,Default,One per quote line,,,,Quantity,,false,10.0,Always,,,,Required,,,,false,,,false,Always,,1.0,false,,,List price is minimum,false,false,false,false,,false,false,false,false,false,false,false,false,,Add,false,false,,true,Cost,,true,,false,,,,List,,,,,,Renewable,,false,Line,,,,,,
,,,,,099ff19a-6794-412d-a771-151b2a989036,false,,myProduct1_edit 2,,,Default,One per quote line,,,,Quantity,,false,10.0,Always,,,,Required,,,,false,,,false,Always,,1.0,false,,,List price is minimum,false,false,false,false,,false,false,false,false,false,false,false,false,,Add,false,false,,true,Cost,,true,,false,,,,List,,,,,,Renewable,,false,Line,,,,,,
,,,,,099ff19a-6794-412d-a771-151b2a989036,false,,myProduct1_edit 2,,,Default,One per quote line,,,,Quantity,,false,10.0,Always,,,,Required,,,,false,,,false,Always,,1.0,false,,,List price is minimum,false,false,false,false,,false,false,false,false,false,false,false,false,,Add,false,false,,true,Cost,,true,,false,,,,List,,,,,,Renewable,,false,Line,,,,,,
,,,,,099ff19a-6794-412d-a771-151b2a989036,false,,myProduct1_edit 2,,,Default,One per quote line,,,,Quantity,,false,10.0,Always,,,,Required,,,,false,,,false,Always,,1.0,false,,,List price is minimum,false,false,false,false,,false,false,false,false,false,false,false,false,,Add,false,false,,true,Cost,,true,,false,,,,List,,,,,,Renewable,,false,Line,,,,,,
,,,,,099ff19a-6794-412d-a771-151b2a989036,false,,myProduct1_edit 2,,,Default,One per quote line,,,,Quantity,,false,10.0,Always,,,,Required,,,,false,,,false,Always,,1.0,false,,,List price is minimum,false,false,false,false,,false,false,false,false,false,false,false,false,,Add,false,false,,true,Cost,,true,,false,,,,List,,,,,,Renewable,,false,Line,,,,,,
,,,,,099ff19a-6794-412d-a771-151b2a989036,false,,myProduct1_edit 2,,,Default,One per quote line,,,,Quantity,,false,10.0,Always,,,,Required,,,,false,,,false,Always,,1.0,false,,,List price is minimum,false,false,false,false,,false,false,false,false,false,false,false,false,,Add,false,false,,true,Cost,,true,,false,,,,List,,,,,,Renewable,,false,Line,,,,,,
,,,,,099ff19a-6794-412d-a771-151b2a989036,false,,myProduct1_edit 2,,,Default,One per quote line,,,,Quantity,,false,10.0,Always,,,,Required,,,,false,,,false,Always,,1.0,false,,,List price is minimum,false,false,false,false,,false,false,false,false,false,false,false,false,,Add,false,false,,true,Cost,,true,,false,,,,List,,,,,,Renewable,,false,Line,,,,,,
,,,,,099ff19a-6794-412d-a771-151b2a989036,false,,myProduct1_edit 2,,,Default,One per quote line,,,,Quantity,,false,10.0,Always,,,,Required,,,,false,,,false,Always,,1.0,false,,,List price is minimum,false,false,false,false,,false,false,false,false,false,false,false,false,,Add,false,false,,true,Cost,,true,,false,,,,List,,,,,,Renewable,,false,Line,,,,,,
,,,,,099ff19a-6794-412d-a771-151b2a989036,false,,myProduct1_edit 2,,,Default,One per quote line,,,,Quantity,,false,10.0,Always,,,,Required,,,,false,,,false,Always,,1.0,false,,,List price is minimum,false,false,false,false,,false,false,false,false,false,false,false,false,,Add,false,false,,true,Cost,,true,,false,,,,List,,,,,,Renewable,,false,Line,,,,,,
,,,,,099ff19a-6794-412d-a771-151b2a989036,false,,myProduct1_edit 2,,,Default,One per quote line,,,,Quantity,,false,10.0,Always,,,,Required,,,,false,,,false,Always,,1.0,false,,,List price is minimum,false,false,false,false,,false,false,false,false,false,false,false,false,,Add,false,false,,true,Cost,,true,,false,,,,List,,,,,,Renewable,,false,Line,,,,,,
,,,,,099ff19a-6794-412d-a771-151b2a989036,false,,myProduct1_edit 2,,,Default,One per quote line,,,,Quantity,,false,10.0,Always,,,,Required,,,,false,,,false,Always,,1.0,false,,,List price is minimum,false,false,false,false,,false,false,false,false,false,false,false,false,,Add,false,false,,true,Cost,,true,,false,,,,List,,,,,,Renewable,,false,Line,,,,,,
,,,,,099ff19a-6794-412d-a771-151b2a989036,false,,myProduct1_edit 2,,,Default,One per quote line,,,,Quantity,,false,10.0,Always,,,,Required,,,,false,,,false,Always,,1.0,false,,,List price is minimum,false,false,false,false,,false,false,false,false,false,false,false,false,,Add,false,false,,true,Cost,,true,,false,,,,List,,,,,,Renewable,,false,Line,,,,,,
,,,,,099ff19a-6794-412d-a771-151b2a989036,false,,myProduct1_edit 2,,,Default,One per quote line,,,,Quantity,,false,10.0,Always,,,,Required,,,,false,,,false,Always,,1.0,false,,,List price is minimum,false,false,false,false,,false,false,false,false,false,false,false,false,,Add,false,false,,true,Cost,,true,,false,,,,List,,,,,,Renewable,,false,Line,,,,,,
,,,,,099ff19a-6794-412d-a771-151b2a989036,false,,myProduct1_edit 2,,,Default,One per quote line,,,,Quantity,,false,10.0,Always,,,,Required,,,,false,,,false,Always,,1.0,false,,,List price is minimum,false,false,false,false,,false,false,false,false,false,false,false,false,,Add,false,false,,true,Cost,,true,,false,,,,List,,,,,,Renewable,,false,Line,,,,,,
,,,,,099ff19a-6794-412d-a771-151b2a989036,false,,myProduct1_edit 2,,,Default,One per quote line,,,,Quantity,,false,10.0,Always,,,,Required,,,,false,,,false,Always,,1.0,false,,,List price is minimum,false,false,false,false,,false,false,false,false,false,false,false,false,,Add,false,false,,true,Cost,,true,,false,,,,List,,,,,,Renewable,,false,Line,,,,,,
,,,,,099ff19a-6794-412d-a771-151b2a989036,false,,myProduct1_edit 2,,,Default,One per quote line,,,,Quantity,,false,10.0,Always,,,,Required,,,,false,,,false,Always,,1.0,false,,,List price is minimum,false,false,false,false,,false,false,false,false,false,false,false,false,,Add,false,false,,true,Cost,,true,,false,,,,List,,,,,,Renewable,,false,Line,,,,,,
,,,,,099ff19a-6794-412d-a771-151b2a989036,false,,myProduct1_edit 2,,,Default,One per quote line,,,,Quantity,,false,10.0,Always,,,,Required,,,,false,,,false,Always,,1.0,false,,,List price is minimum,false,false,false,false,,false,false,false,false,false,false,false,false,,Add,false,false,,true,Cost,,true,,false,,,,List,,,,,,Renewable,,false,Line,,,,,,
,,,,,099ff19a-6794-412d-a771-151b2a989036,false,,myProduct1_edit 2,,,Default,One per quote line,,,,Quantity,,false,10.0,Always,,,,Required,,,,false,,,false,Always,,1.0,false,,,List price is minimum,false,false,false,false,,false,false,false,false,false,false,false,false,,Add,false,false,,true,Cost,,true,,false,,,,List,,,,,,Renewable,,false,Line,,,,,,
,,,,,099ff19a-6794-412d-a771-151b2a989036,false,,myProduct1_edit 2,,,Default,One per quote line,,,,Quantity,,false,10.0,Always,,,,Required,,,,false,,,false,Always,,1.0,false,,,List price is minimum,false,false,false,false,,false,false,false,false,false,false,false,false,,Add,false,false,,true,Cost,,true,,false,,,,List,,,,,,Renewable,,false,Line,,,,,,
,,,,,099ff19a-6794-412d-a771-151b2a989036,false,,myProduct1_edit 2,,,Default,One per quote line,,,,Quantity,,false,10.0,Always,,,,Required,,,,false,,,false,Always,,1.0,false,,,List price is minimum,false,false,false,false,,false,false,false,false,false,false,false,false,,Add,false,false,,true,Cost,,true,,false,,,,List,,,,,,Renewable,,false,Line,,,,,,
,,,,,099ff19a-6794-412d-a771-151b2a989036,false,,myProduct1_edit 2,,,Default,One per quote line,,,,Quantity,,false,10.0,Always,,,,Required,,,,false,,,false,Always,,1.0,false,,,List price is minimum,false,false,false,false,,false,false,false,false,false,false,false,false,,Add,false,false,,true,Cost,,true,,false,,,,List,,,,,,Renewable,,false,Line,,,,,,
,,,,,099ff19a-6794-412d-a771-151b2a989036,false,,myProduct1_edit 2,,,Default,One per quote line,,,,Quantity,,false,10.0,Always,,,,Required,,,,false,,,false,Always,,1.0,false,,,List price is minimum,false,false,false,false,,false,false,false,false,false,false,false,false,,Add,false,false,,true,Cost,,true,,false,,,,List,,,,,,Renewable,,false,Line,,,,,,
,,,,,099ff19a-6794-412d-a771-151b2a989036,false,,myProduct1_edit 2,,,Default,One per quote line,,,,Quantity,,false,10.0,Always,,,,Required,,,,false,,,false,Always,,1.0,false,,,List price is minimum,false,false,false,false,,false,false,false,false,false,false,false,false,,Add,false,false,,true,Cost,,true,,false,,,,List,,,,,,Renewable,,false,Line,,,,,,
,,,,,099ff19a-6794-412d-a771-151b2a989036,false,,myProduct1_edit 2,,,Default,One per quote line,,,,Quantity,,false,10.0,Always,,,,Required,,,,false,,,false,Always,,1.0,false,,,List price is minimum,false,false,false,false,,false,false,false,false,false,false,false,false,,Add,false,false,,true,Cost,,true,,false,,,,List,,,,,,Renewable,,false,Line,,,,,,
,,,,,0d05132d-7ccf-4ad4-8f68-33ba6da47eda,false,,mooverTest1,,,Default,One per quote line,,,,Quantity,,false,,,,,,,,,,false,,,false,,,1.0,false,,,,false,false,false,false,,false,false,false,false,false,false,false,false,,Click,false,false,,false,List,,true,,false,,,,List,,,,,,Renewable,,false,,,,,,,
,,,,,0d05132d-7ccf-4ad4-8f68-33ba6da47eda,false,,mooverTest1,,,Default,One per quote line,,,,Quantity,,false,,,,,,,,,,false,,,false,,,1.0,false,,,,false,false,false,false,,false,false,false,false,false,false,false,false,,Click,false,false,,false,List,,true,,false,,,,List,,,,,,Renewable,,false,,,,,,,
,,,,,0d05132d-7ccf-4ad4-8f68-33ba6da47eda,false,,mooverTest1,,,Default,One per quote line,,,,Quantity,,false,,,,,,,,,,false,,,false,,,1.0,false,,,,false,false,false,false,,false,false,false,false,false,false,false,false,,Click,false,false,,false,List,,true,,false,,,,List,,,,,,Renewable,,false,,,,,,,
,,,,,0d05132d-7ccf-4ad4-8f68-33ba6da47eda,false,,mooverTest1,,,Default,One per quote line,,,,Quantity,,false,,,,,,,,,,false,,,false,,,1.0,false,,,,false,false,false,false,,false,false,false,false,false,false,false,false,,Click,false,false,,false,List,,true,,false,,,,List,,,,,,Renewable,,false,,,,,,,
,,,,,0d05132d-7ccf-4ad4-8f68-33ba6da47eda,false,,mooverTest1,,,Default,One per quote line,,,,Quantity,,false,,,,,,,,,,false,,,false,,,1.0,false,,,,false,false,false,false,,false,false,false,false,false,false,false,false,,Click,false,false,,false,List,,true,,false,,,,List,,,,,,Renewable,,false,,,,,,,
,,,,,0d05132d-7ccf-4ad4-8f68-33ba6da47eda,false,,mooverTest1,,,Default,One per quote line,,,,Quantity,,false,,,,,,,,,,false,,,false,,,1.0,false,,,,false,false,false,false,,false,false,false,false,false,false,false,false,,Click,false,false,,false,List,,true,,false,,,,List,,,,,,Renewable,,false,,,,,,,
,,,,,0d05132d-7ccf-4ad4-8f68-33ba6da47eda,false,,mooverTest1,,,Default,One per quote line,,,,Quantity,,false,,,,,,,,,,false,,,false,,,1.0,false,,,,false,false,false,false,,false,false,false,false,false,false,false,false,,Click,false,false,,false,List,,true,,false,,,,List,,,,,,Renewable,,false,,,,,,,
,,,,,0d05132d-7ccf-4ad4-8f68-33ba6da47eda,false,,mooverTest1,,,Default,One per quote line,,,,Quantity,,false,,,,,,,,,,false,,,false,,,1.0,false,,,,false,false,false,false,,false,false,false,false,false,false,false,false,,Click,false,false,,false,List,,true,,false,,,,List,,,,,,Renewable,,false,,,,,,,
,,,,,0d05132d-7ccf-4ad4-8f68-33ba6da47eda,false,,mooverTest1,,,Default,One per quote line,,,,Quantity,,false,,,,,,,,,,false,,,false,,,1.0,false,,,,false,false,false,false,,false,false,false,false,false,false,false,false,,Click,false,false,,false,List,,true,,false,,,,List,,,,,,Renewable,,false,,,,,,,
,,,,,0d05132d-7ccf-4ad4-8f68-33ba6da47eda,false,,mooverTest1,,,Default,One per quote line,,,,Quantity,,false,,,,,,,,,,false,,,false,,,1.0,false,,,,false,false,false,false,,false,false,false,false,false,false,false,false,,Click,false,false,,false,List,,true,,false,,,,List,,,,,,Renewable,,false,,,,,,,
,,,,,0d05132d-7ccf-4ad4-8f68-33ba6da47eda,false,,mooverTest1,,,Default,One per quote line,,,,Quantity,,false,,,,,,,,,,false,,,false,,,1.0,false,,,,false,false,false,false,,false,false,false,false,false,false,false,false,,Click,false,false,,false,List,,true,,false,,,,List,,,,,,Renewable,,false,,,,,,,
,,,,,0d05132d-7ccf-4ad4-8f68-33ba6da47eda,false,,mooverTest1,,,Default,One per quote line,,,,Quantity,,false,,,,,,,,,,false,,,false,,,1.0,false,,,,false,false,false,false,,false,false,false,false,false,false,false,false,,Click,false,false,,false,List,,true,,false,,,,List,,,,,,Renewable,,false,,,,,,,
,,,,,0d05132d-7ccf-4ad4-8f68-33ba6da47eda,false,,mooverTest1,,,Default,One per quote line,,,,Quantity,,false,,,,,,,,,,false,,,false,,,1.0,false,,,,false,false,false,false,,false,false,false,false,false,false,false,false,,Click,false,false,,false,List,,true,,false,,,,List,,,,,,Renewable,,false,,,,,,,
,,,,,0d05132d-7ccf-4ad4-8f68-33ba6da47eda,false,,mooverTest1,,,Default,One per quote line,,,,Quantity,,false,,,,,,,,,,false,,,false,,,1.0,false,,,,false,false,false,false,,false,false,false,false,false,false,false,false,,Click,false,false,,false,List,,true,,false,,,,List,,,,,,Renewable,,false,,,,,,,
,,,,,0d05132d-7ccf-4ad4-8f68-33ba6da47eda,false,,mooverTest1,,,Default,One per quote line,,,,Quantity,,false,,,,,,,,,,false,,,false,,,1.0,false,,,,false,false,false,false,,false,false,false,false,false,false,false,false,,Click,false,false,,false,List,,true,,false,,,,List,,,,,,Renewable,,false,,,,,,,
,,,,,0d05132d-7ccf-4ad4-8f68-33ba6da47eda,false,,mooverTest1,,,Default,One per quote line,,,,Quantity,,false,,,,,,,,,,false,,,false,,,1.0,false,,,,false,false,false,false,,false,false,false,false,false,false,false,false,,Click,false,false,,false,List,,true,,false,,,,List,,,,,,Renewable,,false,,,,,,,
,,,,,0d05132d-7ccf-4ad4-8f68-33ba6da47eda,false,,mooverTest1,,,Default,One per quote line,,,,Quantity,,false,,,,,,,,,,false,,,false,,,1.0,false,,,,false,false,false,false,,false,false,false,false,false,false,false,false,,Click,false,false,,false,List,,true,,false,,,,List,,,,,,Renewable,,false,,,,,,,
,,,,,0d05132d-7ccf-4ad4-8f68-33ba6da47eda,false,,mooverTest1,,,Default,One per quote line,,,,Quantity,,false,,,,,,,,,,false,,,false,,,1.0,false,,,,false,false,false,false,,false,false,false,false,false,false,false,false,,Click,false,false,,false,List,,true,,false,,,,List,,,,,,Renewable,,false,,,,,,,
,,,,,0d05132d-7ccf-4ad4-8f68-33ba6da47eda,false,,mooverTest1,,,Default,One per quote line,,,,Quantity,,false,,,,,,,,,,false,,,false,,,1.0,false,,,,false,false,false,false,,false,false,false,false,false,false,false,false,,Click,false,false,,false,List,,true,,false,,,,List,,,,,,Renewable,,false,,,,,,,
,,,,,0d05132d-7ccf-4ad4-8f68-33ba6da47eda,false,,mooverTest1,,,Default,One per quote line,,,,Quantity,,false,,,,,,,,,,false,,,false,,,1.0,false,,,,false,false,false,false,,false,false,false,false,false,false,false,false,,Click,false,false,,false,List,,true,,false,,,,List,,,,,,Renewable,,false,,,,,,,
,,,,,0d05132d-7ccf-4ad4-8f68-33ba6da47eda,false,,mooverTest1,,,Default,One per quote line,,,,Quantity,,false,,,,,,,,,,false,,,false,,,1.0,false,,,,false,false,false,false,,false,false,false,false,false,false,false,false,,Click,false,false,,false,List,,true,,false,,,,List,,,,,,Renewable,,false,,,,,,,
,,,,,0d05132d-7ccf-4ad4-8f68-33ba6da47eda,false,,mooverTest1,,,Default,One per quote line,,,,Quantity,,false,,,,,,,,,,false,,,false,,,1.0,false,,,,false,false,false,false,,false,false,false,false,false,false,false,false,,Click,false,false,,false,List,,true,,false,,,,List,,,,,,Renewable,,false,,,,,,,
,,,,,0d05132d-7ccf-4ad4-8f68-33ba6da47eda,false,,mooverTest1,,,Default,One per quote line,,,,Quantity,,false,,,,,,,,,,false,,,false,,,1.0,false,,,,false,false,false,false,,false,false,false,false,false,false,false,false,,Click,false,false,,false,List,,true,,false,,,,List,,,,,,Renewable,,false,,,,,,,
,,,,,0d05132d-7ccf-4ad4-8f68-33ba6da47eda,false,,mooverTest1,,,Default,One per quote line,,,,Quantity,,false,,,,,,,,,,false,,,false,,,1.0,false,,,,false,false,false,false,,false,false,false,false,false,false,false,false,,Click,false,false,,false,List,,true,,false,,,,List,,,,,,Renewable,,false,,,,,,,
,,,,,0d05132d-7ccf-4ad4-8f68-33ba6da47eda,false,,mooverTest1,,,Default,One per quote line,,,,Quantity,,false,,,,,,,,,,false,,,false,,,1.0,false,,,,false,false,false,false,,false,false,false,false,false,false,false,false,,Click,false,false,,false,List,,true,,false,,,,List,,,,,,Renewable,,false,,,,,,,
,,,,,0d05132d-7ccf-4ad4-8f68-33ba6da47eda,false,,mooverTest1,,,Default,One per quote line,,,,Quantity,,false,,,,,,,,,,false,,,false,,,1.0,false,,,,false,false,false,false,,false,false,false,false,false,false,false,false,,Click,false,false,,false,List,,true,,false,,,,List,,,,,,Renewable,,false,,,,,,,
,,,,,0d05132d-7ccf-4ad4-8f68-33ba6da47eda,false,,mooverTest1,,,Default,One per quote line,,,,Quantity,,false,,,,,,,,,,false,,,false,,,1.0,false,,,,false,false,false,false,,false,false,false,false,false,false,false,false,,Click,false,false,,false,List,,true,,false,,,,List,,,,,,Renewable,,false,,,,,,,
,,,,,0d05132d-7ccf-4ad4-8f68-33ba6da47eda,false,,mooverTest1,,,Default,One per quote line,,,,Quantity,,false,,,,,,,,,,false,,,false,,,1.0,false,,,,false,false,false,false,,false,false,false,false,false,false,false,false,,Click,false,false,,false,List,,true,,false,,,,List,,,,,,Renewable,,false,,,,,,,
,,,,,0d05132d-7ccf-4ad4-8f68-33ba6da47eda,false,,mooverTest1,,,Default,One per quote line,,,,Quantity,,false,,,,,,,,,,false,,,false,,,1.0,false,,,,false,false,false,false,,false,false,false,false,false,false,false,false,,Click,false,false,,false,List,,true,,false,,,,List,,,,,,Renewable,,false,,,,,,,
,,,,,0d05132d-7ccf-4ad4-8f68-33ba6da47eda,false,,mooverTest1,,,Default,One per quote line,,,,Quantity,,false,,,,,,,,,,false,,,false,,,1.0,false,,,,false,false,false,false,,false,false,false,false,false,false,false,false,,Click,false,false,,false,List,,true,,false,,,,List,,,,,,Renewable,,false,,,,,,,
,,,,,0d05132d-7ccf-4ad4-8f68-33ba6da47eda,false,,mooverTest1,,,Default,One per quote line,,,,Quantity,,false,,,,,,,,,,false,,,false,,,1.0,false,,,,false,false,false,false,,false,false,false,false,false,false,false,false,,Click,false,false,,false,List,,true,,false,,,,List,,,,,,Renewable,,false,,,,,,,
,,,,,0d05132d-7ccf-4ad4-8f68-33ba6da47eda,false,,mooverTest1,,,Default,One per quote line,,,,Quantity,,false,,,,,,,,,,false,,,false,,,1.0,false,,,,false,false,false,false,,false,false,false,false,false,false,false,false,,Click,false,false,,false,List,,true,,false,,,,List,,,,,,Renewable,,false,,,,,,,
,,,,,0d05132d-7ccf-4ad4-8f68-33ba6da47eda,false,,mooverTest1,,,Default,One per quote line,,,,Quantity,,false,,,,,,,,,,false,,,false,,,1.0,false,,,,false,false,false,false,,false,false,false,false,false,false,false,false,,Click,false,false,,false,List,,true,,false,,,,List,,,,,,Renewable,,false,,,,,,,
,,,,,0d05132d-7ccf-4ad4-8f68-33ba6da47eda,false,,mooverTest1,,,Default,One per quote line,,,,Quantity,,false,,,,,,,,,,false,,,false,,,1.0,false,,,,false,false,false,false,,false,false,false,false,false,false,false,false,,Click,false,false,,false,List,,true,,false,,,,List,,,,,,Renewable,,false,,,,,,,
,,,,,0d05132d-7ccf-4ad4-8f68-33ba6da47eda,false,,mooverTest1,,,Default,One per quote line,,,,Quantity,,false,,,,,,,,,,false,,,false,,,1.0,false,,,,false,false,false,false,,false,false,false,false,false,false,false,false,,Click,false,false,,false,List,,true,,false,,,,List,,,,,,Renewable,,false,,,,,,,
,,,,,0d05132d-7ccf-4ad4-8f68-33ba6da47eda,false,,mooverTest1,,,Default,One per quote line,,,,Quantity,,false,,,,,,,,,,false,,,false,,,1.0,false,,,,false,false,false,false,,false,false,false,false,false,false,false,false,,Click,false,false,,false,List,,true,,false,,,,List,,,,,,Renewable,,false,,,,,,,
,,,,,0d05132d-7ccf-4ad4-8f68-33ba6da47eda,false,,mooverTest1,,,Default,One per quote line,,,,Quantity,,false,,,,,,,,,,false,,,false,,,1.0,false,,,,false,false,false,false,,false,false,false,false,false,false,false,false,,Click,false,false,,false,List,,true,,false,,,,List,,,,,,Renewable,,false,,,,,,,
,,,,,0d05132d-7ccf-4ad4-8f68-33ba6da47eda,false,,mooverTest1,,,Default,One per quote line,,,,Quantity,,false,,,,,,,,,,false,,,false,,,1.0,false,,,,false,false,false,false,,false,false,false,false,false,false,false,false,,Click,false,false,,false,List,,true,,false,,,,List,,,,,,Renewable,,false,,,,,,,
,,,,,0d05132d-7ccf-4ad4-8f68-33ba6da47eda,false,,mooverTest1,,,Default,One per quote line,,,,Quantity,,false,,,,,,,,,,false,,,false,,,1.0,false,,,,false,false,false,false,,false,false,false,false,false,false,false,false,,Click,false,false,,false,List,,true,,false,,,,List,,,,,,Renewable,,false,,,,,,,
,,,,,0d05132d-7ccf-4ad4-8f68-33ba6da47eda,false,,mooverTest1,,,Default,One per quote line,,,,Quantity,,false,,,,,,,,,,false,,,false,,,1.0,false,,,,false,false,false,false,,false,false,false,false,false,false,false,false,,Click,false,false,,false,List,,true,,false,,,,List,,,,,,Renewable,,false,,,,,,,
,,,,,0d05132d-7ccf-4ad4-8f68-33ba6da47eda,false,,mooverTest1,,,Default,One per quote line,,,,Quantity,,false,,,,,,,,,,false,,,false,,,1.0,false,,,,false,false,false,false,,false,false,false,false,false,false,false,false,,Click,false,false,,false,List,,true,,false,,,,List,,,,,,Renewable,,false,,,,,,,
,,,,,0d05132d-7ccf-4ad4-8f68-33ba6da47eda,false,,mooverTest1,,,Default,One per quote line,,,,Quantity,,false,,,,,,,,,,false,,,false,,,1.0,false,,,,false,false,false,false,,false,false,false,false,false,false,false,false,,Click,false,false,,false,List,,true,,false,,,,List,,,,,,Renewable,,false,,,,,,,
,,,,,0d05132d-7ccf-4ad4-8f68-33ba6da47eda,false,,mooverTest1,,,Default,One per quote line,,,,Quantity,,false,,,,,,,,,,false,,,false,,,1.0,false,,,,false,false,false,false,,false,false,false,false,false,false,false,false,,Click,false,false,,false,List,,true,,false,,,,List,,,,,,Renewable,,false,,,,,,,
,,,,,0d05132d-7ccf-4ad4-8f68-33ba6da47eda,false,,mooverTest1,,,Default,One per quote line,,,,Quantity,,false,,,,,,,,,,false,,,false,,,1.0,false,,,,false,false,false,false,,false,false,false,false,false,false,false,false,,Click,false,false,,false,List,,true,,false,,,,List,,,,,,Renewable,,false,,,,,,,
,,,,,0d05132d-7ccf-4ad4-8f68-33ba6da47eda,false,,mooverTest1,,,Default,One per quote line,,,,Quantity,,false,,,,,,,,,,false,,,false,,,1.0,false,,,,false,false,false,false,,false,false,false,false,false,false,false,false,,Click,false,false,,false,List,,true,,false,,,,List,,,,,,Renewable,,false,,,,,,,
,,,,,0d05132d-7ccf-4ad4-8f68-33ba6da47eda,false,,mooverTest1,,,Default,One per quote line,,,,Quantity,,false,,,,,,,,,,false,,,false,,,1.0,false,,,,false,false,false,false,,false,false,false,false,false,false,false,false,,Click,false,false,,false,List,,true,,false,,,,List,,,,,,Renewable,,false,,,,,,,
,,,,,0d05132d-7ccf-4ad4-8f68-33ba6da47eda,false,,mooverTest1,,,Default,One per quote line,,,,Quantity,,false,,,,,,,,,,false,,,false,,,1.0,false,,,,false,false,false,false,,false,false,false,false,false,false,false,false,,Click,false,false,,false,List,,true,,false,,,,List,,,,,,Renewable,,false,,,,,,,
,,,,,0d05132d-7ccf-4ad4-8f68-33ba6da47eda,false,,mooverTest1,,,Default,One per quote line,,,,Quantity,,false,,,,,,,,,,false,,,false,,,1.0,false,,,,false,false,false,false,,false,false,false,false,false,false,false,false,,Click,false,false,,false,List,,true,,false,,,,List,,,,,,Renewable,,false,,,,,,,
,,,,,0d05132d-7ccf-4ad4-8f68-33ba6da47eda,false,,mooverTest1,,,Default,One per quote line,,,,Quantity,,false,,,,,,,,,,false,,,false,,,1.0,false,,,,false,false,false,false,,false,false,false,false,false,false,false,false,,Click,false,false,,false,List,,true,,false,,,,List,,,,,,Renewable,,false,,,,,,,
,,,,,8c56afc7-4291-4592-a10d-118fd05bc294,false,,myProduct_edit,,,Default,One per quote line,,,,Quantity,,false,,,,,,,,,,false,,,false,,,1.0,false,,,,false,false,false,false,,false,false,false,false,false,false,false,false,,Click,false,false,,false,List,,true,,false,,,,List,,,,,,Renewable,,false,,,,,,,
,,,,,8c56afc7-4291-4592-a10d-118fd05bc294,false,,myProduct_edit,,,Default,One per quote line,,,,Quantity,,false,,,,,,,,,,false,,,false,,,1.0,false,,,,false,false,false,false,,false,false,false,false,false,false,false,false,,Click,false,false,,false,List,,true,,false,,,,List,,,,,,Renewable,,false,,,,,,,
,,,,,8c56afc7-4291-4592-a10d-118fd05bc294,false,,myProduct_edit,,,Default,One per quote line,,,,Quantity,,false,,,,,,,,,,false,,,false,,,1.0,false,,,,false,false,false,false,,false,false,false,false,false,false,false,false,,Click,false,false,,false,List,,true,,false,,,,List,,,,,,Renewable,,false,,,,,,,
,,,,,8c56afc7-4291-4592-a10d-118fd05bc294,false,,myProduct_edit,,,Default,One per quote line,,,,Quantity,,false,,,,,,,,,,false,,,false,,,1.0,false,,,,false,false,false,false,,false,false,false,false,false,false,false,false,,Click,false,false,,false,List,,true,,false,,,,List,,,,,,Renewable,,false,,,,,,,
,,,,,8c56afc7-4291-4592-a10d-118fd05bc294,false,,myProduct_edit,,,Default,One per quote line,,,,Quantity,,false,,,,,,,,,,false,,,false,,,1.0,false,,,,false,false,false,false,,false,false,false,false,false,false,false,false,,Click,false,false,,false,List,,true,,false,,,,List,,,,,,Renewable,,false,,,,,,,
,,,,,8c56afc7-4291-4592-a10d-118fd05bc294,false,,myProduct_edit,,,Default,One per quote line,,,,Quantity,,false,,,,,,,,,,false,,,false,,,1.0,false,,,,false,false,false,false,,false,false,false,false,false,false,false,false,,Click,false,false,,false,List,,true,,false,,,,List,,,,,,Renewable,,false,,,,,,,
,,,,,8c56afc7-4291-4592-a10d-118fd05bc294,false,,myProduct_edit,,,Default,One per quote line,,,,Quantity,,false,,,,,,,,,,false,,,false,,,1.0,false,,,,false,false,false,false,,false,false,false,false,false,false,false,false,,Click,false,false,,false,List,,true,,false,,,,List,,,,,,Renewable,,false,,,,,,,
,,,,,8c56afc7-4291-4592-a10d-118fd05bc294,false,,myProduct_edit,,,Default,One per quote line,,,,Quantity,,false,,,,,,,,,,false,,,false,,,1.0,false,,,,false,false,false,false,,false,false,false,false,false,false,false,false,,Click,false,false,,false,List,,true,,false,,,,List,,,,,,Renewable,,false,,,,,,,
,,,,,8c56afc7-4291-4592-a10d-118fd05bc294,false,,myProduct_edit,,,Default,One per quote line,,,,Quantity,,false,,,,,,,,,,false,,,false,,,1.0,false,,,,false,false,false,false,,false,false,false,false,false,false,false,false,,Click,false,false,,false,List,,true,,false,,,,List,,,,,,Renewable,,false,,,,,,,
,,,,,8c56afc7-4291-4592-a10d-118fd05bc294,false,,myProduct_edit,,,Default,One per quote line,,,,Quantity,,false,,,,,,,,,,false,,,false,,,1.0,false,,,,false,false,false,false,,false,false,false,false,false,false,false,false,,Click,false,false,,false,List,,true,,false,,,,List,,,,,,Renewable,,false,,,,,,,
,,,,,8c56afc7-4291-4592-a10d-118fd05bc294,false,,myProduct_edit,,,Default,One per quote line,,,,Quantity,,false,,,,,,,,,,false,,,false,,,1.0,false,,,,false,false,false,false,,false,false,false,false,false,false,false,false,,Click,false,false,,false,List,,true,,false,,,,List,,,,,,Renewable,,false,,,,,,,
,,,,,8c56afc7-4291-4592-a10d-118fd05bc294,false,,myProduct_edit,,,Default,One per quote line,,,,Quantity,,false,,,,,,,,,,false,,,false,,,1.0,false,,,,false,false,false,false,,false,false,false,false,false,false,false,false,,Click,false,false,,false,List,,true,,false,,,,List,,,,,,Renewable,,false,,,,,,,
,,,,,8c56afc7-4291-4592-a10d-118fd05bc294,false,,myProduct_edit,,,Default,One per quote line,,,,Quantity,,false,,,,,,,,,,false,,,false,,,1.0,false,,,,false,false,false,false,,false,false,false,false,false,false,false,false,,Click,false,false,,false,List,,true,,false,,,,List,,,,,,Renewable,,false,,,,,,,
,,,,,8c56afc7-4291-4592-a10d-118fd05bc294,false,,myProduct_edit,,,Default,One per quote line,,,,Quantity,,false,,,,,,,,,,false,,,false,,,1.0,false,,,,false,false,false,false,,false,false,false,false,false,false,false,false,,Click,false,false,,false,List,,true,,false,,,,List,,,,,,Renewable,,false,,,,,,,
,,,,,8c56afc7-4291-4592-a10d-118fd05bc294,false,,myProduct_edit,,,Default,One per quote line,,,,Quantity,,false,,,,,,,,,,false,,,false,,,1.0,false,,,,false,false,false,false,,false,false,false,false,false,false,false,false,,Click,false,false,,false,List,,true,,false,,,,List,,,,,,Renewable,,false,,,,,,,
,,,,,8c56afc7-4291-4592-a10d-118fd05bc294,false,,myProduct_edit,,,Default,One per quote line,,,,Quantity,,false,,,,,,,,,,false,,,false,,,1.0,false,,,,false,false,false,false,,false,false,false,false,false,false,false,false,,Click,false,false,,false,List,,true,,false,,,,List,,,,,,Renewable,,false,,,,,,,
,,,,,8c56afc7-4291-4592-a10d-118fd05bc294,false,,myProduct_edit,,,Default,One per quote line,,,,Quantity,,false,,,,,,,,,,false,,,false,,,1.0,false,,,,false,false,false,false,,false,false,false,false,false,false,false,false,,Click,false,false,,false,List,,true,,false,,,,List,,,,,,Renewable,,false,,,,,,,
,,,,,8c56afc7-4291-4592-a10d-118fd05bc294,false,,myProduct_edit,,,Default,One per quote line,,,,Quantity,,false,,,,,,,,,,false,,,false,,,1.0,false,,,,false,false,false,false,,false,false,false,false,false,false,false,false,,Click,false,false,,false,List,,true,,false,,,,List,,,,,,Renewable,,false,,,,,,,
,,,,,8c56afc7-4291-4592-a10d-118fd05bc294,false,,myProduct_edit,,,Default,One per quote line,,,,Quantity,,false,,,,,,,,,,false,,,false,,,1.0,false,,,,false,false,false,false,,false,false,false,false,false,false,false,false,,Click,false,false,,false,List,,true,,false,,,,List,,,,,,Renewable,,false,,,,,,,
,,,,,8c56afc7-4291-4592-a10d-118fd05bc294,false,,myProduct_edit,,,Default,One per quote line,,,,Quantity,,false,,,,,,,,,,false,,,false,,,1.0,false,,,,false,false,false,false,,false,false,false,false,false,false,false,false,,Click,false,false,,false,List,,true,,false,,,,List,,,,,,Renewable,,false,,,,,,,
,,,,,8c56afc7-4291-4592-a10d-118fd05bc294,false,,myProduct_edit,,,Default,One per quote line,,,,Quantity,,false,,,,,,,,,,false,,,false,,,1.0,false,,,,false,false,false,false,,false,false,false,false,false,false,false,false,,Click,false,false,,false,List,,true,,false,,,,List,,,,,,Renewable,,false,,,,,,,
,,,,,8c56afc7-4291-4592-a10d-118fd05bc294,false,,myProduct_edit,,,Default,One per quote line,,,,Quantity,,false,,,,,,,,,,false,,,false,,,1.0,false,,,,false,false,false,false,,false,false,false,false,false,false,false,false,,Click,false,false,,false,List,,true,,false,,,,List,,,,,,Renewable,,false,,,,,,,
,,,,,8c56afc7-4291-4592-a10d-118fd05bc294,false,,myProduct_edit,,,Default,One per quote line,,,,Quantity,,false,,,,,,,,,,false,,,false,,,1.0,false,,,,false,false,false,false,,false,false,false,false,false,false,false,false,,Click,false,false,,false,List,,true,,false,,,,List,,,,,,Renewable,,false,,,,,,,
,,,,,8c56afc7-4291-4592-a10d-118fd05bc294,false,,myProduct_edit,,,Default,One per quote line,,,,Quantity,,false,,,,,,,,,,false,,,false,,,1.0,false,,,,false,false,false,false,,false,false,false,false,false,false,false,false,,Click,false,false,,false,List,,true,,false,,,,List,,,,,,Renewable,,false,,,,,,,
,,,,,8c56afc7-4291-4592-a10d-118fd05bc294,false,,myProduct_edit,,,Default,One per quote line,,,,Quantity,,false,,,,,,,,,,false,,,false,,,1.0,false,,,,false,false,false,false,,false,false,false,false,false,false,false,false,,Click,false,false,,false,List,,true,,false,,,,List,,,,,,Renewable,,false,,,,,,,
,,,,,8c56afc7-4291-4592-a10d-118fd05bc294,false,,myProduct_edit,,,Default,One per quote line,,,,Quantity,,false,,,,,,,,,,false,,,false,,,1.0,false,,,,false,false,false,false,,false,false,false,false,false,false,false,false,,Click,false,false,,false,List,,true,,false,,,,List,,,,,,Renewable,,false,,,,,,,
,,,,,8c56afc7-4291-4592-a10d-118fd05bc294,false,,myProduct_edit,,,Default,One per quote line,,,,Quantity,,false,,,,,,,,,,false,,,false,,,1.0,false,,,,false,false,false,false,,false,false,false,false,false,false,false,false,,Click,false,false,,false,List,,true,,false,,,,List,,,,,,Renewable,,false,,,,,,,
,,,,,8c56afc7-4291-4592-a10d-118fd05bc294,false,,myProduct_edit,,,Default,One per quote line,,,,Quantity,,false,,,,,,,,,,false,,,false,,,1.0,false,,,,false,false,false,false,,false,false,false,false,false,false,false,false,,Click,false,false,,false,List,,true,,false,,,,List,,,,,,Renewable,,false,,,,,,,
,,,,,8c56afc7-4291-4592-a10d-118fd05bc294,false,,myProduct_edit,,,Default,One per quote line,,,,Quantity,,false,,,,,,,,,,false,,,false,,,1.0,false,,,,false,false,false,false,,false,false,false,false,false,false,false,false,,Click,false,false,,false,List,,true,,false,,,,List,,,,,,Renewable,,false,,,,,,,
,,,,,8c56afc7-4291-4592-a10d-118fd05bc294,false,,myProduct_edit,,,Default,One per quote line,,,,Quantity,,false,,,,,,,,,,false,,,false,,,1.0,false,,,,false,false,false,false,,false,false,false,false,false,false,false,false,,Click,false,false,,false,List,,true,,false,,,,List,,,,,,Renewable,,false,,,,,,,
,,,,,8c56afc7-4291-4592-a10d-118fd05bc294,false,,myProduct_edit,,,Default,One per quote line,,,,Quantity,,false,,,,,,,,,,false,,,false,,,1.0,false,,,,false,false,false,false,,false,false,false,false,false,false,false,false,,Click,false,false,,false,List,,true,,false,,,,List,,,,,,Renewable,,false,,,,,,,
,,,,,8c56afc7-4291-4592-a10d-118fd05bc294,false,,myProduct_edit,,,Default,One per quote line,,,,Quantity,,false,,,,,,,,,,false,,,false,,,1.0,false,,,,false,false,false,false,,false,false,false,false,false,false,false,false,,Click,false,false,,false,List,,true,,false,,,,List,,,,,,Renewable,,false,,,,,,,
,,,,,8c56afc7-4291-4592-a10d-118fd05bc294,false,,myProduct_edit,,,Default,One per quote line,,,,Quantity,,false,,,,,,,,,,false,,,false,,,1.0,false,,,,false,false,false,false,,false,false,false,false,false,false,false,false,,Click,false,false,,false,List,,true,,false,,,,List,,,,,,Renewable,,false,,,,,,,
,,,,,8c56afc7-4291-4592-a10d-118fd05bc294,false,,myProduct_edit,,,Default,One per quote line,,,,Quantity,,false,,,,,,,,,,false,,,false,,,1.0,false,,,,false,false,false,false,,false,false,false,false,false,false,false,false,,Click,false,false,,false,List,,true,,false,,,,List,,,,,,Renewable,,false,,,,,,,
,,,,,8c56afc7-4291-4592-a10d-118fd05bc294,false,,myProduct_edit,,,Default,One per quote line,,,,Quantity,,false,,,,,,,,,,false,,,false,,,1.0,false,,,,false,false,false,false,,false,false,false,false,false,false,false,false,,Click,false,false,,false,List,,true,,false,,,,List,,,,,,Renewable,,false,,,,,,,
,,,,,8c56afc7-4291-4592-a10d-118fd05bc294,false,,myProduct_edit,,,Default,One per quote line,,,,Quantity,,false,,,,,,,,,,false,,,false,,,1.0,false,,,,false,false,false,false,,false,false,false,false,false,false,false,false,,Click,false,false,,false,List,,true,,false,,,,List,,,,,,Renewable,,false,,,,,,,
,,,,,8c56afc7-4291-4592-a10d-118fd05bc294,false,,myProduct_edit,,,Default,One per quote line,,,,Quantity,,false,,,,,,,,,,false,,,false,,,1.0,false,,,,false,false,false,false,,false,false,false,false,false,false,false,false,,Click,false,false,,false,List,,true,,false,,,,List,,,,,,Renewable,,false,,,,,,,
,,,,,8c56afc7-4291-4592-a10d-118fd05bc294,false,,myProduct_edit,,,Default,One per quote line,,,,Quantity,,false,,,,,,,,,,false,,,false,,,1.0,false,,,,false,false,false,false,,false,false,false,false,false,false,false,false,,Click,false,false,,false,List,,true,,false,,,,List,,,,,,Renewable,,false,,,,,,,
,,,,,8c56afc7-4291-4592-a10d-118fd05bc294,false,,myProduct_edit,,,Default,One per quote line,,,,Quantity,,false,,,,,,,,,,false,,,false,,,1.0,false,,,,false,false,false,false,,false,false,false,false,false,false,false,false,,Click,false,false,,false,List,,true,,false,,,,List,,,,,,Renewable,,false,,,,,,,
,,,,,8c56afc7-4291-4592-a10d-118fd05bc294,false,,myProduct_edit,,,Default,One per quote line,,,,Quantity,,false,,,,,,,,,,false,,,false,,,1.0,false,,,,false,false,false,false,,false,false,false,false,false,false,false,false,,Click,false,false,,false,List,,true,,false,,,,List,,,,,,Renewable,,false,,,,,,,
,,,,,8c56afc7-4291-4592-a10d-118fd05bc294,false,,myProduct_edit,,,Default,One per quote line,,,,Quantity,,false,,,,,,,,,,false,,,false,,,1.0,false,,,,false,false,false,false,,false,false,false,false,false,false,false,false,,Click,false,false,,false,List,,true,,false,,,,List,,,,,,Renewable,,false,,,,,,,
,,,,,8c56afc7-4291-4592-a10d-118fd05bc294,false,,myProduct_edit,,,Default,One per quote line,,,,Quantity,,false,,,,,,,,,,false,,,false,,,1.0,false,,,,false,false,false,false,,false,false,false,false,false,false,false,false,,Click,false,false,,false,List,,true,,false,,,,List,,,,,,Renewable,,false,,,,,,,
,,,,,8c56afc7-4291-4592-a10d-118fd05bc294,false,,myProduct_edit,,,Default,One per quote line,,,,Quantity,,false,,,,,,,,,,false,,,false,,,1.0,false,,,,false,false,false,false,,false,false,false,false,false,false,false,false,,Click,false,false,,false,List,,true,,false,,,,List,,,,,,Renewable,,false,,,,,,,
,,,,,8c56afc7-4291-4592-a10d-118fd05bc294,false,,myProduct_edit,,,Default,One per quote line,,,,Quantity,,false,,,,,,,,,,false,,,false,,,1.0,false,,,,false,false,false,false,,false,false,false,false,false,false,false,false,,Click,false,false,,false,List,,true,,false,,,,List,,,,,,Renewable,,false,,,,,,,
,,,,,8c56afc7-4291-4592-a10d-118fd05bc294,false,,myProduct_edit,,,Default,One per quote line,,,,Quantity,,false,,,,,,,,,,false,,,false,,,1.0,false,,,,false,false,false,false,,false,false,false,false,false,false,false,false,,Click,false,false,,false,List,,true,,false,,,,List,,,,,,Renewable,,false,,,,,,,
,,,,,8c56afc7-4291-4592-a10d-118fd05bc294,false,,myProduct_edit,,,Default,One per quote line,,,,Quantity,,false,,,,,,,,,,false,,,false,,,1.0,false,,,,false,false,false,false,,false,false,false,false,false,false,false,false,,Click,false,false,,false,List,,true,,false,,,,List,,,,,,Renewable,,false,,,,,,,
,,,,,8c56afc7-4291-4592-a10d-118fd05bc294,false,,myProduct_edit,,,Default,One per quote line,,,,Quantity,,false,,,,,,,,,,false,,,false,,,1.0,false,,,,false,false,false,false,,false,false,false,false,false,false,false,false,,Click,false,false,,false,List,,true,,false,,,,List,,,,,,Renewable,,false,,,,,,,
,,,,,8c56afc7-4291-4592-a10d-118fd05bc294,false,,myProduct_edit,,,Default,One per quote line,,,,Quantity,,false,,,,,,,,,,false,,,false,,,1.0,false,,,,false,false,false,false,,false,false,false,false,false,false,false,false,,Click,false,false,,false,List,,true,,false,,,,List,,,,,,Renewable,,false,,,,,,,
,,,,,8c56afc7-4291-4592-a10d-118fd05bc294,false,,myProduct_edit,,,Default,One per quote line,,,,Quantity,,false,,,,,,,,,,false,,,false,,,1.0,false,,,,false,false,false,false,,false,false,false,false,false,false,false,false,,Click,false,false,,false,List,,true,,false,,,,List,,,,,,Renewable,,false,,,,,,,
,,,,,8b7cb228-745a-41ae-91c9-9b78a44498e3,false,,MarkTest1,,,Default,One per quote line,,,,Quantity,,false,,,,,,,,,,false,,,false,,,1.0,false,,,,false,false,false,false,,false,false,false,false,false,false,false,false,,Click,false,false,,false,List,,true,,false,,,,List,,,,,,Renewable,,false,,,,,,,
,,,,,8b7cb228-745a-41ae-91c9-9b78a44498e3,false,,MarkTest1,,,Default,One per quote line,,,,Quantity,,false,,,,,,,,,,false,,,false,,,1.0,false,,,,false,false,false,false,,false,false,false,false,false,false,false,false,,Click,false,false,,false,List,,true,,false,,,,List,,,,,,Renewable,,false,,,,,,,
,,,,,8b7cb228-745a-41ae-91c9-9b78a44498e3,false,,MarkTest1,,,Default,One per quote line,,,,Quantity,,false,,,,,,,,,,false,,,false,,,1.0,false,,,,false,false,false,false,,false,false,false,false,false,false,false,false,,Click,false,false,,false,List,,true,,false,,,,List,,,,,,Renewable,,false,,,,,,,
,,,,,8b7cb228-745a-41ae-91c9-9b78a44498e3,false,,MarkTest1,,,Default,One per quote line,,,,Quantity,,false,,,,,,,,,,false,,,false,,,1.0,false,,,,false,false,false,false,,false,false,false,false,false,false,false,false,,Click,false,false,,false,List,,true,,false,,,,List,,,,,,Renewable,,false,,,,,,,
,,,,,8b7cb228-745a-41ae-91c9-9b78a44498e3,false,,MarkTest1,,,Default,One per quote line,,,,Quantity,,false,,,,,,,,,,false,,,false,,,1.0,false,,,,false,false,false,false,,false,false,false,false,false,false,false,false,,Click,false,false,,false,List,,true,,false,,,,List,,,,,,Renewable,,false,,,,,,,
,,,,,8b7cb228-745a-41ae-91c9-9b78a44498e3,false,,MarkTest1,,,Default,One per quote line,,,,Quantity,,false,,,,,,,,,,false,,,false,,,1.0,false,,,,false,false,false,false,,false,false,false,false,false,false,false,false,,Click,false,false,,false,List,,true,,false,,,,List,,,,,,Renewable,,false,,,,,,,
,,,,,8b7cb228-745a-41ae-91c9-9b78a44498e3,false,,MarkTest1,,,Default,One per quote line,,,,Quantity,,false,,,,,,,,,,false,,,false,,,1.0,false,,,,false,false,false,false,,false,false,false,false,false,false,false,false,,Click,false,false,,false,List,,true,,false,,,,List,,,,,,Renewable,,false,,,,,,,
,,,,,8b7cb228-745a-41ae-91c9-9b78a44498e3,false,,MarkTest1,,,Default,One per quote line,,,,Quantity,,false,,,,,,,,,,false,,,false,,,1.0,false,,,,false,false,false,false,,false,false,false,false,false,false,false,false,,Click,false,false,,false,List,,true,,false,,,,List,,,,,,Renewable,,false,,,,,,,
,,,,,8b7cb228-745a-41ae-91c9-9b78a44498e3,false,,MarkTest1,,,Default,One per quote line,,,,Quantity,,false,,,,,,,,,,false,,,false,,,1.0,false,,,,false,false,false,false,,false,false,false,false,false,false,false,false,,Click,false,false,,false,List,,true,,false,,,,List,,,,,,Renewable,,false,,,,,,,
,,,,,8b7cb228-745a-41ae-91c9-9b78a44498e3,false,,MarkTest1,,,Default,One per quote line,,,,Quantity,,false,,,,,,,,,,false,,,false,,,1.0,false,,,,false,false,false,false,,false,false,false,false,false,false,false,false,,Click,false,false,,false,List,,true,,false,,,,List,,,,,,Renewable,,false,,,,,,,
,,,,,8b7cb228-745a-41ae-91c9-9b78a44498e3,false,,MarkTest1,,,Default,One per quote line,,,,Quantity,,false,,,,,,,,,,false,,,false,,,1.0,false,,,,false,false,false,false,,false,false,false,false,false,false,false,false,,Click,false,false,,false,List,,true,,false,,,,List,,,,,,Renewable,,false,,,,,,,
,,,,,8b7cb228-745a-41ae-91c9-9b78a44498e3,false,,MarkTest1,,,Default,One per quote line,,,,Quantity,,false,,,,,,,,,,false,,,false,,,1.0,false,,,,false,false,false,false,,false,false,false,false,false,false,false,false,,Click,false,false,,false,List,,true,,false,,,,List,,,,,,Renewable,,false,,,,,,,
,,,,,8b7cb228-745a-41ae-91c9-9b78a44498e3,false,,MarkTest1,,,Default,One per quote line,,,,Quantity,,false,,,,,,,,,,false,,,false,,,1.0,false,,,,false,false,false,false,,false,false,false,false,false,false,false,false,,Click,false,false,,false,List,,true,,false,,,,List,,,,,,Renewable,,false,,,,,,,
,,,,,8b7cb228-745a-41ae-91c9-9b78a44498e3,false,,MarkTest1,,,Default,One per quote line,,,,Quantity,,false,,,,,,,,,,false,,,false,,,1.0,false,,,,false,false,false,false,,false,false,false,false,false,false,false,false,,Click,false,false,,false,List,,true,,false,,,,List,,,,,,Renewable,,false,,,,,,,
,,,,,8b7cb228-745a-41ae-91c9-9b78a44498e3,false,,MarkTest1,,,Default,One per quote line,,,,Quantity,,false,,,,,,,,,,false,,,false,,,1.0,false,,,,false,false,false,false,,false,false,false,false,false,false,false,false,,Click,false,false,,false,List,,true,,false,,,,List,,,,,,Renewable,,false,,,,,,,
,,,,,8b7cb228-745a-41ae-91c9-9b78a44498e3,false,,MarkTest1,,,Default,One per quote line,,,,Quantity,,false,,,,,,,,,,false,,,false,,,1.0,false,,,,false,false,false,false,,false,false,false,false,false,false,false,false,,Click,false,false,,false,List,,true,,false,,,,List,,,,,,Renewable,,false,,,,,,,
,,,,,8b7cb228-745a-41ae-91c9-9b78a44498e3,false,,MarkTest1,,,Default,One per quote line,,,,Quantity,,false,,,,,,,,,,false,,,false,,,1.0,false,,,,false,false,false,false,,false,false,false,false,false,false,false,false,,Click,false,false,,false,List,,true,,false,,,,List,,,,,,Renewable,,false,,,,,,,
,,,,,8b7cb228-745a-41ae-91c9-9b78a44498e3,false,,MarkTest1,,,Default,One per quote line,,,,Quantity,,false,,,,,,,,,,false,,,false,,,1.0,false,,,,false,false,false,false,,false,false,false,false,false,false,false,false,,Click,false,false,,false,List,,true,,false,,,,List,,,,,,Renewable,,false,,,,,,,
,,,,,8b7cb228-745a-41ae-91c9-9b78a44498e3,false,,MarkTest1,,,Default,One per quote line,,,,Quantity,,false,,,,,,,,,,false,,,false,,,1.0,false,,,,false,false,false,false,,false,false,false,false,false,false,false,false,,Click,false,false,,false,List,,true,,false,,,,List,,,,,,Renewable,,false,,,,,,,
,,,,,8b7cb228-745a-41ae-91c9-9b78a44498e3,false,,MarkTest1,,,Default,One per quote line,,,,Quantity,,false,,,,,,,,,,false,,,false,,,1.0,false,,,,false,false,false,false,,false,false,false,false,false,false,false,false,,Click,false,false,,false,List,,true,,false,,,,List,,,,,,Renewable,,false,,,,,,,
,,,,,8b7cb228-745a-41ae-91c9-9b78a44498e3,false,,MarkTest1,,,Default,One per quote line,,,,Quantity,,false,,,,,,,,,,false,,,false,,,1.0,false,,,,false,false,false,false,,false,false,false,false,false,false,false,false,,Click,false,false,,false,List,,true,,false,,,,List,,,,,,Renewable,,false,,,,,,,
,,,,,8b7cb228-745a-41ae-91c9-9b78a44498e3,false,,MarkTest1,,,Default,One per quote line,,,,Quantity,,false,,,,,,,,,,false,,,false,,,1.0,false,,,,false,false,false,false,,false,false,false,false,false,false,false,false,,Click,false,false,,false,List,,true,,false,,,,List,,,,,,Renewable,,false,,,,,,,
,,,,,8b7cb228-745a-41ae-91c9-9b78a44498e3,false,,MarkTest1,,,Default,One per quote line,,,,Quantity,,false,,,,,,,,,,false,,,false,,,1.0,false,,,,false,false,false,false,,false,false,false,false,false,false,false,false,,Click,false,false,,false,List,,true,,false,,,,List,,,,,,Renewable,,false,,,,,,,
,,,,,8b7cb228-745a-41ae-91c9-9b78a44498e3,false,,MarkTest1,,,Default,One per quote line,,,,Quantity,,false,,,,,,,,,,false,,,false,,,1.0,false,,,,false,false,false,false,,false,false,false,false,false,false,false,false,,Click,false,false,,false,List,,true,,false,,,,List,,,,,,Renewable,,false,,,,,,,
,,,,,8b7cb228-745a-41ae-91c9-9b78a44498e3,false,,MarkTest1,,,Default,One per quote line,,,,Quantity,,false,,,,,,,,,,false,,,false,,,1.0,false,,,,false,false,false,false,,false,false,false,false,false,false,false,false,,Click,false,false,,false,List,,true,,false,,,,List,,,,,,Renewable,,false,,,,,,,
,,,,,8b7cb228-745a-41ae-91c9-9b78a44498e3,false,,MarkTest1,,,Default,One per quote line,,,,Quantity,,false,,,,,,,,,,false,,,false,,,1.0,false,,,,false,false,false,false,,false,false,false,false,false,false,false,false,,Click,false,false,,false,List,,true,,false,,,,List,,,,,,Renewable,,false,,,,,,,
,,,,,8b7cb228-745a-41ae-91c9-9b78a44498e3,false,,MarkTest1,,,Default,One per quote line,,,,Quantity,,false,,,,,,,,,,false,,,false,,,1.0,false,,,,false,false,false,false,,false,false,false,false,false,false,false,false,,Click,false,false,,false,List,,true,,false,,,,List,,,,,,Renewable,,false,,,,,,,
,,,,,8b7cb228-745a-41ae-91c9-9b78a44498e3,false,,MarkTest1,,,Default,One per quote line,,,,Quantity,,false,,,,,,,,,,false,,,false,,,1.0,false,,,,false,false,false,false,,false,false,false,false,false,false,false,false,,Click,false,false,,false,List,,true,,false,,,,List,,,,,,Renewable,,false,,,,,,,
,,,,,8b7cb228-745a-41ae-91c9-9b78a44498e3,false,,MarkTest1,,,Default,One per quote line,,,,Quantity,,false,,,,,,,,,,false,,,false,,,1.0,false,,,,false,false,false,false,,false,false,false,false,false,false,false,false,,Click,false,false,,false,List,,true,,false,,,,List,,,,,,Renewable,,false,,,,,,,
,,,,,8b7cb228-745a-41ae-91c9-9b78a44498e3,false,,MarkTest1,,,Default,One per quote line,,,,Quantity,,false,,,,,,,,,,false,,,false,,,1.0,false,,,,false,false,false,false,,false,false,false,false,false,false,false,false,,Click,false,false,,false,List,,true,,false,,,,List,,,,,,Renewable,,false,,,,,,,
,,,,,8b7cb228-745a-41ae-91c9-9b78a44498e3,false,,MarkTest1,,,Default,One per quote line,,,,Quantity,,false,,,,,,,,,,false,,,false,,,1.0,false,,,,false,false,false,false,,false,false,false,false,false,false,false,false,,Click,false,false,,false,List,,true,,false,,,,List,,,,,,Renewable,,false,,,,,,,
,,,,,8b7cb228-745a-41ae-91c9-9b78a44498e3,false,,MarkTest1,,,Default,One per quote line,,,,Quantity,,false,,,,,,,,,,false,,,false,,,1.0,false,,,,false,false,false,false,,false,false,false,false,false,false,false,false,,Click,false,false,,false,List,,true,,false,,,,List,,,,,,Renewable,,false,,,,,,,
,,,,,8b7cb228-745a-41ae-91c9-9b78a44498e3,false,,MarkTest1,,,Default,One per quote line,,,,Quantity,,false,,,,,,,,,,false,,,false,,,1.0,false,,,,false,false,false,false,,false,false,false,false,false,false,false,false,,Click,false,false,,false,List,,true,,false,,,,List,,,,,,Renewable,,false,,,,,,,
,,,,,8b7cb228-745a-41ae-91c9-9b78a44498e3,false,,MarkTest1,,,Default,One per quote line,,,,Quantity,,false,,,,,,,,,,false,,,false,,,1.0,false,,,,false,false,false,false,,false,false,false,false,false,false,false,false,,Click,false,false,,false,List,,true,,false,,,,List,,,,,,Renewable,,false,,,,,,,
,,,,,8b7cb228-745a-41ae-91c9-9b78a44498e3,false,,MarkTest1,,,Default,One per quote line,,,,Quantity,,false,,,,,,,,,,false,,,false,,,1.0,false,,,,false,false,false,false,,false,false,false,false,false,false,false,false,,Click,false,false,,false,List,,true,,false,,,,List,,,,,,Renewable,,false,,,,,,,
,,,,,8b7cb228-745a-41ae-91c9-9b78a44498e3,false,,MarkTest1,,,Default,One per quote line,,,,Quantity,,false,,,,,,,,,,false,,,false,,,1.0,false,,,,false,false,false,false,,false,false,false,false,false,false,false,false,,Click,false,false,,false,List,,true,,false,,,,List,,,,,,Renewable,,false,,,,,,,
,,,,,8b7cb228-745a-41ae-91c9-9b78a44498e3,false,,MarkTest1,,,Default,One per quote line,,,,Quantity,,false,,,,,,,,,,false,,,false,,,1.0,false,,,,false,false,false,false,,false,false,false,false,false,false,false,false,,Click,false,false,,false,List,,true,,false,,,,List,,,,,,Renewable,,false,,,,,,,
,,,,,8b7cb228-745a-41ae-91c9-9b78a44498e3,false,,MarkTest1,,,Default,One per quote line,,,,Quantity,,false,,,,,,,,,,false,,,false,,,1.0,false,,,,false,false,false,false,,false,false,false,false,false,false,false,false,,Click,false,false,,false,List,,true,,false,,,,List,,,,,,Renewable,,false,,,,,,,
,,,,,8b7cb228-745a-41ae-91c9-9b78a44498e3,false,,MarkTest1,,,Default,One per quote line,,,,Quantity,,false,,,,,,,,,,false,,,false,,,1.0,false,,,,false,false,false,false,,false,false,false,false,false,false,false,false,,Click,false,false,,false,List,,true,,false,,,,List,,,,,,Renewable,,false,,,,,,,
,,,,,8b7cb228-745a-41ae-91c9-9b78a44498e3,false,,MarkTest1,,,Default,One per quote line,,,,Quantity,,false,,,,,,,,,,false,,,false,,,1.0,false,,,,false,false,false,false,,false,false,false,false,false,false,false,false,,Click,false,false,,false,List,,true,,false,,,,List,,,,,,Renewable,,false,,,,,,,
,,,,,8b7cb228-745a-41ae-91c9-9b78a44498e3,false,,MarkTest1,,,Default,One per quote line,,,,Quantity,,false,,,,,,,,,,false,,,false,,,1.0,false,,,,false,false,false,false,,false,false,false,false,false,false,false,false,,Click,false,false,,false,List,,true,,false,,,,List,,,,,,Renewable,,false,,,,,,,
,,,,,8b7cb228-745a-41ae-91c9-9b78a44498e3,false,,MarkTest1,,,Default,One per quote line,,,,Quantity,,false,,,,,,,,,,false,,,false,,,1.0,false,,,,false,false,false,false,,false,false,false,false,false,false,false,false,,Click,false,false,,false,List,,true,,false,,,,List,,,,,,Renewable,,false,,,,,,,
,,,,,8b7cb228-745a-41ae-91c9-9b78a44498e3,false,,MarkTest1,,,Default,One per quote line,,,,Quantity,,false,,,,,,,,,,false,,,false,,,1.0,false,,,,false,false,false,false,,false,false,false,false,false,false,false,false,,Click,false,false,,false,List,,true,,false,,,,List,,,,,,Renewable,,false,,,,,,,
,,,,,8b7cb228-745a-41ae-91c9-9b78a44498e3,false,,MarkTest1,,,Default,One per quote line,,,,Quantity,,false,,,,,,,,,,false,,,false,,,1.0,false,,,,false,false,false,false,,false,false,false,false,false,false,false,false,,Click,false,false,,false,List,,true,,false,,,,List,,,,,,Renewable,,false,,,,,,,
,,,,,8b7cb228-745a-41ae-91c9-9b78a44498e3,false,,MarkTest1,,,Default,One per quote line,,,,Quantity,,false,,,,,,,,,,false,,,false,,,1.0,false,,,,false,false,false,false,,false,false,false,false,false,false,false,false,,Click,false,false,,false,List,,true,,false,,,,List,,,,,,Renewable,,false,,,,,,,
,,,,,8b7cb228-745a-41ae-91c9-9b78a44498e3,false,,MarkTest1,,,Default,One per quote line,,,,Quantity,,false,,,,,,,,,,false,,,false,,,1.0,false,,,,false,false,false,false,,false,false,false,false,false,false,false,false,,Click,false,false,,false,List,,true,,false,,,,List,,,,,,Renewable,,false,,,,,,,
,,,,,8b7cb228-745a-41ae-91c9-9b78a44498e3,false,,MarkTest1,,,Default,One per quote line,,,,Quantity,,false,,,,,,,,,,false,,,false,,,1.0,false,,,,false,false,false,false,,false,false,false,false,false,false,false,false,,Click,false,false,,false,List,,true,,false,,,,List,,,,,,Renewable,,false,,,,,,,
,,,,,8b7cb228-745a-41ae-91c9-9b78a44498e3,false,,MarkTest1,,,Default,One per quote line,,,,Quantity,,false,,,,,,,,,,false,,,false,,,1.0,false,,,,false,false,false,false,,false,false,false,false,false,false,false,false,,Click,false,false,,false,List,,true,,false,,,,List,,,,,,Renewable,,false,,,,,,,
,,,,,8b7cb228-745a-41ae-91c9-9b78a44498e3,false,,MarkTest1,,,Default,One per quote line,,,,Quantity,,false,,,,,,,,,,false,,,false,,,1.0,false,,,,false,false,false,false,,false,false,false,false,false,false,false,false,,Click,false,false,,false,List,,true,,false,,,,List,,,,,,Renewable,,false,,,,,,,
,,,,,d9cfe7e5-e730-4193-9c87-3a369a2f8f55,false,,mooverTest,,,Default,One per quote line,,,,Quantity,,false,,,,,,,,,,false,,,false,,,1.0,false,,,,false,false,false,false,,false,false,false,false,false,false,false,false,,Click,false,false,,false,List,,true,,false,,,,List,,,,,,Renewable,,false,,,,,,,
,,,,,d9cfe7e5-e730-4193-9c87-3a369a2f8f55,false,,mooverTest,,,Default,One per quote line,,,,Quantity,,false,,,,,,,,,,false,,,false,,,1.0,false,,,,false,false,false,false,,false,false,false,false,false,false,false,false,,Click,false,false,,false,List,,true,,false,,,,List,,,,,,Renewable,,false,,,,,,,
,,,,,d9cfe7e5-e730-4193-9c87-3a369a2f8f55,false,,mooverTest,,,Default,One per quote line,,,,Quantity,,false,,,,,,,,,,false,,,false,,,1.0,false,,,,false,false,false,false,,false,false,false,false,false,false,false,false,,Click,false,false,,false,List,,true,,false,,,,List,,,,,,Renewable,,false,,,,,,,
,,,,,d9cfe7e5-e730-4193-9c87-3a369a2f8f55,false,,mooverTest,,,Default,One per quote line,,,,Quantity,,false,,,,,,,,,,false,,,false,,,1.0,false,,,,false,false,false,false,,false,false,false,false,false,false,false,false,,Click,false,false,,false,List,,true,,false,,,,List,,,,,,Renewable,,false,,,,,,,
,,,,,d9cfe7e5-e730-4193-9c87-3a369a2f8f55,false,,mooverTest,,,Default,One per quote line,,,,Quantity,,false,,,,,,,,,,false,,,false,,,1.0,false,,,,false,false,false,false,,false,false,false,false,false,false,false,false,,Click,false,false,,false,List,,true,,false,,,,List,,,,,,Renewable,,false,,,,,,,
,,,,,d9cfe7e5-e730-4193-9c87-3a369a2f8f55,false,,mooverTest,,,Default,One per quote line,,,,Quantity,,false,,,,,,,,,,false,,,false,,,1.0,false,,,,false,false,false,false,,false,false,false,false,false,false,false,false,,Click,false,false,,false,List,,true,,false,,,,List,,,,,,Renewable,,false,,,,,,,
,,,,,d9cfe7e5-e730-4193-9c87-3a369a2f8f55,false,,mooverTest,,,Default,One per quote line,,,,Quantity,,false,,,,,,,,,,false,,,false,,,1.0,false,,,,false,false,false,false,,false,false,false,false,false,false,false,false,,Click,false,false,,false,List,,true,,false,,,,List,,,,,,Renewable,,false,,,,,,,
,,,,,d9cfe7e5-e730-4193-9c87-3a369a2f8f55,false,,mooverTest,,,Default,One per quote line,,,,Quantity,,false,,,,,,,,,,false,,,false,,,1.0,false,,,,false,false,false,false,,false,false,false,false,false,false,false,false,,Click,false,false,,false,List,,true,,false,,,,List,,,,,,Renewable,,false,,,,,,,
,,,,,d9cfe7e5-e730-4193-9c87-3a369a2f8f55,false,,mooverTest,,,Default,One per quote line,,,,Quantity,,false,,,,,,,,,,false,,,false,,,1.0,false,,,,false,false,false,false,,false,false,false,false,false,false,false,false,,Click,false,false,,false,List,,true,,false,,,,List,,,,,,Renewable,,false,,,,,,,
,,,,,d9cfe7e5-e730-4193-9c87-3a369a2f8f55,false,,mooverTest,,,Default,One per quote line,,,,Quantity,,false,,,,,,,,,,false,,,false,,,1.0,false,,,,false,false,false,false,,false,false,false,false,false,false,false,false,,Click,false,false,,false,List,,true,,false,,,,List,,,,,,Renewable,,false,,,,,,,
,,,,,d9cfe7e5-e730-4193-9c87-3a369a2f8f55,false,,mooverTest,,,Default,One per quote line,,,,Quantity,,false,,,,,,,,,,false,,,false,,,1.0,false,,,,false,false,false,false,,false,false,false,false,false,false,false,false,,Click,false,false,,false,List,,true,,false,,,,List,,,,,,Renewable,,false,,,,,,,
,,,,,d9cfe7e5-e730-4193-9c87-3a369a2f8f55,false,,mooverTest,,,Default,One per quote line,,,,Quantity,,false,,,,,,,,,,false,,,false,,,1.0,false,,,,false,false,false,false,,false,false,false,false,false,false,false,false,,Click,false,false,,false,List,,true,,false,,,,List,,,,,,Renewable,,false,,,,,,,
,,,,,d9cfe7e5-e730-4193-9c87-3a369a2f8f55,false,,mooverTest,,,Default,One per quote line,,,,Quantity,,false,,,,,,,,,,false,,,false,,,1.0,false,,,,false,false,false,false,,false,false,false,false,false,false,false,false,,Click,false,false,,false,List,,true,,false,,,,List,,,,,,Renewable,,false,,,,,,,
,,,,,d9cfe7e5-e730-4193-9c87-3a369a2f8f55,false,,mooverTest,,,Default,One per quote line,,,,Quantity,,false,,,,,,,,,,false,,,false,,,1.0,false,,,,false,false,false,false,,false,false,false,false,false,false,false,false,,Click,false,false,,false,List,,true,,false,,,,List,,,,,,Renewable,,false,,,,,,,
,,,,,d9cfe7e5-e730-4193-9c87-3a369a2f8f55,false,,mooverTest,,,Default,One per quote line,,,,Quantity,,false,,,,,,,,,,false,,,false,,,1.0,false,,,,false,false,false,false,,false,false,false,false,false,false,false,false,,Click,false,false,,false,List,,true,,false,,,,List,,,,,,Renewable,,false,,,,,,,
,,,,,d9cfe7e5-e730-4193-9c87-3a369a2f8f55,false,,mooverTest,,,Default,One per quote line,,,,Quantity,,false,,,,,,,,,,false,,,false,,,1.0,false,,,,false,false,false,false,,false,false,false,false,false,false,false,false,,Click,false,false,,false,List,,true,,false,,,,List,,,,,,Renewable,,false,,,,,,,
,,,,,d9cfe7e5-e730-4193-9c87-3a369a2f8f55,false,,mooverTest,,,Default,One per quote line,,,,Quantity,,false,,,,,,,,,,false,,,false,,,1.0,false,,,,false,false,false,false,,false,false,false,false,false,false,false,false,,Click,false,false,,false,List,,true,,false,,,,List,,,,,,Renewable,,false,,,,,,,
,,,,,d9cfe7e5-e730-4193-9c87-3a369a2f8f55,false,,mooverTest,,,Default,One per quote line,,,,Quantity,,false,,,,,,,,,,false,,,false,,,1.0,false,,,,false,false,false,false,,false,false,false,false,false,false,false,false,,Click,false,false,,false,List,,true,,false,,,,List,,,,,,Renewable,,false,,,,,,,
,,,,,d9cfe7e5-e730-4193-9c87-3a369a2f8f55,false,,mooverTest,,,Default,One per quote line,,,,Quantity,,false,,,,,,,,,,false,,,false,,,1.0,false,,,,false,false,false,false,,false,false,false,false,false,false,false,false,,Click,false,false,,false,List,,true,,false,,,,List,,,,,,Renewable,,false,,,,,,,
,,,,,d9cfe7e5-e730-4193-9c87-3a369a2f8f55,false,,mooverTest,,,Default,One per quote line,,,,Quantity,,false,,,,,,,,,,false,,,false,,,1.0,false,,,,false,false,false,false,,false,false,false,false,false,false,false,false,,Click,false,false,,false,List,,true,,false,,,,List,,,,,,Renewable,,false,,,,,,,
,,,,,d9cfe7e5-e730-4193-9c87-3a369a2f8f55,false,,mooverTest,,,Default,One per quote line,,,,Quantity,,false,,,,,,,,,,false,,,false,,,1.0,false,,,,false,false,false,false,,false,false,false,false,false,false,false,false,,Click,false,false,,false,List,,true,,false,,,,List,,,,,,Renewable,,false,,,,,,,
,,,,,d9cfe7e5-e730-4193-9c87-3a369a2f8f55,false,,mooverTest,,,Default,One per quote line,,,,Quantity,,false,,,,,,,,,,false,,,false,,,1.0,false,,,,false,false,false,false,,false,false,false,false,false,false,false,false,,Click,false,false,,false,List,,true,,false,,,,List,,,,,,Renewable,,false,,,,,,,
,,,,,d9cfe7e5-e730-4193-9c87-3a369a2f8f55,false,,mooverTest,,,Default,One per quote line,,,,Quantity,,false,,,,,,,,,,false,,,false,,,1.0,false,,,,false,false,false,false,,false,false,false,false,false,false,false,false,,Click,false,false,,false,List,,true,,false,,,,List,,,,,,Renewable,,false,,,,,,,
,,,,,d9cfe7e5-e730-4193-9c87-3a369a2f8f55,false,,mooverTest,,,Default,One per quote line,,,,Quantity,,false,,,,,,,,,,false,,,false,,,1.0,false,,,,false,false,false,false,,false,false,false,false,false,false,false,false,,Click,false,false,,false,List,,true,,false,,,,List,,,,,,Renewable,,false,,,,,,,
,,,,,d9cfe7e5-e730-4193-9c87-3a369a2f8f55,false,,mooverTest,,,Default,One per quote line,,,,Quantity,,false,,,,,,,,,,false,,,false,,,1.0,false,,,,false,false,false,false,,false,false,false,false,false,false,false,false,,Click,false,false,,false,List,,true,,false,,,,List,,,,,,Renewable,,false,,,,,,,
,,,,,d9cfe7e5-e730-4193-9c87-3a369a2f8f55,false,,mooverTest,,,Default,One per quote line,,,,Quantity,,false,,,,,,,,,,false,,,false,,,1.0,false,,,,false,false,false,false,,false,false,false,false,false,false,false,false,,Click,false,false,,false,List,,true,,false,,,,List,,,,,,Renewable,,false,,,,,,,
,,,,,d9cfe7e5-e730-4193-9c87-3a369a2f8f55,false,,mooverTest,,,Default,One per quote line,,,,Quantity,,false,,,,,,,,,,false,,,false,,,1.0,false,,,,false,false,false,false,,false,false,false,false,false,false,false,false,,Click,false,false,,false,List,,true,,false,,,,List,,,,,,Renewable,,false,,,,,,,
,,,,,d9cfe7e5-e730-4193-9c87-3a369a2f8f55,false,,mooverTest,,,Default,One per quote line,,,,Quantity,,false,,,,,,,,,,false,,,false,,,1.0,false,,,,false,false,false,false,,false,false,false,false,false,false,false,false,,Click,false,false,,false,List,,true,,false,,,,List,,,,,,Renewable,,false,,,,,,,
,,,,,d9cfe7e5-e730-4193-9c87-3a369a2f8f55,false,,mooverTest,,,Default,One per quote line,,,,Quantity,,false,,,,,,,,,,false,,,false,,,1.0,false,,,,false,false,false,false,,false,false,false,false,false,false,false,false,,Click,false,false,,false,List,,true,,false,,,,List,,,,,,Renewable,,false,,,,,,,
,,,,,d9cfe7e5-e730-4193-9c87-3a369a2f8f55,false,,mooverTest,,,Default,One per quote line,,,,Quantity,,false,,,,,,,,,,false,,,false,,,1.0,false,,,,false,false,false,false,,false,false,false,false,false,false,false,false,,Click,false,false,,false,List,,true,,false,,,,List,,,,,,Renewable,,false,,,,,,,
,,,,,d9cfe7e5-e730-4193-9c87-3a369a2f8f55,false,,mooverTest,,,Default,One per quote line,,,,Quantity,,false,,,,,,,,,,false,,,false,,,1.0,false,,,,false,false,false,false,,false,false,false,false,false,false,false,false,,Click,false,false,,false,List,,true,,false,,,,List,,,,,,Renewable,,false,,,,,,,
,,,,,d9cfe7e5-e730-4193-9c87-3a369a2f8f55,false,,mooverTest,,,Default,One per quote line,,,,Quantity,,false,,,,,,,,,,false,,,false,,,1.0,false,,,,false,false,false,false,,false,false,false,false,false,false,false,false,,Click,false,false,,false,List,,true,,false,,,,List,,,,,,Renewable,,false,,,,,,,
,,,,,d9cfe7e5-e730-4193-9c87-3a369a2f8f55,false,,mooverTest,,,Default,One per quote line,,,,Quantity,,false,,,,,,,,,,false,,,false,,,1.0,false,,,,false,false,false,false,,false,false,false,false,false,false,false,false,,Click,false,false,,false,List,,true,,false,,,,List,,,,,,Renewable,,false,,,,,,,
,,,,,d9cfe7e5-e730-4193-9c87-3a369a2f8f55,false,,mooverTest,,,Default,One per quote line,,,,Quantity,,false,,,,,,,,,,false,,,false,,,1.0,false,,,,false,false,false,false,,false,false,false,false,false,false,false,false,,Click,false,false,,false,List,,true,,false,,,,List,,,,,,Renewable,,false,,,,,,,
,,,,,d9cfe7e5-e730-4193-9c87-3a369a2f8f55,false,,mooverTest,,,Default,One per quote line,,,,Quantity,,false,,,,,,,,,,false,,,false,,,1.0,false,,,,false,false,false,false,,false,false,false,false,false,false,false,false,,Click,false,false,,false,List,,true,,false,,,,List,,,,,,Renewable,,false,,,,,,,
,,,,,d9cfe7e5-e730-4193-9c87-3a369a2f8f55,false,,mooverTest,,,Default,One per quote line,,,,Quantity,,false,,,,,,,,,,false,,,false,,,1.0,false,,,,false,false,false,false,,false,false,false,false,false,false,false,false,,Click,false,false,,false,List,,true,,false,,,,List,,,,,,Renewable,,false,,,,,,,
,,,,,d9cfe7e5-e730-4193-9c87-3a369a2f8f55,false,,mooverTest,,,Default,One per quote line,,,,Quantity,,false,,,,,,,,,,false,,,false,,,1.0,false,,,,false,false,false,false,,false,false,false,false,false,false,false,false,,Click,false,false,,false,List,,true,,false,,,,List,,,,,,Renewable,,false,,,,,,,
,,,,,d9cfe7e5-e730-4193-9c87-3a369a2f8f55,false,,mooverTest,,,Default,One per quote line,,,,Quantity,,false,,,,,,,,,,false,,,false,,,1.0,false,,,,false,false,false,false,,false,false,false,false,false,false,false,false,,Click,false,false,,false,List,,true,,false,,,,List,,,,,,Renewable,,false,,,,,,,
,,,,,d9cfe7e5-e730-4193-9c87-3a369a2f8f55,false,,mooverTest,,,Default,One per quote line,,,,Quantity,,false,,,,,,,,,,false,,,false,,,1.0,false,,,,false,false,false,false,,false,false,false,false,false,false,false,false,,Click,false,false,,false,List,,true,,false,,,,List,,,,,,Renewable,,false,,,,,,,
,,,,,d9cfe7e5-e730-4193-9c87-3a369a2f8f55,false,,mooverTest,,,Default,One per quote line,,,,Quantity,,false,,,,,,,,,,false,,,false,,,1.0,false,,,,false,false,false,false,,false,false,false,false,false,false,false,false,,Click,false,false,,false,List,,true,,false,,,,List,,,,,,Renewable,,false,,,,,,,
,,,,,d9cfe7e5-e730-4193-9c87-3a369a2f8f55,false,,mooverTest,,,Default,One per quote line,,,,Quantity,,false,,,,,,,,,,false,,,false,,,1.0,false,,,,false,false,false,false,,false,false,false,false,false,false,false,false,,Click,false,false,,false,List,,true,,false,,,,List,,,,,,Renewable,,false,,,,,,,
,,,,,d9cfe7e5-e730-4193-9c87-3a369a2f8f55,false,,mooverTest,,,Default,One per quote line,,,,Quantity,,false,,,,,,,,,,false,,,false,,,1.0,false,,,,false,false,false,false,,false,false,false,false,false,false,false,false,,Click,false,false,,false,List,,true,,false,,,,List,,,,,,Renewable,,false,,,,,,,
,,,,,d9cfe7e5-e730-4193-9c87-3a369a2f8f55,false,,mooverTest,,,Default,One per quote line,,,,Quantity,,false,,,,,,,,,,false,,,false,,,1.0,false,,,,false,false,false,false,,false,false,false,false,false,false,false,false,,Click,false,false,,false,List,,true,,false,,,,List,,,,,,Renewable,,false,,,,,,,
,,,,,d9cfe7e5-e730-4193-9c87-3a369a2f8f55,false,,mooverTest,,,Default,One per quote line,,,,Quantity,,false,,,,,,,,,,false,,,false,,,1.0,false,,,,false,false,false,false,,false,false,false,false,false,false,false,false,,Click,false,false,,false,List,,true,,false,,,,List,,,,,,Renewable,,false,,,,,,,
,,,,,d9cfe7e5-e730-4193-9c87-3a369a2f8f55,false,,mooverTest,,,Default,One per quote line,,,,Quantity,,false,,,,,,,,,,false,,,false,,,1.0,false,,,,false,false,false,false,,false,false,false,false,false,false,false,false,,Click,false,false,,false,List,,true,,false,,,,List,,,,,,Renewable,,false,,,,,,,
,,,,,d9cfe7e5-e730-4193-9c87-3a369a2f8f55,false,,mooverTest,,,Default,One per quote line,,,,Quantity,,false,,,,,,,,,,false,,,false,,,1.0,false,,,,false,false,false,false,,false,false,false,false,false,false,false,false,,Click,false,false,,false,List,,true,,false,,,,List,,,,,,Renewable,,false,,,,,,,
,,,,,d9cfe7e5-e730-4193-9c87-3a369a2f8f55,false,,mooverTest,,,Default,One per quote line,,,,Quantity,,false,,,,,,,,,,false,,,false,,,1.0,false,,,,false,false,false,false,,false,false,false,false,false,false,false,false,,Click,false,false,,false,List,,true,,false,,,,List,,,,,,Renewable,,false,,,,,,,
,,,,,d9cfe7e5-e730-4193-9c87-3a369a2f8f55,false,,mooverTest,,,Default,One per quote line,,,,Quantity,,false,,,,,,,,,,false,,,false,,,1.0,false,,,,false,false,false,false,,false,false,false,false,false,false,false,false,,Click,false,false,,false,List,,true,,false,,,,List,,,,,,Renewable,,false,,,,,,,
,,,,,d9cfe7e5-e730-4193-9c87-3a369a2f8f55,false,,mooverTest,,,Default,One per quote line,,,,Quantity,,false,,,,,,,,,,false,,,false,,,1.0,false,,,,false,false,false,false,,false,false,false,false,false,false,false,false,,Click,false,false,,false,List,,true,,false,,,,List,,,,,,Renewable,,false,,,,,,,
,,,,None,7c123f6e-96a8-4e3c-828f-ef0a6e1cf69c,true,,Prod New 22222,123abcd,,Allow Refund,One per quote line,,,,Quantity,,true,12.0,Always,,,,Required,,,,false,,,false,,,100.0,false,,,,false,false,true,false,,false,false,false,true,false,false,false,false,Tabs,Click,false,false,,false,List,,true,,false,,12.0,<p>spec here</p>,List,,,,,,Renewable,,false,,,,,,,
,,,,None,7c123f6e-96a8-4e3c-828f-ef0a6e1cf69c,true,,Prod New 22222,123abcd,,Allow Refund,One per quote line,,,,Quantity,,true,12.0,Always,,,,Required,,,,false,,,false,,,100.0,false,,,,false,false,true,false,,false,false,false,true,false,false,false,false,Tabs,Click,false,false,,false,List,,true,,false,,12.0,<p>spec here</p>,List,,,,,,Renewable,,false,,,,,,,
,,,,None,7c123f6e-96a8-4e3c-828f-ef0a6e1cf69c,true,,Prod New 22222,123abcd,,Allow Refund,One per quote line,,,,Quantity,,true,12.0,Always,,,,Required,,,,false,,,false,,,100.0,false,,,,false,false,true,false,,false,false,false,true,false,false,false,false,Tabs,Click,false,false,,false,List,,true,,false,,12.0,<p>spec here</p>,List,,,,,,Renewable,,false,,,,,,,
,,,,None,7c123f6e-96a8-4e3c-828f-ef0a6e1cf69c,true,,Prod New 22222,123abcd,,Allow Refund,One per quote line,,,,Quantity,,true,12.0,Always,,,,Required,,,,false,,,false,,,100.0,false,,,,false,false,true,false,,false,false,false,true,false,false,false,false,Tabs,Click,false,false,,false,List,,true,,false,,12.0,<p>spec here</p>,List,,,,,,Renewable,,false,,,,,,,
,,,,None,7c123f6e-96a8-4e3c-828f-ef0a6e1cf69c,true,,Prod New 22222,123abcd,,Allow Refund,One per quote line,,,,Quantity,,true,12.0,Always,,,,Required,,,,false,,,false,,,100.0,false,,,,false,false,true,false,,false,false,false,true,false,false,false,false,Tabs,Click,false,false,,false,List,,true,,false,,12.0,<p>spec here</p>,List,,,,,,Renewable,,false,,,,,,,
,,,,None,7c123f6e-96a8-4e3c-828f-ef0a6e1cf69c,true,,Prod New 22222,123abcd,,Allow Refund,One per quote line,,,,Quantity,,true,12.0,Always,,,,Required,,,,false,,,false,,,100.0,false,,,,false,false,true,false,,false,false,false,true,false,false,false,false,Tabs,Click,false,false,,false,List,,true,,false,,12.0,<p>spec here</p>,List,,,,,,Renewable,,false,,,,,,,
,,,,None,7c123f6e-96a8-4e3c-828f-ef0a6e1cf69c,true,,Prod New 22222,123abcd,,Allow Refund,One per quote line,,,,Quantity,,true,12.0,Always,,,,Required,,,,false,,,false,,,100.0,false,,,,false,false,true,false,,false,false,false,true,false,false,false,false,Tabs,Click,false,false,,false,List,,true,,false,,12.0,<p>spec here</p>,List,,,,,,Renewable,,false,,,,,,,
,,,,None,7c123f6e-96a8-4e3c-828f-ef0a6e1cf69c,true,,Prod New 22222,123abcd,,Allow Refund,One per quote line,,,,Quantity,,true,12.0,Always,,,,Required,,,,false,,,false,,,100.0,false,,,,false,false,true,false,,false,false,false,true,false,false,false,false,Tabs,Click,false,false,,false,List,,true,,false,,12.0,<p>spec here</p>,List,,,,,,Renewable,,false,,,,,,,
,,,,None,7c123f6e-96a8-4e3c-828f-ef0a6e1cf69c,true,,Prod New 22222,123abcd,,Allow Refund,One per quote line,,,,Quantity,,true,12.0,Always,,,,Required,,,,false,,,false,,,100.0,false,,,,false,false,true,false,,false,false,false,true,false,false,false,false,Tabs,Click,false,false,,false,List,,true,,false,,12.0,<p>spec here</p>,List,,,,,,Renewable,,false,,,,,,,
,,,,None,7c123f6e-96a8-4e3c-828f-ef0a6e1cf69c,true,,Prod New 22222,123abcd,,Allow Refund,One per quote line,,,,Quantity,,true,12.0,Always,,,,Required,,,,false,,,false,,,100.0,false,,,,false,false,true,false,,false,false,false,true,false,false,false,false,Tabs,Click,false,false,,false,List,,true,,false,,12.0,<p>spec here</p>,List,,,,,,Renewable,,false,,,,,,,
,,,,None,7c123f6e-96a8-4e3c-828f-ef0a6e1cf69c,true,,Prod New 22222,123abcd,,Allow Refund,One per quote line,,,,Quantity,,true,12.0,Always,,,,Required,,,,false,,,false,,,100.0,false,,,,false,false,true,false,,false,false,false,true,false,false,false,false,Tabs,Click,false,false,,false,List,,true,,false,,12.0,<p>spec here</p>,List,,,,,,Renewable,,false,,,,,,,
,,,,None,7c123f6e-96a8-4e3c-828f-ef0a6e1cf69c,true,,Prod New 22222,123abcd,,Allow Refund,One per quote line,,,,Quantity,,true,12.0,Always,,,,Required,,,,false,,,false,,,100.0,false,,,,false,false,true,false,,false,false,false,true,false,false,false,false,Tabs,Click,false,false,,false,List,,true,,false,,12.0,<p>spec here</p>,List,,,,,,Renewable,,false,,,,,,,
,,,,None,7c123f6e-96a8-4e3c-828f-ef0a6e1cf69c,true,,Prod New 22222,123abcd,,Allow Refund,One per quote line,,,,Quantity,,true,12.0,Always,,,,Required,,,,false,,,false,,,100.0,false,,,,false,false,true,false,,false,false,false,true,false,false,false,false,Tabs,Click,false,false,,false,List,,true,,false,,12.0,<p>spec here</p>,List,,,,,,Renewable,,false,,,,,,,
,,,,None,7c123f6e-96a8-4e3c-828f-ef0a6e1cf69c,true,,Prod New 22222,123abcd,,Allow Refund,One per quote line,,,,Quantity,,true,12.0,Always,,,,Required,,,,false,,,false,,,100.0,false,,,,false,false,true,false,,false,false,false,true,false,false,false,false,Tabs,Click,false,false,,false,List,,true,,false,,12.0,<p>spec here</p>,List,,,,,,Renewable,,false,,,,,,,
,,,,None,7c123f6e-96a8-4e3c-828f-ef0a6e1cf69c,true,,Prod New 22222,123abcd,,Allow Refund,One per quote line,,,,Quantity,,true,12.0,Always,,,,Required,,,,false,,,false,,,100.0,false,,,,false,false,true,false,,false,false,false,true,false,false,false,false,Tabs,Click,false,false,,false,List,,true,,false,,12.0,<p>spec here</p>,List,,,,,,Renewable,,false,,,,,,,
,,,,None,7c123f6e-96a8-4e3c-828f-ef0a6e1cf69c,true,,Prod New 22222,123abcd,,Allow Refund,One per quote line,,,,Quantity,,true,12.0,Always,,,,Required,,,,false,,,false,,,100.0,false,,,,false,false,true,false,,false,false,false,true,false,false,false,false,Tabs,Click,false,false,,false,List,,true,,false,,12.0,<p>spec here</p>,List,,,,,,Renewable,,false,,,,,,,
,,,,None,7c123f6e-96a8-4e3c-828f-ef0a6e1cf69c,true,,Prod New 22222,123abcd,,Allow Refund,One per quote line,,,,Quantity,,true,12.0,Always,,,,Required,,,,false,,,false,,,100.0,false,,,,false,false,true,false,,false,false,false,true,false,false,false,false,Tabs,Click,false,false,,false,List,,true,,false,,12.0,<p>spec here</p>,List,,,,,,Renewable,,false,,,,,,,
,,,,None,7c123f6e-96a8-4e3c-828f-ef0a6e1cf69c,true,,Prod New 22222,123abcd,,Allow Refund,One per quote line,,,,Quantity,,true,12.0,Always,,,,Required,,,,false,,,false,,,100.0,false,,,,false,false,true,false,,false,false,false,true,false,false,false,false,Tabs,Click,false,false,,false,List,,true,,false,,12.0,<p>spec here</p>,List,,,,,,Renewable,,false,,,,,,,
,,,,None,7c123f6e-96a8-4e3c-828f-ef0a6e1cf69c,true,,Prod New 22222,123abcd,,Allow Refund,One per quote line,,,,Quantity,,true,12.0,Always,,,,Required,,,,false,,,false,,,100.0,false,,,,false,false,true,false,,false,false,false,true,false,false,false,false,Tabs,Click,false,false,,false,List,,true,,false,,12.0,<p>spec here</p>,List,,,,,,Renewable,,false,,,,,,,
,,,,None,7c123f6e-96a8-4e3c-828f-ef0a6e1cf69c,true,,Prod New 22222,123abcd,,Allow Refund,One per quote line,,,,Quantity,,true,12.0,Always,,,,Required,,,,false,,,false,,,100.0,false,,,,false,false,true,false,,false,false,false,true,false,false,false,false,Tabs,Click,false,false,,false,List,,true,,false,,12.0,<p>spec here</p>,List,,,,,,Renewable,,false,,,,,,,
,,,,None,7c123f6e-96a8-4e3c-828f-ef0a6e1cf69c,true,,Prod New 22222,123abcd,,Allow Refund,One per quote line,,,,Quantity,,true,12.0,Always,,,,Required,,,,false,,,false,,,100.0,false,,,,false,false,true,false,,false,false,false,true,false,false,false,false,Tabs,Click,false,false,,false,List,,true,,false,,12.0,<p>spec here</p>,List,,,,,,Renewable,,false,,,,,,,
,,,,None,7c123f6e-96a8-4e3c-828f-ef0a6e1cf69c,true,,Prod New 22222,123abcd,,Allow Refund,One per quote line,,,,Quantity,,true,12.0,Always,,,,Required,,,,false,,,false,,,100.0,false,,,,false,false,true,false,,false,false,false,true,false,false,false,false,Tabs,Click,false,false,,false,List,,true,,false,,12.0,<p>spec here</p>,List,,,,,,Renewable,,false,,,,,,,
,,,,None,7c123f6e-96a8-4e3c-828f-ef0a6e1cf69c,true,,Prod New 22222,123abcd,,Allow Refund,One per quote line,,,,Quantity,,true,12.0,Always,,,,Required,,,,false,,,false,,,100.0,false,,,,false,false,true,false,,false,false,false,true,false,false,false,false,Tabs,Click,false,false,,false,List,,true,,false,,12.0,<p>spec here</p>,List,,,,,,Renewable,,false,,,,,,,
,,,,None,7c123f6e-96a8-4e3c-828f-ef0a6e1cf69c,true,,Prod New 22222,123abcd,,Allow Refund,One per quote line,,,,Quantity,,true,12.0,Always,,,,Required,,,,false,,,false,,,100.0,false,,,,false,false,true,false,,false,false,false,true,false,false,false,false,Tabs,Click,false,false,,false,List,,true,,false,,12.0,<p>spec here</p>,List,,,,,,Renewable,,false,,,,,,,
,,,,None,7c123f6e-96a8-4e3c-828f-ef0a6e1cf69c,true,,Prod New 22222,123abcd,,Allow Refund,One per quote line,,,,Quantity,,true,12.0,Always,,,,Required,,,,false,,,false,,,100.0,false,,,,false,false,true,false,,false,false,false,true,false,false,false,false,Tabs,Click,false,false,,false,List,,true,,false,,12.0,<p>spec here</p>,List,,,,,,Renewable,,false,,,,,,,
,,,,None,7c123f6e-96a8-4e3c-828f-ef0a6e1cf69c,true,,Prod New 22222,123abcd,,Allow Refund,One per quote line,,,,Quantity,,true,12.0,Always,,,,Required,,,,false,,,false,,,100.0,false,,,,false,false,true,false,,false,false,false,true,false,false,false,false,Tabs,Click,false,false,,false,List,,true,,false,,12.0,<p>spec here</p>,List,,,,,,Renewable,,false,,,,,,,
,,,,None,7c123f6e-96a8-4e3c-828f-ef0a6e1cf69c,true,,Prod New 22222,123abcd,,Allow Refund,One per quote line,,,,Quantity,,true,12.0,Always,,,,Required,,,,false,,,false,,,100.0,false,,,,false,false,true,false,,false,false,false,true,false,false,false,false,Tabs,Click,false,false,,false,List,,true,,false,,12.0,<p>spec here</p>,List,,,,,,Renewable,,false,,,,,,,
,,,,None,7c123f6e-96a8-4e3c-828f-ef0a6e1cf69c,true,,Prod New 22222,123abcd,,Allow Refund,One per quote line,,,,Quantity,,true,12.0,Always,,,,Required,,,,false,,,false,,,100.0,false,,,,false,false,true,false,,false,false,false,true,false,false,false,false,Tabs,Click,false,false,,false,List,,true,,false,,12.0,<p>spec here</p>,List,,,,,,Renewable,,false,,,,,,,
,,,,None,7c123f6e-96a8-4e3c-828f-ef0a6e1cf69c,true,,Prod New 22222,123abcd,,Allow Refund,One per quote line,,,,Quantity,,true,12.0,Always,,,,Required,,,,false,,,false,,,100.0,false,,,,false,false,true,false,,false,false,false,true,false,false,false,false,Tabs,Click,false,false,,false,List,,true,,false,,12.0,<p>spec here</p>,List,,,,,,Renewable,,false,,,,,,,
,,,,None,7c123f6e-96a8-4e3c-828f-ef0a6e1cf69c,true,,Prod New 22222,123abcd,,Allow Refund,One per quote line,,,,Quantity,,true,12.0,Always,,,,Required,,,,false,,,false,,,100.0,false,,,,false,false,true,false,,false,false,false,true,false,false,false,false,Tabs,Click,false,false,,false,List,,true,,false,,12.0,<p>spec here</p>,List,,,,,,Renewable,,false,,,,,,,
,,,,None,7c123f6e-96a8-4e3c-828f-ef0a6e1cf69c,true,,Prod New 22222,123abcd,,Allow Refund,One per quote line,,,,Quantity,,true,12.0,Always,,,,Required,,,,false,,,false,,,100.0,false,,,,false,false,true,false,,false,false,false,true,false,false,false,false,Tabs,Click,false,false,,false,List,,true,,false,,12.0,<p>spec here</p>,List,,,,,,Renewable,,false,,,,,,,
,,,,None,7c123f6e-96a8-4e3c-828f-ef0a6e1cf69c,true,,Prod New 22222,123abcd,,Allow Refund,One per quote line,,,,Quantity,,true,12.0,Always,,,,Required,,,,false,,,false,,,100.0,false,,,,false,false,true,false,,false,false,false,true,false,false,false,false,Tabs,Click,false,false,,false,List,,true,,false,,12.0,<p>spec here</p>,List,,,,,,Renewable,,false,,,,,,,
,,,,None,7c123f6e-96a8-4e3c-828f-ef0a6e1cf69c,true,,Prod New 22222,123abcd,,Allow Refund,One per quote line,,,,Quantity,,true,12.0,Always,,,,Required,,,,false,,,false,,,100.0,false,,,,false,false,true,false,,false,false,false,true,false,false,false,false,Tabs,Click,false,false,,false,List,,true,,false,,12.0,<p>spec here</p>,List,,,,,,Renewable,,false,,,,,,,
,,,,None,7c123f6e-96a8-4e3c-828f-ef0a6e1cf69c,true,,Prod New 22222,123abcd,,Allow Refund,One per quote line,,,,Quantity,,true,12.0,Always,,,,Required,,,,false,,,false,,,100.0,false,,,,false,false,true,false,,false,false,false,true,false,false,false,false,Tabs,Click,false,false,,false,List,,true,,false,,12.0,<p>spec here</p>,List,,,,,,Renewable,,false,,,,,,,
,,,,None,7c123f6e-96a8-4e3c-828f-ef0a6e1cf69c,true,,Prod New 22222,123abcd,,Allow Refund,One per quote line,,,,Quantity,,true,12.0,Always,,,,Required,,,,false,,,false,,,100.0,false,,,,false,false,true,false,,false,false,false,true,false,false,false,false,Tabs,Click,false,false,,false,List,,true,,false,,12.0,<p>spec here</p>,List,,,,,,Renewable,,false,,,,,,,
,,,,None,7c123f6e-96a8-4e3c-828f-ef0a6e1cf69c,true,,Prod New 22222,123abcd,,Allow Refund,One per quote line,,,,Quantity,,true,12.0,Always,,,,Required,,,,false,,,false,,,100.0,false,,,,false,false,true,false,,false,false,false,true,false,false,false,false,Tabs,Click,false,false,,false,List,,true,,false,,12.0,<p>spec here</p>,List,,,,,,Renewable,,false,,,,,,,
,,,,None,7c123f6e-96a8-4e3c-828f-ef0a6e1cf69c,true,,Prod New 22222,123abcd,,Allow Refund,One per quote line,,,,Quantity,,true,12.0,Always,,,,Required,,,,false,,,false,,,100.0,false,,,,false,false,true,false,,false,false,false,true,false,false,false,false,Tabs,Click,false,false,,false,List,,true,,false,,12.0,<p>spec here</p>,List,,,,,,Renewable,,false,,,,,,,
,,,,None,7c123f6e-96a8-4e3c-828f-ef0a6e1cf69c,true,,Prod New 22222,123abcd,,Allow Refund,One per quote line,,,,Quantity,,true,12.0,Always,,,,Required,,,,false,,,false,,,100.0,false,,,,false,false,true,false,,false,false,false,true,false,false,false,false,Tabs,Click,false,false,,false,List,,true,,false,,12.0,<p>spec here</p>,List,,,,,,Renewable,,false,,,,,,,
,,,,None,7c123f6e-96a8-4e3c-828f-ef0a6e1cf69c,true,,Prod New 22222,123abcd,,Allow Refund,One per quote line,,,,Quantity,,true,12.0,Always,,,,Required,,,,false,,,false,,,100.0,false,,,,false,false,true,false,,false,false,false,true,false,false,false,false,Tabs,Click,false,false,,false,List,,true,,false,,12.0,<p>spec here</p>,List,,,,,,Renewable,,false,,,,,,,
,,,,None,7c123f6e-96a8-4e3c-828f-ef0a6e1cf69c,true,,Prod New 22222,123abcd,,Allow Refund,One per quote line,,,,Quantity,,true,12.0,Always,,,,Required,,,,false,,,false,,,100.0,false,,,,false,false,true,false,,false,false,false,true,false,false,false,false,Tabs,Click,false,false,,false,List,,true,,false,,12.0,<p>spec here</p>,List,,,,,,Renewable,,false,,,,,,,
,,,,None,7c123f6e-96a8-4e3c-828f-ef0a6e1cf69c,true,,Prod New 22222,123abcd,,Allow Refund,One per quote line,,,,Quantity,,true,12.0,Always,,,,Required,,,,false,,,false,,,100.0,false,,,,false,false,true,false,,false,false,false,true,false,false,false,false,Tabs,Click,false,false,,false,List,,true,,false,,12.0,<p>spec here</p>,List,,,,,,Renewable,,false,,,,,,,
,,,,None,7c123f6e-96a8-4e3c-828f-ef0a6e1cf69c,true,,Prod New 22222,123abcd,,Allow Refund,One per quote line,,,,Quantity,,true,12.0,Always,,,,Required,,,,false,,,false,,,100.0,false,,,,false,false,true,false,,false,false,false,true,false,false,false,false,Tabs,Click,false,false,,false,List,,true,,false,,12.0,<p>spec here</p>,List,,,,,,Renewable,,false,,,,,,,
,,,,None,7c123f6e-96a8-4e3c-828f-ef0a6e1cf69c,true,,Prod New 22222,123abcd,,Allow Refund,One per quote line,,,,Quantity,,true,12.0,Always,,,,Required,,,,false,,,false,,,100.0,false,,,,false,false,true,false,,false,false,false,true,false,false,false,false,Tabs,Click,false,false,,false,List,,true,,false,,12.0,<p>spec here</p>,List,,,,,,Renewable,,false,,,,,,,
,,,,None,7c123f6e-96a8-4e3c-828f-ef0a6e1cf69c,true,,Prod New 22222,123abcd,,Allow Refund,One per quote line,,,,Quantity,,true,12.0,Always,,,,Required,,,,false,,,false,,,100.0,false,,,,false,false,true,false,,false,false,false,true,false,false,false,false,Tabs,Click,false,false,,false,List,,true,,false,,12.0,<p>spec here</p>,List,,,,,,Renewable,,false,,,,,,,
,,,,None,7c123f6e-96a8-4e3c-828f-ef0a6e1cf69c,true,,Prod New 22222,123abcd,,Allow Refund,One per quote line,,,,Quantity,,true,12.0,Always,,,,Required,,,,false,,,false,,,100.0,false,,,,false,false,true,false,,false,false,false,true,false,false,false,false,Tabs,Click,false,false,,false,List,,true,,false,,12.0,<p>spec here</p>,List,,,,,,Renewable,,false,,,,,,,
,,,,None,7c123f6e-96a8-4e3c-828f-ef0a6e1cf69c,true,,Prod New 22222,123abcd,,Allow Refund,One per quote line,,,,Quantity,,true,12.0,Always,,,,Required,,,,false,,,false,,,100.0,false,,,,false,false,true,false,,false,false,false,true,false,false,false,false,Tabs,Click,false,false,,false,List,,true,,false,,12.0,<p>spec here</p>,List,,,,,,Renewable,,false,,,,,,,
,,,,None,7c123f6e-96a8-4e3c-828f-ef0a6e1cf69c,true,,Prod New 22222,123abcd,,Allow Refund,One per quote line,,,,Quantity,,true,12.0,Always,,,,Required,,,,false,,,false,,,100.0,false,,,,false,false,true,false,,false,false,false,true,false,false,false,false,Tabs,Click,false,false,,false,List,,true,,false,,12.0,<p>spec here</p>,List,,,,,,Renewable,,false,,,,,,,
,,,,None,7c123f6e-96a8-4e3c-828f-ef0a6e1cf69c,true,,Prod New 22222,123abcd,,Allow Refund,One per quote line,,,,Quantity,,true,12.0,Always,,,,Required,,,,false,,,false,,,100.0,false,,,,false,false,true,false,,false,false,false,true,false,false,false,false,Tabs,Click,false,false,,false,List,,true,,false,,12.0,<p>spec here</p>,List,,,,,,Renewable,,false,,,,,,,
,,,,None,7c123f6e-96a8-4e3c-828f-ef0a6e1cf69c,true,,Prod New 22222,123abcd,,Allow Refund,One per quote line,,,,Quantity,,true,12.0,Always,,,,Required,,,,false,,,false,,,100.0,false,,,,false,false,true,false,,false,false,false,true,false,false,false,false,Tabs,Click,false,false,,false,List,,true,,false,,12.0,<p>spec here</p>,List,,,,,,Renewable,,false,,,,,,,
,,,,,2bf932d8-6440-4a4e-84eb-c058105ea19f,false,,mooverTest2,,,Default,One per quote line,,,,Quantity,,false,,,,,,,,,,false,,,false,,,1.0,false,,,,false,false,false,false,,false,false,false,false,false,false,false,false,,Click,false,false,,false,List,,true,,false,,,,List,,,,,,Renewable,,false,,,,,,,
,,,,,2bf932d8-6440-4a4e-84eb-c058105ea19f,false,,mooverTest2,,,Default,One per quote line,,,,Quantity,,false,,,,,,,,,,false,,,false,,,1.0,false,,,,false,false,false,false,,false,false,false,false,false,false,false,false,,Click,false,false,,false,List,,true,,false,,,,List,,,,,,Renewable,,false,,,,,,,
,,,,,2bf932d8-6440-4a4e-84eb-c058105ea19f,false,,mooverTest2,,,Default,One per quote line,,,,Quantity,,false,,,,,,,,,,false,,,false,,,1.0,false,,,,false,false,false,false,,false,false,false,false,false,false,false,false,,Click,false,false,,false,List,,true,,false,,,,List,,,,,,Renewable,,false,,,,,,,
,,,,,2bf932d8-6440-4a4e-84eb-c058105ea19f,false,,mooverTest2,,,Default,One per quote line,,,,Quantity,,false,,,,,,,,,,false,,,false,,,1.0,false,,,,false,false,false,false,,false,false,false,false,false,false,false,false,,Click,false,false,,false,List,,true,,false,,,,List,,,,,,Renewable,,false,,,,,,,
,,,,,2bf932d8-6440-4a4e-84eb-c058105ea19f,false,,mooverTest2,,,Default,One per quote line,,,,Quantity,,false,,,,,,,,,,false,,,false,,,1.0,false,,,,false,false,false,false,,false,false,false,false,false,false,false,false,,Click,false,false,,false,List,,true,,false,,,,List,,,,,,Renewable,,false,,,,,,,
,,,,,2bf932d8-6440-4a4e-84eb-c058105ea19f,false,,mooverTest2,,,Default,One per quote line,,,,Quantity,,false,,,,,,,,,,false,,,false,,,1.0,false,,,,false,false,false,false,,false,false,false,false,false,false,false,false,,Click,false,false,,false,List,,true,,false,,,,List,,,,,,Renewable,,false,,,,,,,
,,,,,2bf932d8-6440-4a4e-84eb-c058105ea19f,false,,mooverTest2,,,Default,One per quote line,,,,Quantity,,false,,,,,,,,,,false,,,false,,,1.0,false,,,,false,false,false,false,,false,false,false,false,false,false,false,false,,Click,false,false,,false,List,,true,,false,,,,List,,,,,,Renewable,,false,,,,,,,
,,,,,2bf932d8-6440-4a4e-84eb-c058105ea19f,false,,mooverTest2,,,Default,One per quote line,,,,Quantity,,false,,,,,,,,,,false,,,false,,,1.0,false,,,,false,false,false,false,,false,false,false,false,false,false,false,false,,Click,false,false,,false,List,,true,,false,,,,List,,,,,,Renewable,,false,,,,,,,
,,,,,2bf932d8-6440-4a4e-84eb-c058105ea19f,false,,mooverTest2,,,Default,One per quote line,,,,Quantity,,false,,,,,,,,,,false,,,false,,,1.0,false,,,,false,false,false,false,,false,false,false,false,false,false,false,false,,Click,false,false,,false,List,,true,,false,,,,List,,,,,,Renewable,,false,,,,,,,
,,,,,2bf932d8-6440-4a4e-84eb-c058105ea19f,false,,mooverTest2,,,Default,One per quote line,,,,Quantity,,false,,,,,,,,,,false,,,false,,,1.0,false,,,,false,false,false,false,,false,false,false,false,false,false,false,false,,Click,false,false,,false,List,,true,,false,,,,List,,,,,,Renewable,,false,,,,,,,
,,,,,2bf932d8-6440-4a4e-84eb-c058105ea19f,false,,mooverTest2,,,Default,One per quote line,,,,Quantity,,false,,,,,,,,,,false,,,false,,,1.0,false,,,,false,false,false,false,,false,false,false,false,false,false,false,false,,Click,false,false,,false,List,,true,,false,,,,List,,,,,,Renewable,,false,,,,,,,
,,,,,2bf932d8-6440-4a4e-84eb-c058105ea19f,false,,mooverTest2,,,Default,One per quote line,,,,Quantity,,false,,,,,,,,,,false,,,false,,,1.0,false,,,,false,false,false,false,,false,false,false,false,false,false,false,false,,Click,false,false,,false,List,,true,,false,,,,List,,,,,,Renewable,,false,,,,,,,
,,,,,2bf932d8-6440-4a4e-84eb-c058105ea19f,false,,mooverTest2,,,Default,One per quote line,,,,Quantity,,false,,,,,,,,,,false,,,false,,,1.0,false,,,,false,false,false,false,,false,false,false,false,false,false,false,false,,Click,false,false,,false,List,,true,,false,,,,List,,,,,,Renewable,,false,,,,,,,
,,,,,2bf932d8-6440-4a4e-84eb-c058105ea19f,false,,mooverTest2,,,Default,One per quote line,,,,Quantity,,false,,,,,,,,,,false,,,false,,,1.0,false,,,,false,false,false,false,,false,false,false,false,false,false,false,false,,Click,false,false,,false,List,,true,,false,,,,List,,,,,,Renewable,,false,,,,,,,
,,,,,2bf932d8-6440-4a4e-84eb-c058105ea19f,false,,mooverTest2,,,Default,One per quote line,,,,Quantity,,false,,,,,,,,,,false,,,false,,,1.0,false,,,,false,false,false,false,,false,false,false,false,false,false,false,false,,Click,false,false,,false,List,,true,,false,,,,List,,,,,,Renewable,,false,,,,,,,
,,,,,2bf932d8-6440-4a4e-84eb-c058105ea19f,false,,mooverTest2,,,Default,One per quote line,,,,Quantity,,false,,,,,,,,,,false,,,false,,,1.0,false,,,,false,false,false,false,,false,false,false,false,false,false,false,false,,Click,false,false,,false,List,,true,,false,,,,List,,,,,,Renewable,,false,,,,,,,
,,,,,2bf932d8-6440-4a4e-84eb-c058105ea19f,false,,mooverTest2,,,Default,One per quote line,,,,Quantity,,false,,,,,,,,,,false,,,false,,,1.0,false,,,,false,false,false,false,,false,false,false,false,false,false,false,false,,Click,false,false,,false,List,,true,,false,,,,List,,,,,,Renewable,,false,,,,,,,
,,,,,2bf932d8-6440-4a4e-84eb-c058105ea19f,false,,mooverTest2,,,Default,One per quote line,,,,Quantity,,false,,,,,,,,,,false,,,false,,,1.0,false,,,,false,false,false,false,,false,false,false,false,false,false,false,false,,Click,false,false,,false,List,,true,,false,,,,List,,,,,,Renewable,,false,,,,,,,
,,,,,2bf932d8-6440-4a4e-84eb-c058105ea19f,false,,mooverTest2,,,Default,One per quote line,,,,Quantity,,false,,,,,,,,,,false,,,false,,,1.0,false,,,,false,false,false,false,,false,false,false,false,false,false,false,false,,Click,false,false,,false,List,,true,,false,,,,List,,,,,,Renewable,,false,,,,,,,
,,,,,2bf932d8-6440-4a4e-84eb-c058105ea19f,false,,mooverTest2,,,Default,One per quote line,,,,Quantity,,false,,,,,,,,,,false,,,false,,,1.0,false,,,,false,false,false,false,,false,false,false,false,false,false,false,false,,Click,false,false,,false,List,,true,,false,,,,List,,,,,,Renewable,,false,,,,,,,
,,,,,2bf932d8-6440-4a4e-84eb-c058105ea19f,false,,mooverTest2,,,Default,One per quote line,,,,Quantity,,false,,,,,,,,,,false,,,false,,,1.0,false,,,,false,false,false,false,,false,false,false,false,false,false,false,false,,Click,false,false,,false,List,,true,,false,,,,List,,,,,,Renewable,,false,,,,,,,
,,,,,2bf932d8-6440-4a4e-84eb-c058105ea19f,false,,mooverTest2,,,Default,One per quote line,,,,Quantity,,false,,,,,,,,,,false,,,false,,,1.0,false,,,,false,false,false,false,,false,false,false,false,false,false,false,false,,Click,false,false,,false,List,,true,,false,,,,List,,,,,,Renewable,,false,,,,,,,
,,,,,2bf932d8-6440-4a4e-84eb-c058105ea19f,false,,mooverTest2,,,Default,One per quote line,,,,Quantity,,false,,,,,,,,,,false,,,false,,,1.0,false,,,,false,false,false,false,,false,false,false,false,false,false,false,false,,Click,false,false,,false,List,,true,,false,,,,List,,,,,,Renewable,,false,,,,,,,
,,,,,2bf932d8-6440-4a4e-84eb-c058105ea19f,false,,mooverTest2,,,Default,One per quote line,,,,Quantity,,false,,,,,,,,,,false,,,false,,,1.0,false,,,,false,false,false,false,,false,false,false,false,false,false,false,false,,Click,false,false,,false,List,,true,,false,,,,List,,,,,,Renewable,,false,,,,,,,
,,,,,2bf932d8-6440-4a4e-84eb-c058105ea19f,false,,mooverTest2,,,Default,One per quote line,,,,Quantity,,false,,,,,,,,,,false,,,false,,,1.0,false,,,,false,false,false,false,,false,false,false,false,false,false,false,false,,Click,false,false,,false,List,,true,,false,,,,List,,,,,,Renewable,,false,,,,,,,
,,,,,2bf932d8-6440-4a4e-84eb-c058105ea19f,false,,mooverTest2,,,Default,One per quote line,,,,Quantity,,false,,,,,,,,,,false,,,false,,,1.0,false,,,,false,false,false,false,,false,false,false,false,false,false,false,false,,Click,false,false,,false,List,,true,,false,,,,List,,,,,,Renewable,,false,,,,,,,
,,,,,2bf932d8-6440-4a4e-84eb-c058105ea19f,false,,mooverTest2,,,Default,One per quote line,,,,Quantity,,false,,,,,,,,,,false,,,false,,,1.0,false,,,,false,false,false,false,,false,false,false,false,false,false,false,false,,Click,false,false,,false,List,,true,,false,,,,List,,,,,,Renewable,,false,,,,,,,
,,,,,2bf932d8-6440-4a4e-84eb-c058105ea19f,false,,mooverTest2,,,Default,One per quote line,,,,Quantity,,false,,,,,,,,,,false,,,false,,,1.0,false,,,,false,false,false,false,,false,false,false,false,false,false,false,false,,Click,false,false,,false,List,,true,,false,,,,List,,,,,,Renewable,,false,,,,,,,
,,,,,2bf932d8-6440-4a4e-84eb-c058105ea19f,false,,mooverTest2,,,Default,One per quote line,,,,Quantity,,false,,,,,,,,,,false,,,false,,,1.0,false,,,,false,false,false,false,,false,false,false,false,false,false,false,false,,Click,false,false,,false,List,,true,,false,,,,List,,,,,,Renewable,,false,,,,,,,
,,,,,2bf932d8-6440-4a4e-84eb-c058105ea19f,false,,mooverTest2,,,Default,One per quote line,,,,Quantity,,false,,,,,,,,,,false,,,false,,,1.0,false,,,,false,false,false,false,,false,false,false,false,false,false,false,false,,Click,false,false,,false,List,,true,,false,,,,List,,,,,,Renewable,,false,,,,,,,
,,,,,2bf932d8-6440-4a4e-84eb-c058105ea19f,false,,mooverTest2,,,Default,One per quote line,,,,Quantity,,false,,,,,,,,,,false,,,false,,,1.0,false,,,,false,false,false,false,,false,false,false,false,false,false,false,false,,Click,false,false,,false,List,,true,,false,,,,List,,,,,,Renewable,,false,,,,,,,
,,,,,2bf932d8-6440-4a4e-84eb-c058105ea19f,false,,mooverTest2,,,Default,One per quote line,,,,Quantity,,false,,,,,,,,,,false,,,false,,,1.0,false,,,,false,false,false,false,,false,false,false,false,false,false,false,false,,Click,false,false,,false,List,,true,,false,,,,List,,,,,,Renewable,,false,,,,,,,
,,,,,2bf932d8-6440-4a4e-84eb-c058105ea19f,false,,mooverTest2,,,Default,One per quote line,,,,Quantity,,false,,,,,,,,,,false,,,false,,,1.0,false,,,,false,false,false,false,,false,false,false,false,false,false,false,false,,Click,false,false,,false,List,,true,,false,,,,List,,,,,,Renewable,,false,,,,,,,
,,,,,2bf932d8-6440-4a4e-84eb-c058105ea19f,false,,mooverTest2,,,Default,One per quote line,,,,Quantity,,false,,,,,,,,,,false,,,false,,,1.0,false,,,,false,false,false,false,,false,false,false,false,false,false,false,false,,Click,false,false,,false,List,,true,,false,,,,List,,,,,,Renewable,,false,,,,,,,
,,,,,2bf932d8-6440-4a4e-84eb-c058105ea19f,false,,mooverTest2,,,Default,One per quote line,,,,Quantity,,false,,,,,,,,,,false,,,false,,,1.0,false,,,,false,false,false,false,,false,false,false,false,false,false,false,false,,Click,false,false,,false,List,,true,,false,,,,List,,,,,,Renewable,,false,,,,,,,
,,,,,2bf932d8-6440-4a4e-84eb-c058105ea19f,false,,mooverTest2,,,Default,One per quote line,,,,Quantity,,false,,,,,,,,,,false,,,false,,,1.0,false,,,,false,false,false,false,,false,false,false,false,false,false,false,false,,Click,false,false,,false,List,,true,,false,,,,List,,,,,,Renewable,,false,,,,,,,
,,,,,2bf932d8-6440-4a4e-84eb-c058105ea19f,false,,mooverTest2,,,Default,One per quote line,,,,Quantity,,false,,,,,,,,,,false,,,false,,,1.0,false,,,,false,false,false,false,,false,false,false,false,false,false,false,false,,Click,false,false,,false,List,,true,,false,,,,List,,,,,,Renewable,,false,,,,,,,
,,,,,2bf932d8-6440-4a4e-84eb-c058105ea19f,false,,mooverTest2,,,Default,One per quote line,,,,Quantity,,false,,,,,,,,,,false,,,false,,,1.0,false,,,,false,false,false,false,,false,false,false,false,false,false,false,false,,Click,false,false,,false,List,,true,,false,,,,List,,,,,,Renewable,,false,,,,,,,
,,,,,2bf932d8-6440-4a4e-84eb-c058105ea19f,false,,mooverTest2,,,Default,One per quote line,,,,Quantity,,false,,,,,,,,,,false,,,false,,,1.0,false,,,,false,false,false,false,,false,false,false,false,false,false,false,false,,Click,false,false,,false,List,,true,,false,,,,List,,,,,,Renewable,,false,,,,,,,
,,,,,2bf932d8-6440-4a4e-84eb-c058105ea19f,false,,mooverTest2,,,Default,One per quote line,,,,Quantity,,false,,,,,,,,,,false,,,false,,,1.0,false,,,,false,false,false,false,,false,false,false,false,false,false,false,false,,Click,false,false,,false,List,,true,,false,,,,List,,,,,,Renewable,,false,,,,,,,
,,,,,2bf932d8-6440-4a4e-84eb-c058105ea19f,false,,mooverTest2,,,Default,One per quote line,,,,Quantity,,false,,,,,,,,,,false,,,false,,,1.0,false,,,,false,false,false,false,,false,false,false,false,false,false,false,false,,Click,false,false,,false,List,,true,,false,,,,List,,,,,,Renewable,,false,,,,,,,
,,,,,2bf932d8-6440-4a4e-84eb-c058105ea19f,false,,mooverTest2,,,Default,One per quote line,,,,Quantity,,false,,,,,,,,,,false,,,false,,,1.0,false,,,,false,false,false,false,,false,false,false,false,false,false,false,false,,Click,false,false,,false,List,,true,,false,,,,List,,,,,,Renewable,,false,,,,,,,
,,,,,2bf932d8-6440-4a4e-84eb-c058105ea19f,false,,mooverTest2,,,Default,One per quote line,,,,Quantity,,false,,,,,,,,,,false,,,false,,,1.0,false,,,,false,false,false,false,,false,false,false,false,false,false,false,false,,Click,false,false,,false,List,,true,,false,,,,List,,,,,,Renewable,,false,,,,,,,
,,,,,2bf932d8-6440-4a4e-84eb-c058105ea19f,false,,mooverTest2,,,Default,One per quote line,,,,Quantity,,false,,,,,,,,,,false,,,false,,,1.0,false,,,,false,false,false,false,,false,false,false,false,false,false,false,false,,Click,false,false,,false,List,,true,,false,,,,List,,,,,,Renewable,,false,,,,,,,
,,,,,2bf932d8-6440-4a4e-84eb-c058105ea19f,false,,mooverTest2,,,Default,One per quote line,,,,Quantity,,false,,,,,,,,,,false,,,false,,,1.0,false,,,,false,false,false,false,,false,false,false,false,false,false,false,false,,Click,false,false,,false,List,,true,,false,,,,List,,,,,,Renewable,,false,,,,,,,
,,,,,2bf932d8-6440-4a4e-84eb-c058105ea19f,false,,mooverTest2,,,Default,One per quote line,,,,Quantity,,false,,,,,,,,,,false,,,false,,,1.0,false,,,,false,false,false,false,,false,false,false,false,false,false,false,false,,Click,false,false,,false,List,,true,,false,,,,List,,,,,,Renewable,,false,,,,,,,
,,,,,2bf932d8-6440-4a4e-84eb-c058105ea19f,false,,mooverTest2,,,Default,One per quote line,,,,Quantity,,false,,,,,,,,,,false,,,false,,,1.0,false,,,,false,false,false,false,,false,false,false,false,false,false,false,false,,Click,false,false,,false,List,,true,,false,,,,List,,,,,,Renewable,,false,,,,,,,
,,,,,2bf932d8-6440-4a4e-84eb-c058105ea19f,false,,mooverTest2,,,Default,One per quote line,,,,Quantity,,false,,,,,,,,,,false,,,false,,,1.0,false,,,,false,false,false,false,,false,false,false,false,false,false,false,false,,Click,false,false,,false,List,,true,,false,,,,List,,,,,,Renewable,,false,,,,,,,
,,,,,2bf932d8-6440-4a4e-84eb-c058105ea19f,false,,mooverTest2,,,Default,One per quote line,,,,Quantity,,false,,,,,,,,,,false,,,false,,,1.0,false,,,,false,false,false,false,,false,false,false,false,false,false,false,false,,Click,false,false,,false,List,,true,,false,,,,List,,,,,,Renewable,,false,,,,,,,
,,,,,6a966b50-c5b5-43b9-9dce-824c0730f04e,false,,iTravel® | Additional Language,,,Default,One per quote line,,,,Quantity,,false,,,,,,,,,,false,,,false,,,1.0,false,,,,false,false,false,false,,false,false,false,false,false,false,false,false,,Click,false,false,,false,List,,true,,false,,,,List,,,,,,Renewable,,false,,,,,,,
,,,,,6a966b50-c5b5-43b9-9dce-824c0730f04e,false,,iTravel® | Additional Language,,,Default,One per quote line,,,,Quantity,,false,,,,,,,,,,false,,,false,,,1.0,false,,,,false,false,false,false,,false,false,false,false,false,false,false,false,,Click,false,false,,false,List,,true,,false,,,,List,,,,,,Renewable,,false,,,,,,,
,,,,,6a966b50-c5b5-43b9-9dce-824c0730f04e,false,,iTravel® | Additional Language,,,Default,One per quote line,,,,Quantity,,false,,,,,,,,,,false,,,false,,,1.0,false,,,,false,false,false,false,,false,false,false,false,false,false,false,false,,Click,false,false,,false,List,,true,,false,,,,List,,,,,,Renewable,,false,,,,,,,
,,,,,6a966b50-c5b5-43b9-9dce-824c0730f04e,false,,iTravel® | Additional Language,,,Default,One per quote line,,,,Quantity,,false,,,,,,,,,,false,,,false,,,1.0,false,,,,false,false,false,false,,false,false,false,false,false,false,false,false,,Click,false,false,,false,List,,true,,false,,,,List,,,,,,Renewable,,false,,,,,,,
,,,,,6a966b50-c5b5-43b9-9dce-824c0730f04e,false,,iTravel® | Additional Language,,,Default,One per quote line,,,,Quantity,,false,,,,,,,,,,false,,,false,,,1.0,false,,,,false,false,false,false,,false,false,false,false,false,false,false,false,,Click,false,false,,false,List,,true,,false,,,,List,,,,,,Renewable,,false,,,,,,,
,,,,,6a966b50-c5b5-43b9-9dce-824c0730f04e,false,,iTravel® | Additional Language,,,Default,One per quote line,,,,Quantity,,false,,,,,,,,,,false,,,false,,,1.0,false,,,,false,false,false,false,,false,false,false,false,false,false,false,false,,Click,false,false,,false,List,,true,,false,,,,List,,,,,,Renewable,,false,,,,,,,
,,,,,6a966b50-c5b5-43b9-9dce-824c0730f04e,false,,iTravel® | Additional Language,,,Default,One per quote line,,,,Quantity,,false,,,,,,,,,,false,,,false,,,1.0,false,,,,false,false,false,false,,false,false,false,false,false,false,false,false,,Click,false,false,,false,List,,true,,false,,,,List,,,,,,Renewable,,false,,,,,,,
,,,,,6a966b50-c5b5-43b9-9dce-824c0730f04e,false,,iTravel® | Additional Language,,,Default,One per quote line,,,,Quantity,,false,,,,,,,,,,false,,,false,,,1.0,false,,,,false,false,false,false,,false,false,false,false,false,false,false,false,,Click,false,false,,false,List,,true,,false,,,,List,,,,,,Renewable,,false,,,,,,,
,,,,,6a966b50-c5b5-43b9-9dce-824c0730f04e,false,,iTravel® | Additional Language,,,Default,One per quote line,,,,Quantity,,false,,,,,,,,,,false,,,false,,,1.0,false,,,,false,false,false,false,,false,false,false,false,false,false,false,false,,Click,false,false,,false,List,,true,,false,,,,List,,,,,,Renewable,,false,,,,,,,
,,,,,6a966b50-c5b5-43b9-9dce-824c0730f04e,false,,iTravel® | Additional Language,,,Default,One per quote line,,,,Quantity,,false,,,,,,,,,,false,,,false,,,1.0,false,,,,false,false,false,false,,false,false,false,false,false,false,false,false,,Click,false,false,,false,List,,true,,false,,,,List,,,,,,Renewable,,false,,,,,,,
,,,,,6a966b50-c5b5-43b9-9dce-824c0730f04e,false,,iTravel® | Additional Language,,,Default,One per quote line,,,,Quantity,,false,,,,,,,,,,false,,,false,,,1.0,false,,,,false,false,false,false,,false,false,false,false,false,false,false,false,,Click,false,false,,false,List,,true,,false,,,,List,,,,,,Renewable,,false,,,,,,,
,,,,,6a966b50-c5b5-43b9-9dce-824c0730f04e,false,,iTravel® | Additional Language,,,Default,One per quote line,,,,Quantity,,false,,,,,,,,,,false,,,false,,,1.0,false,,,,false,false,false,false,,false,false,false,false,false,false,false,false,,Click,false,false,,false,List,,true,,false,,,,List,,,,,,Renewable,,false,,,,,,,
,,,,,6a966b50-c5b5-43b9-9dce-824c0730f04e,false,,iTravel® | Additional Language,,,Default,One per quote line,,,,Quantity,,false,,,,,,,,,,false,,,false,,,1.0,false,,,,false,false,false,false,,false,false,false,false,false,false,false,false,,Click,false,false,,false,List,,true,,false,,,,List,,,,,,Renewable,,false,,,,,,,
,,,,,6a966b50-c5b5-43b9-9dce-824c0730f04e,false,,iTravel® | Additional Language,,,Default,One per quote line,,,,Quantity,,false,,,,,,,,,,false,,,false,,,1.0,false,,,,false,false,false,false,,false,false,false,false,false,false,false,false,,Click,false,false,,false,List,,true,,false,,,,List,,,,,,Renewable,,false,,,,,,,
,,,,,6a966b50-c5b5-43b9-9dce-824c0730f04e,false,,iTravel® | Additional Language,,,Default,One per quote line,,,,Quantity,,false,,,,,,,,,,false,,,false,,,1.0,false,,,,false,false,false,false,,false,false,false,false,false,false,false,false,,Click,false,false,,false,List,,true,,false,,,,List,,,,,,Renewable,,false,,,,,,,
,,,,,6a966b50-c5b5-43b9-9dce-824c0730f04e,false,,iTravel® | Additional Language,,,Default,One per quote line,,,,Quantity,,false,,,,,,,,,,false,,,false,,,1.0,false,,,,false,false,false,false,,false,false,false,false,false,false,false,false,,Click,false,false,,false,List,,true,,false,,,,List,,,,,,Renewable,,false,,,,,,,
,,,,,6a966b50-c5b5-43b9-9dce-824c0730f04e,false,,iTravel® | Additional Language,,,Default,One per quote line,,,,Quantity,,false,,,,,,,,,,false,,,false,,,1.0,false,,,,false,false,false,false,,false,false,false,false,false,false,false,false,,Click,false,false,,false,List,,true,,false,,,,List,,,,,,Renewable,,false,,,,,,,
,,,,,6a966b50-c5b5-43b9-9dce-824c0730f04e,false,,iTravel® | Additional Language,,,Default,One per quote line,,,,Quantity,,false,,,,,,,,,,false,,,false,,,1.0,false,,,,false,false,false,false,,false,false,false,false,false,false,false,false,,Click,false,false,,false,List,,true,,false,,,,List,,,,,,Renewable,,false,,,,,,,
,,,,,6a966b50-c5b5-43b9-9dce-824c0730f04e,false,,iTravel® | Additional Language,,,Default,One per quote line,,,,Quantity,,false,,,,,,,,,,false,,,false,,,1.0,false,,,,false,false,false,false,,false,false,false,false,false,false,false,false,,Click,false,false,,false,List,,true,,false,,,,List,,,,,,Renewable,,false,,,,,,,
,,,,,6a966b50-c5b5-43b9-9dce-824c0730f04e,false,,iTravel® | Additional Language,,,Default,One per quote line,,,,Quantity,,false,,,,,,,,,,false,,,false,,,1.0,false,,,,false,false,false,false,,false,false,false,false,false,false,false,false,,Click,false,false,,false,List,,true,,false,,,,List,,,,,,Renewable,,false,,,,,,,
,,,,,6a966b50-c5b5-43b9-9dce-824c0730f04e,false,,iTravel® | Additional Language,,,Default,One per quote line,,,,Quantity,,false,,,,,,,,,,false,,,false,,,1.0,false,,,,false,false,false,false,,false,false,false,false,false,false,false,false,,Click,false,false,,false,List,,true,,false,,,,List,,,,,,Renewable,,false,,,,,,,
,,,,,6a966b50-c5b5-43b9-9dce-824c0730f04e,false,,iTravel® | Additional Language,,,Default,One per quote line,,,,Quantity,,false,,,,,,,,,,false,,,false,,,1.0,false,,,,false,false,false,false,,false,false,false,false,false,false,false,false,,Click,false,false,,false,List,,true,,false,,,,List,,,,,,Renewable,,false,,,,,,,
,,,,,6a966b50-c5b5-43b9-9dce-824c0730f04e,false,,iTravel® | Additional Language,,,Default,One per quote line,,,,Quantity,,false,,,,,,,,,,false,,,false,,,1.0,false,,,,false,false,false,false,,false,false,false,false,false,false,false,false,,Click,false,false,,false,List,,true,,false,,,,List,,,,,,Renewable,,false,,,,,,,
,,,,,6a966b50-c5b5-43b9-9dce-824c0730f04e,false,,iTravel® | Additional Language,,,Default,One per quote line,,,,Quantity,,false,,,,,,,,,,false,,,false,,,1.0,false,,,,false,false,false,false,,false,false,false,false,false,false,false,false,,Click,false,false,,false,List,,true,,false,,,,List,,,,,,Renewable,,false,,,,,,,
,,,,,6a966b50-c5b5-43b9-9dce-824c0730f04e,false,,iTravel® | Additional Language,,,Default,One per quote line,,,,Quantity,,false,,,,,,,,,,false,,,false,,,1.0,false,,,,false,false,false,false,,false,false,false,false,false,false,false,false,,Click,false,false,,false,List,,true,,false,,,,List,,,,,,Renewable,,false,,,,,,,
,,,,,6a966b50-c5b5-43b9-9dce-824c0730f04e,false,,iTravel® | Additional Language,,,Default,One per quote line,,,,Quantity,,false,,,,,,,,,,false,,,false,,,1.0,false,,,,false,false,false,false,,false,false,false,false,false,false,false,false,,Click,false,false,,false,List,,true,,false,,,,List,,,,,,Renewable,,false,,,,,,,
,,,,,6a966b50-c5b5-43b9-9dce-824c0730f04e,false,,iTravel® | Additional Language,,,Default,One per quote line,,,,Quantity,,false,,,,,,,,,,false,,,false,,,1.0,false,,,,false,false,false,false,,false,false,false,false,false,false,false,false,,Click,false,false,,false,List,,true,,false,,,,List,,,,,,Renewable,,false,,,,,,,
,,,,,6a966b50-c5b5-43b9-9dce-824c0730f04e,false,,iTravel® | Additional Language,,,Default,One per quote line,,,,Quantity,,false,,,,,,,,,,false,,,false,,,1.0,false,,,,false,false,false,false,,false,false,false,false,false,false,false,false,,Click,false,false,,false,List,,true,,false,,,,List,,,,,,Renewable,,false,,,,,,,
,,,,,6a966b50-c5b5-43b9-9dce-824c0730f04e,false,,iTravel® | Additional Language,,,Default,One per quote line,,,,Quantity,,false,,,,,,,,,,false,,,false,,,1.0,false,,,,false,false,false,false,,false,false,false,false,false,false,false,false,,Click,false,false,,false,List,,true,,false,,,,List,,,,,,Renewable,,false,,,,,,,
,,,,,6a966b50-c5b5-43b9-9dce-824c0730f04e,false,,iTravel® | Additional Language,,,Default,One per quote line,,,,Quantity,,false,,,,,,,,,,false,,,false,,,1.0,false,,,,false,false,false,false,,false,false,false,false,false,false,false,false,,Click,false,false,,false,List,,true,,false,,,,List,,,,,,Renewable,,false,,,,,,,
,,,,,6a966b50-c5b5-43b9-9dce-824c0730f04e,false,,iTravel® | Additional Language,,,Default,One per quote line,,,,Quantity,,false,,,,,,,,,,false,,,false,,,1.0,false,,,,false,false,false,false,,false,false,false,false,false,false,false,false,,Click,false,false,,false,List,,true,,false,,,,List,,,,,,Renewable,,false,,,,,,,
,,,,,6a966b50-c5b5-43b9-9dce-824c0730f04e,false,,iTravel® | Additional Language,,,Default,One per quote line,,,,Quantity,,false,,,,,,,,,,false,,,false,,,1.0,false,,,,false,false,false,false,,false,false,false,false,false,false,false,false,,Click,false,false,,false,List,,true,,false,,,,List,,,,,,Renewable,,false,,,,,,,
,,,,,6a966b50-c5b5-43b9-9dce-824c0730f04e,false,,iTravel® | Additional Language,,,Default,One per quote line,,,,Quantity,,false,,,,,,,,,,false,,,false,,,1.0,false,,,,false,false,false,false,,false,false,false,false,false,false,false,false,,Click,false,false,,false,List,,true,,false,,,,List,,,,,,Renewable,,false,,,,,,,
,,,,,6a966b50-c5b5-43b9-9dce-824c0730f04e,false,,iTravel® | Additional Language,,,Default,One per quote line,,,,Quantity,,false,,,,,,,,,,false,,,false,,,1.0,false,,,,false,false,false,false,,false,false,false,false,false,false,false,false,,Click,false,false,,false,List,,true,,false,,,,List,,,,,,Renewable,,false,,,,,,,
,,,,,6a966b50-c5b5-43b9-9dce-824c0730f04e,false,,iTravel® | Additional Language,,,Default,One per quote line,,,,Quantity,,false,,,,,,,,,,false,,,false,,,1.0,false,,,,false,false,false,false,,false,false,false,false,false,false,false,false,,Click,false,false,,false,List,,true,,false,,,,List,,,,,,Renewable,,false,,,,,,,
,,,,,6a966b50-c5b5-43b9-9dce-824c0730f04e,false,,iTravel® | Additional Language,,,Default,One per quote line,,,,Quantity,,false,,,,,,,,,,false,,,false,,,1.0,false,,,,false,false,false,false,,false,false,false,false,false,false,false,false,,Click,false,false,,false,List,,true,,false,,,,List,,,,,,Renewable,,false,,,,,,,
,,,,,6a966b50-c5b5-43b9-9dce-824c0730f04e,false,,iTravel® | Additional Language,,,Default,One per quote line,,,,Quantity,,false,,,,,,,,,,false,,,false,,,1.0,false,,,,false,false,false,false,,false,false,false,false,false,false,false,false,,Click,false,false,,false,List,,true,,false,,,,List,,,,,,Renewable,,false,,,,,,,
,,,,,6a966b50-c5b5-43b9-9dce-824c0730f04e,false,,iTravel® | Additional Language,,,Default,One per quote line,,,,Quantity,,false,,,,,,,,,,false,,,false,,,1.0,false,,,,false,false,false,false,,false,false,false,false,false,false,false,false,,Click,false,false,,false,List,,true,,false,,,,List,,,,,,Renewable,,false,,,,,,,
,,,,,6a966b50-c5b5-43b9-9dce-824c0730f04e,false,,iTravel® | Additional Language,,,Default,One per quote line,,,,Quantity,,false,,,,,,,,,,false,,,false,,,1.0,false,,,,false,false,false,false,,false,false,false,false,false,false,false,false,,Click,false,false,,false,List,,true,,false,,,,List,,,,,,Renewable,,false,,,,,,,
,,,,,6a966b50-c5b5-43b9-9dce-824c0730f04e,false,,iTravel® | Additional Language,,,Default,One per quote line,,,,Quantity,,false,,,,,,,,,,false,,,false,,,1.0,false,,,,false,false,false,false,,false,false,false,false,false,false,false,false,,Click,false,false,,false,List,,true,,false,,,,List,,,,,,Renewable,,false,,,,,,,
,,,,,6a966b50-c5b5-43b9-9dce-824c0730f04e,false,,iTravel® | Additional Language,,,Default,One per quote line,,,,Quantity,,false,,,,,,,,,,false,,,false,,,1.0,false,,,,false,false,false,false,,false,false,false,false,false,false,false,false,,Click,false,false,,false,List,,true,,false,,,,List,,,,,,Renewable,,false,,,,,,,
,,,,,6a966b50-c5b5-43b9-9dce-824c0730f04e,false,,iTravel® | Additional Language,,,Default,One per quote line,,,,Quantity,,false,,,,,,,,,,false,,,false,,,1.0,false,,,,false,false,false,false,,false,false,false,false,false,false,false,false,,Click,false,false,,false,List,,true,,false,,,,List,,,,,,Renewable,,false,,,,,,,
,,,,,6a966b50-c5b5-43b9-9dce-824c0730f04e,false,,iTravel® | Additional Language,,,Default,One per quote line,,,,Quantity,,false,,,,,,,,,,false,,,false,,,1.0,false,,,,false,false,false,false,,false,false,false,false,false,false,false,false,,Click,false,false,,false,List,,true,,false,,,,List,,,,,,Renewable,,false,,,,,,,
,,,,,6a966b50-c5b5-43b9-9dce-824c0730f04e,false,,iTravel® | Additional Language,,,Default,One per quote line,,,,Quantity,,false,,,,,,,,,,false,,,false,,,1.0,false,,,,false,false,false,false,,false,false,false,false,false,false,false,false,,Click,false,false,,false,List,,true,,false,,,,List,,,,,,Renewable,,false,,,,,,,
,,,,,6a966b50-c5b5-43b9-9dce-824c0730f04e,false,,iTravel® | Additional Language,,,Default,One per quote line,,,,Quantity,,false,,,,,,,,,,false,,,false,,,1.0,false,,,,false,false,false,false,,false,false,false,false,false,false,false,false,,Click,false,false,,false,List,,true,,false,,,,List,,,,,,Renewable,,false,,,,,,,
,,,,,6a966b50-c5b5-43b9-9dce-824c0730f04e,false,,iTravel® | Additional Language,,,Default,One per quote line,,,,Quantity,,false,,,,,,,,,,false,,,false,,,1.0,false,,,,false,false,false,false,,false,false,false,false,false,false,false,false,,Click,false,false,,false,List,,true,,false,,,,List,,,,,,Renewable,,false,,,,,,,
,,,,,6a966b50-c5b5-43b9-9dce-824c0730f04e,false,,iTravel® | Additional Language,,,Default,One per quote line,,,,Quantity,,false,,,,,,,,,,false,,,false,,,1.0,false,,,,false,false,false,false,,false,false,false,false,false,false,false,false,,Click,false,false,,false,List,,true,,false,,,,List,,,,,,Renewable,,false,,,,,,,
,,,,,6a966b50-c5b5-43b9-9dce-824c0730f04e,false,,iTravel® | Additional Language,,,Default,One per quote line,,,,Quantity,,false,,,,,,,,,,false,,,false,,,1.0,false,,,,false,false,false,false,,false,false,false,false,false,false,false,false,,Click,false,false,,false,List,,true,,false,,,,List,,,,,,Renewable,,false,,,,,,,
,,,,,6a966b50-c5b5-43b9-9dce-824c0730f04e,false,,iTravel® | Additional Language,,,Default,One per quote line,,,,Quantity,,false,,,,,,,,,,false,,,false,,,1.0,false,,,,false,false,false,false,,false,false,false,false,false,false,false,false,,Click,false,false,,false,List,,true,,false,,,,List,,,,,,Renewable,,false,,,,,,,
,,,,,c5735002-bd71-41e4-8b5f-65122e267245,true,,Everything Plan,,,Default,One per quote line,,,,Quantity,,false,,,,,,,,,,false,,,false,,,1.0,false,,,,false,false,false,false,,false,false,false,false,false,false,false,false,,Click,false,false,,false,List,,true,,false,,,,List,,,Fixed Price,,12.0,Renewable,,false,,,,,,,
,,,,,c5735002-bd71-41e4-8b5f-65122e267245,true,,Everything Plan,,,Default,One per quote line,,,,Quantity,,false,,,,,,,,,,false,,,false,,,1.0,false,,,,false,false,false,false,,false,false,false,false,false,false,false,false,,Click,false,false,,false,List,,true,,false,,,,List,,,Fixed Price,,12.0,Renewable,,false,,,,,,,
,,,,,c5735002-bd71-41e4-8b5f-65122e267245,true,,Everything Plan,,,Default,One per quote line,,,,Quantity,,false,,,,,,,,,,false,,,false,,,1.0,false,,,,false,false,false,false,,false,false,false,false,false,false,false,false,,Click,false,false,,false,List,,true,,false,,,,List,,,Fixed Price,,12.0,Renewable,,false,,,,,,,
,,,,,c5735002-bd71-41e4-8b5f-65122e267245,true,,Everything Plan,,,Default,One per quote line,,,,Quantity,,false,,,,,,,,,,false,,,false,,,1.0,false,,,,false,false,false,false,,false,false,false,false,false,false,false,false,,Click,false,false,,false,List,,true,,false,,,,List,,,Fixed Price,,12.0,Renewable,,false,,,,,,,
,,,,,c5735002-bd71-41e4-8b5f-65122e267245,true,,Everything Plan,,,Default,One per quote line,,,,Quantity,,false,,,,,,,,,,false,,,false,,,1.0,false,,,,false,false,false,false,,false,false,false,false,false,false,false,false,,Click,false,false,,false,List,,true,,false,,,,List,,,Fixed Price,,12.0,Renewable,,false,,,,,,,
,,,,,c5735002-bd71-41e4-8b5f-65122e267245,true,,Everything Plan,,,Default,One per quote line,,,,Quantity,,false,,,,,,,,,,false,,,false,,,1.0,false,,,,false,false,false,false,,false,false,false,false,false,false,false,false,,Click,false,false,,false,List,,true,,false,,,,List,,,Fixed Price,,12.0,Renewable,,false,,,,,,,
,,,,,c5735002-bd71-41e4-8b5f-65122e267245,true,,Everything Plan,,,Default,One per quote line,,,,Quantity,,false,,,,,,,,,,false,,,false,,,1.0,false,,,,false,false,false,false,,false,false,false,false,false,false,false,false,,Click,false,false,,false,List,,true,,false,,,,List,,,Fixed Price,,12.0,Renewable,,false,,,,,,,
,,,,,c5735002-bd71-41e4-8b5f-65122e267245,true,,Everything Plan,,,Default,One per quote line,,,,Quantity,,false,,,,,,,,,,false,,,false,,,1.0,false,,,,false,false,false,false,,false,false,false,false,false,false,false,false,,Click,false,false,,false,List,,true,,false,,,,List,,,Fixed Price,,12.0,Renewable,,false,,,,,,,
,,,,,c5735002-bd71-41e4-8b5f-65122e267245,true,,Everything Plan,,,Default,One per quote line,,,,Quantity,,false,,,,,,,,,,false,,,false,,,1.0,false,,,,false,false,false,false,,false,false,false,false,false,false,false,false,,Click,false,false,,false,List,,true,,false,,,,List,,,Fixed Price,,12.0,Renewable,,false,,,,,,,
,,,,,c5735002-bd71-41e4-8b5f-65122e267245,true,,Everything Plan,,,Default,One per quote line,,,,Quantity,,false,,,,,,,,,,false,,,false,,,1.0,false,,,,false,false,false,false,,false,false,false,false,false,false,false,false,,Click,false,false,,false,List,,true,,false,,,,List,,,Fixed Price,,12.0,Renewable,,false,,,,,,,
,,,,,c5735002-bd71-41e4-8b5f-65122e267245,true,,Everything Plan,,,Default,One per quote line,,,,Quantity,,false,,,,,,,,,,false,,,false,,,1.0,false,,,,false,false,false,false,,false,false,false,false,false,false,false,false,,Click,false,false,,false,List,,true,,false,,,,List,,,Fixed Price,,12.0,Renewable,,false,,,,,,,
,,,,,c5735002-bd71-41e4-8b5f-65122e267245,true,,Everything Plan,,,Default,One per quote line,,,,Quantity,,false,,,,,,,,,,false,,,false,,,1.0,false,,,,false,false,false,false,,false,false,false,false,false,false,false,false,,Click,false,false,,false,List,,true,,false,,,,List,,,Fixed Price,,12.0,Renewable,,false,,,,,,,
,,,,,c5735002-bd71-41e4-8b5f-65122e267245,true,,Everything Plan,,,Default,One per quote line,,,,Quantity,,false,,,,,,,,,,false,,,false,,,1.0,false,,,,false,false,false,false,,false,false,false,false,false,false,false,false,,Click,false,false,,false,List,,true,,false,,,,List,,,Fixed Price,,12.0,Renewable,,false,,,,,,,
,,,,,c5735002-bd71-41e4-8b5f-65122e267245,true,,Everything Plan,,,Default,One per quote line,,,,Quantity,,false,,,,,,,,,,false,,,false,,,1.0,false,,,,false,false,false,false,,false,false,false,false,false,false,false,false,,Click,false,false,,false,List,,true,,false,,,,List,,,Fixed Price,,12.0,Renewable,,false,,,,,,,
,,,,,c5735002-bd71-41e4-8b5f-65122e267245,true,,Everything Plan,,,Default,One per quote line,,,,Quantity,,false,,,,,,,,,,false,,,false,,,1.0,false,,,,false,false,false,false,,false,false,false,false,false,false,false,false,,Click,false,false,,false,List,,true,,false,,,,List,,,Fixed Price,,12.0,Renewable,,false,,,,,,,
,,,,,c5735002-bd71-41e4-8b5f-65122e267245,true,,Everything Plan,,,Default,One per quote line,,,,Quantity,,false,,,,,,,,,,false,,,false,,,1.0,false,,,,false,false,false,false,,false,false,false,false,false,false,false,false,,Click,false,false,,false,List,,true,,false,,,,List,,,Fixed Price,,12.0,Renewable,,false,,,,,,,
,,,,,c5735002-bd71-41e4-8b5f-65122e267245,true,,Everything Plan,,,Default,One per quote line,,,,Quantity,,false,,,,,,,,,,false,,,false,,,1.0,false,,,,false,false,false,false,,false,false,false,false,false,false,false,false,,Click,false,false,,false,List,,true,,false,,,,List,,,Fixed Price,,12.0,Renewable,,false,,,,,,,
,,,,,c5735002-bd71-41e4-8b5f-65122e267245,true,,Everything Plan,,,Default,One per quote line,,,,Quantity,,false,,,,,,,,,,false,,,false,,,1.0,false,,,,false,false,false,false,,false,false,false,false,false,false,false,false,,Click,false,false,,false,List,,true,,false,,,,List,,,Fixed Price,,12.0,Renewable,,false,,,,,,,
,,,,,c5735002-bd71-41e4-8b5f-65122e267245,true,,Everything Plan,,,Default,One per quote line,,,,Quantity,,false,,,,,,,,,,false,,,false,,,1.0,false,,,,false,false,false,false,,false,false,false,false,false,false,false,false,,Click,false,false,,false,List,,true,,false,,,,List,,,Fixed Price,,12.0,Renewable,,false,,,,,,,
,,,,,c5735002-bd71-41e4-8b5f-65122e267245,true,,Everything Plan,,,Default,One per quote line,,,,Quantity,,false,,,,,,,,,,false,,,false,,,1.0,false,,,,false,false,false,false,,false,false,false,false,false,false,false,false,,Click,false,false,,false,List,,true,,false,,,,List,,,Fixed Price,,12.0,Renewable,,false,,,,,,,
,,,,,c5735002-bd71-41e4-8b5f-65122e267245,true,,Everything Plan,,,Default,One per quote line,,,,Quantity,,false,,,,,,,,,,false,,,false,,,1.0,false,,,,false,false,false,false,,false,false,false,false,false,false,false,false,,Click,false,false,,false,List,,true,,false,,,,List,,,Fixed Price,,12.0,Renewable,,false,,,,,,,
,,,,,c5735002-bd71-41e4-8b5f-65122e267245,true,,Everything Plan,,,Default,One per quote line,,,,Quantity,,false,,,,,,,,,,false,,,false,,,1.0,false,,,,false,false,false,false,,false,false,false,false,false,false,false,false,,Click,false,false,,false,List,,true,,false,,,,List,,,Fixed Price,,12.0,Renewable,,false,,,,,,,
,,,,,c5735002-bd71-41e4-8b5f-65122e267245,true,,Everything Plan,,,Default,One per quote line,,,,Quantity,,false,,,,,,,,,,false,,,false,,,1.0,false,,,,false,false,false,false,,false,false,false,false,false,false,false,false,,Click,false,false,,false,List,,true,,false,,,,List,,,Fixed Price,,12.0,Renewable,,false,,,,,,,
,,,,,c5735002-bd71-41e4-8b5f-65122e267245,true,,Everything Plan,,,Default,One per quote line,,,,Quantity,,false,,,,,,,,,,false,,,false,,,1.0,false,,,,false,false,false,false,,false,false,false,false,false,false,false,false,,Click,false,false,,false,List,,true,,false,,,,List,,,Fixed Price,,12.0,Renewable,,false,,,,,,,
,,,,,c5735002-bd71-41e4-8b5f-65122e267245,true,,Everything Plan,,,Default,One per quote line,,,,Quantity,,false,,,,,,,,,,false,,,false,,,1.0,false,,,,false,false,false,false,,false,false,false,false,false,false,false,false,,Click,false,false,,false,List,,true,,false,,,,List,,,Fixed Price,,12.0,Renewable,,false,,,,,,,
,,,,,c5735002-bd71-41e4-8b5f-65122e267245,true,,Everything Plan,,,Default,One per quote line,,,,Quantity,,false,,,,,,,,,,false,,,false,,,1.0,false,,,,false,false,false,false,,false,false,false,false,false,false,false,false,,Click,false,false,,false,List,,true,,false,,,,List,,,Fixed Price,,12.0,Renewable,,false,,,,,,,
,,,,,c5735002-bd71-41e4-8b5f-65122e267245,true,,Everything Plan,,,Default,One per quote line,,,,Quantity,,false,,,,,,,,,,false,,,false,,,1.0,false,,,,false,false,false,false,,false,false,false,false,false,false,false,false,,Click,false,false,,false,List,,true,,false,,,,List,,,Fixed Price,,12.0,Renewable,,false,,,,,,,
,,,,,c5735002-bd71-41e4-8b5f-65122e267245,true,,Everything Plan,,,Default,One per quote line,,,,Quantity,,false,,,,,,,,,,false,,,false,,,1.0,false,,,,false,false,false,false,,false,false,false,false,false,false,false,false,,Click,false,false,,false,List,,true,,false,,,,List,,,Fixed Price,,12.0,Renewable,,false,,,,,,,
,,,,,c5735002-bd71-41e4-8b5f-65122e267245,true,,Everything Plan,,,Default,One per quote line,,,,Quantity,,false,,,,,,,,,,false,,,false,,,1.0,false,,,,false,false,false,false,,false,false,false,false,false,false,false,false,,Click,false,false,,false,List,,true,,false,,,,List,,,Fixed Price,,12.0,Renewable,,false,,,,,,,
,,,,,c5735002-bd71-41e4-8b5f-65122e267245,true,,Everything Plan,,,Default,One per quote line,,,,Quantity,,false,,,,,,,,,,false,,,false,,,1.0,false,,,,false,false,false,false,,false,false,false,false,false,false,false,false,,Click,false,false,,false,List,,true,,false,,,,List,,,Fixed Price,,12.0,Renewable,,false,,,,,,,
,,,,,c5735002-bd71-41e4-8b5f-65122e267245,true,,Everything Plan,,,Default,One per quote line,,,,Quantity,,false,,,,,,,,,,false,,,false,,,1.0,false,,,,false,false,false,false,,false,false,false,false,false,false,false,false,,Click,false,false,,false,List,,true,,false,,,,List,,,Fixed Price,,12.0,Renewable,,false,,,,,,,
,,,,,c5735002-bd71-41e4-8b5f-65122e267245,true,,Everything Plan,,,Default,One per quote line,,,,Quantity,,false,,,,,,,,,,false,,,false,,,1.0,false,,,,false,false,false,false,,false,false,false,false,false,false,false,false,,Click,false,false,,false,List,,true,,false,,,,List,,,Fixed Price,,12.0,Renewable,,false,,,,,,,
,,,,,c5735002-bd71-41e4-8b5f-65122e267245,true,,Everything Plan,,,Default,One per quote line,,,,Quantity,,false,,,,,,,,,,false,,,false,,,1.0,false,,,,false,false,false,false,,false,false,false,false,false,false,false,false,,Click,false,false,,false,List,,true,,false,,,,List,,,Fixed Price,,12.0,Renewable,,false,,,,,,,
,,,,,c5735002-bd71-41e4-8b5f-65122e267245,true,,Everything Plan,,,Default,One per quote line,,,,Quantity,,false,,,,,,,,,,false,,,false,,,1.0,false,,,,false,false,false,false,,false,false,false,false,false,false,false,false,,Click,false,false,,false,List,,true,,false,,,,List,,,Fixed Price,,12.0,Renewable,,false,,,,,,,
,,,,,c5735002-bd71-41e4-8b5f-65122e267245,true,,Everything Plan,,,Default,One per quote line,,,,Quantity,,false,,,,,,,,,,false,,,false,,,1.0,false,,,,false,false,false,false,,false,false,false,false,false,false,false,false,,Click,false,false,,false,List,,true,,false,,,,List,,,Fixed Price,,12.0,Renewable,,false,,,,,,,
,,,,,c5735002-bd71-41e4-8b5f-65122e267245,true,,Everything Plan,,,Default,One per quote line,,,,Quantity,,false,,,,,,,,,,false,,,false,,,1.0,false,,,,false,false,false,false,,false,false,false,false,false,false,false,false,,Click,false,false,,false,List,,true,,false,,,,List,,,Fixed Price,,12.0,Renewable,,false,,,,,,,
,,,,,c5735002-bd71-41e4-8b5f-65122e267245,true,,Everything Plan,,,Default,One per quote line,,,,Quantity,,false,,,,,,,,,,false,,,false,,,1.0,false,,,,false,false,false,false,,false,false,false,false,false,false,false,false,,Click,false,false,,false,List,,true,,false,,,,List,,,Fixed Price,,12.0,Renewable,,false,,,,,,,
,,,,,c5735002-bd71-41e4-8b5f-65122e267245,true,,Everything Plan,,,Default,One per quote line,,,,Quantity,,false,,,,,,,,,,false,,,false,,,1.0,false,,,,false,false,false,false,,false,false,false,false,false,false,false,false,,Click,false,false,,false,List,,true,,false,,,,List,,,Fixed Price,,12.0,Renewable,,false,,,,,,,
,,,,,c5735002-bd71-41e4-8b5f-65122e267245,true,,Everything Plan,,,Default,One per quote line,,,,Quantity,,false,,,,,,,,,,false,,,false,,,1.0,false,,,,false,false,false,false,,false,false,false,false,false,false,false,false,,Click,false,false,,false,List,,true,,false,,,,List,,,Fixed Price,,12.0,Renewable,,false,,,,,,,
,,,,,c5735002-bd71-41e4-8b5f-65122e267245,true,,Everything Plan,,,Default,One per quote line,,,,Quantity,,false,,,,,,,,,,false,,,false,,,1.0,false,,,,false,false,false,false,,false,false,false,false,false,false,false,false,,Click,false,false,,false,List,,true,,false,,,,List,,,Fixed Price,,12.0,Renewable,,false,,,,,,,
,,,,,c5735002-bd71-41e4-8b5f-65122e267245,true,,Everything Plan,,,Default,One per quote line,,,,Quantity,,false,,,,,,,,,,false,,,false,,,1.0,false,,,,false,false,false,false,,false,false,false,false,false,false,false,false,,Click,false,false,,false,List,,true,,false,,,,List,,,Fixed Price,,12.0,Renewable,,false,,,,,,,
,,,,,c5735002-bd71-41e4-8b5f-65122e267245,true,,Everything Plan,,,Default,One per quote line,,,,Quantity,,false,,,,,,,,,,false,,,false,,,1.0,false,,,,false,false,false,false,,false,false,false,false,false,false,false,false,,Click,false,false,,false,List,,true,,false,,,,List,,,Fixed Price,,12.0,Renewable,,false,,,,,,,
,,,,,c5735002-bd71-41e4-8b5f-65122e267245,true,,Everything Plan,,,Default,One per quote line,,,,Quantity,,false,,,,,,,,,,false,,,false,,,1.0,false,,,,false,false,false,false,,false,false,false,false,false,false,false,false,,Click,false,false,,false,List,,true,,false,,,,List,,,Fixed Price,,12.0,Renewable,,false,,,,,,,
,,,,,c5735002-bd71-41e4-8b5f-65122e267245,true,,Everything Plan,,,Default,One per quote line,,,,Quantity,,false,,,,,,,,,,false,,,false,,,1.0,false,,,,false,false,false,false,,false,false,false,false,false,false,false,false,,Click,false,false,,false,List,,true,,false,,,,List,,,Fixed Price,,12.0,Renewable,,false,,,,,,,
,,,,,c5735002-bd71-41e4-8b5f-65122e267245,true,,Everything Plan,,,Default,One per quote line,,,,Quantity,,false,,,,,,,,,,false,,,false,,,1.0,false,,,,false,false,false,false,,false,false,false,false,false,false,false,false,,Click,false,false,,false,List,,true,,false,,,,List,,,Fixed Price,,12.0,Renewable,,false,,,,,,,
,,,,,c5735002-bd71-41e4-8b5f-65122e267245,true,,Everything Plan,,,Default,One per quote line,,,,Quantity,,false,,,,,,,,,,false,,,false,,,1.0,false,,,,false,false,false,false,,false,false,false,false,false,false,false,false,,Click,false,false,,false,List,,true,,false,,,,List,,,Fixed Price,,12.0,Renewable,,false,,,,,,,
,,,,,c5735002-bd71-41e4-8b5f-65122e267245,true,,Everything Plan,,,Default,One per quote line,,,,Quantity,,false,,,,,,,,,,false,,,false,,,1.0,false,,,,false,false,false,false,,false,false,false,false,false,false,false,false,,Click,false,false,,false,List,,true,,false,,,,List,,,Fixed Price,,12.0,Renewable,,false,,,,,,,
,,,,,c5735002-bd71-41e4-8b5f-65122e267245,true,,Everything Plan,,,Default,One per quote line,,,,Quantity,,false,,,,,,,,,,false,,,false,,,1.0,false,,,,false,false,false,false,,false,false,false,false,false,false,false,false,,Click,false,false,,false,List,,true,,false,,,,List,,,Fixed Price,,12.0,Renewable,,false,,,,,,,
,,,,,c5735002-bd71-41e4-8b5f-65122e267245,true,,Everything Plan,,,Default,One per quote line,,,,Quantity,,false,,,,,,,,,,false,,,false,,,1.0,false,,,,false,false,false,false,,false,false,false,false,false,false,false,false,,Click,false,false,,false,List,,true,,false,,,,List,,,Fixed Price,,12.0,Renewable,,false,,,,,,,
,,,,,f97f1d89-8b35-4b22-b89f-d8935eb333e6,false,,myProduct1_edit 2,,,Default,One per quote line,,,,Quantity,,false,10.0,Always,,,,Required,,,,false,,,false,Always,,1.0,false,,,List price is minimum,false,false,false,false,,false,false,false,false,false,false,false,false,,Add,false,false,,true,Cost,,true,,false,,,,List,,,,,,Renewable,,false,Line,,,,,,
,,,,,f97f1d89-8b35-4b22-b89f-d8935eb333e6,false,,myProduct1_edit 2,,,Default,One per quote line,,,,Quantity,,false,10.0,Always,,,,Required,,,,false,,,false,Always,,1.0,false,,,List price is minimum,false,false,false,false,,false,false,false,false,false,false,false,false,,Add,false,false,,true,Cost,,true,,false,,,,List,,,,,,Renewable,,false,Line,,,,,,
,,,,,f97f1d89-8b35-4b22-b89f-d8935eb333e6,false,,myProduct1_edit 2,,,Default,One per quote line,,,,Quantity,,false,10.0,Always,,,,Required,,,,false,,,false,Always,,1.0,false,,,List price is minimum,false,false,false,false,,false,false,false,false,false,false,false,false,,Add,false,false,,true,Cost,,true,,false,,,,List,,,,,,Renewable,,false,Line,,,,,,
,,,,,f97f1d89-8b35-4b22-b89f-d8935eb333e6,false,,myProduct1_edit 2,,,Default,One per quote line,,,,Quantity,,false,10.0,Always,,,,Required,,,,false,,,false,Always,,1.0,false,,,List price is minimum,false,false,false,false,,false,false,false,false,false,false,false,false,,Add,false,false,,true,Cost,,true,,false,,,,List,,,,,,Renewable,,false,Line,,,,,,
,,,,,f97f1d89-8b35-4b22-b89f-d8935eb333e6,false,,myProduct1_edit 2,,,Default,One per quote line,,,,Quantity,,false,10.0,Always,,,,Required,,,,false,,,false,Always,,1.0,false,,,List price is minimum,false,false,false,false,,false,false,false,false,false,false,false,false,,Add,false,false,,true,Cost,,true,,false,,,,List,,,,,,Renewable,,false,Line,,,,,,
,,,,,f97f1d89-8b35-4b22-b89f-d8935eb333e6,false,,myProduct1_edit 2,,,Default,One per quote line,,,,Quantity,,false,10.0,Always,,,,Required,,,,false,,,false,Always,,1.0,false,,,List price is minimum,false,false,false,false,,false,false,false,false,false,false,false,false,,Add,false,false,,true,Cost,,true,,false,,,,List,,,,,,Renewable,,false,Line,,,,,,
,,,,,f97f1d89-8b35-4b22-b89f-d8935eb333e6,false,,myProduct1_edit 2,,,Default,One per quote line,,,,Quantity,,false,10.0,Always,,,,Required,,,,false,,,false,Always,,1.0,false,,,List price is minimum,false,false,false,false,,false,false,false,false,false,false,false,false,,Add,false,false,,true,Cost,,true,,false,,,,List,,,,,,Renewable,,false,Line,,,,,,
,,,,,f97f1d89-8b35-4b22-b89f-d8935eb333e6,false,,myProduct1_edit 2,,,Default,One per quote line,,,,Quantity,,false,10.0,Always,,,,Required,,,,false,,,false,Always,,1.0,false,,,List price is minimum,false,false,false,false,,false,false,false,false,false,false,false,false,,Add,false,false,,true,Cost,,true,,false,,,,List,,,,,,Renewable,,false,Line,,,,,,
,,,,,f97f1d89-8b35-4b22-b89f-d8935eb333e6,false,,myProduct1_edit 2,,,Default,One per quote line,,,,Quantity,,false,10.0,Always,,,,Required,,,,false,,,false,Always,,1.0,false,,,List price is minimum,false,false,false,false,,false,false,false,false,false,false,false,false,,Add,false,false,,true,Cost,,true,,false,,,,List,,,,,,Renewable,,false,Line,,,,,,
,,,,,f97f1d89-8b35-4b22-b89f-d8935eb333e6,false,,myProduct1_edit 2,,,Default,One per quote line,,,,Quantity,,false,10.0,Always,,,,Required,,,,false,,,false,Always,,1.0,false,,,List price is minimum,false,false,false,false,,false,false,false,false,false,false,false,false,,Add,false,false,,true,Cost,,true,,false,,,,List,,,,,,Renewable,,false,Line,,,,,,
,,,,,f97f1d89-8b35-4b22-b89f-d8935eb333e6,false,,myProduct1_edit 2,,,Default,One per quote line,,,,Quantity,,false,10.0,Always,,,,Required,,,,false,,,false,Always,,1.0,false,,,List price is minimum,false,false,false,false,,false,false,false,false,false,false,false,false,,Add,false,false,,true,Cost,,true,,false,,,,List,,,,,,Renewable,,false,Line,,,,,,
,,,,,f97f1d89-8b35-4b22-b89f-d8935eb333e6,false,,myProduct1_edit 2,,,Default,One per quote line,,,,Quantity,,false,10.0,Always,,,,Required,,,,false,,,false,Always,,1.0,false,,,List price is minimum,false,false,false,false,,false,false,false,false,false,false,false,false,,Add,false,false,,true,Cost,,true,,false,,,,List,,,,,,Renewable,,false,Line,,,,,,
,,,,,f97f1d89-8b35-4b22-b89f-d8935eb333e6,false,,myProduct1_edit 2,,,Default,One per quote line,,,,Quantity,,false,10.0,Always,,,,Required,,,,false,,,false,Always,,1.0,false,,,List price is minimum,false,false,false,false,,false,false,false,false,false,false,false,false,,Add,false,false,,true,Cost,,true,,false,,,,List,,,,,,Renewable,,false,Line,,,,,,
,,,,,f97f1d89-8b35-4b22-b89f-d8935eb333e6,false,,myProduct1_edit 2,,,Default,One per quote line,,,,Quantity,,false,10.0,Always,,,,Required,,,,false,,,false,Always,,1.0,false,,,List price is minimum,false,false,false,false,,false,false,false,false,false,false,false,false,,Add,false,false,,true,Cost,,true,,false,,,,List,,,,,,Renewable,,false,Line,,,,,,
,,,,,f97f1d89-8b35-4b22-b89f-d8935eb333e6,false,,myProduct1_edit 2,,,Default,One per quote line,,,,Quantity,,false,10.0,Always,,,,Required,,,,false,,,false,Always,,1.0,false,,,List price is minimum,false,false,false,false,,false,false,false,false,false,false,false,false,,Add,false,false,,true,Cost,,true,,false,,,,List,,,,,,Renewable,,false,Line,,,,,,
,,,,,f97f1d89-8b35-4b22-b89f-d8935eb333e6,false,,myProduct1_edit 2,,,Default,One per quote line,,,,Quantity,,false,10.0,Always,,,,Required,,,,false,,,false,Always,,1.0,false,,,List price is minimum,false,false,false,false,,false,false,false,false,false,false,false,false,,Add,false,false,,true,Cost,,true,,false,,,,List,,,,,,Renewable,,false,Line,,,,,,
,,,,,f97f1d89-8b35-4b22-b89f-d8935eb333e6,false,,myProduct1_edit 2,,,Default,One per quote line,,,,Quantity,,false,10.0,Always,,,,Required,,,,false,,,false,Always,,1.0,false,,,List price is minimum,false,false,false,false,,false,false,false,false,false,false,false,false,,Add,false,false,,true,Cost,,true,,false,,,,List,,,,,,Renewable,,false,Line,,,,,,
,,,,,f97f1d89-8b35-4b22-b89f-d8935eb333e6,false,,myProduct1_edit 2,,,Default,One per quote line,,,,Quantity,,false,10.0,Always,,,,Required,,,,false,,,false,Always,,1.0,false,,,List price is minimum,false,false,false,false,,false,false,false,false,false,false,false,false,,Add,false,false,,true,Cost,,true,,false,,,,List,,,,,,Renewable,,false,Line,,,,,,
,,,,,f97f1d89-8b35-4b22-b89f-d8935eb333e6,false,,myProduct1_edit 2,,,Default,One per quote line,,,,Quantity,,false,10.0,Always,,,,Required,,,,false,,,false,Always,,1.0,false,,,List price is minimum,false,false,false,false,,false,false,false,false,false,false,false,false,,Add,false,false,,true,Cost,,true,,false,,,,List,,,,,,Renewable,,false,Line,,,,,,
,,,,,f97f1d89-8b35-4b22-b89f-d8935eb333e6,false,,myProduct1_edit 2,,,Default,One per quote line,,,,Quantity,,false,10.0,Always,,,,Required,,,,false,,,false,Always,,1.0,false,,,List price is minimum,false,false,false,false,,false,false,false,false,false,false,false,false,,Add,false,false,,true,Cost,,true,,false,,,,List,,,,,,Renewable,,false,Line,,,,,,
,,,,,f97f1d89-8b35-4b22-b89f-d8935eb333e6,false,,myProduct1_edit 2,,,Default,One per quote line,,,,Quantity,,false,10.0,Always,,,,Required,,,,false,,,false,Always,,1.0,false,,,List price is minimum,false,false,false,false,,false,false,false,false,false,false,false,false,,Add,false,false,,true,Cost,,true,,false,,,,List,,,,,,Renewable,,false,Line,,,,,,
,,,,,f97f1d89-8b35-4b22-b89f-d8935eb333e6,false,,myProduct1_edit 2,,,Default,One per quote line,,,,Quantity,,false,10.0,Always,,,,Required,,,,false,,,false,Always,,1.0,false,,,List price is minimum,false,false,false,false,,false,false,false,false,false,false,false,false,,Add,false,false,,true,Cost,,true,,false,,,,List,,,,,,Renewable,,false,Line,,,,,,
,,,,,f97f1d89-8b35-4b22-b89f-d8935eb333e6,false,,myProduct1_edit 2,,,Default,One per quote line,,,,Quantity,,false,10.0,Always,,,,Required,,,,false,,,false,Always,,1.0,false,,,List price is minimum,false,false,false,false,,false,false,false,false,false,false,false,false,,Add,false,false,,true,Cost,,true,,false,,,,List,,,,,,Renewable,,false,Line,,,,,,
,,,,,f97f1d89-8b35-4b22-b89f-d8935eb333e6,false,,myProduct1_edit 2,,,Default,One per quote line,,,,Quantity,,false,10.0,Always,,,,Required,,,,false,,,false,Always,,1.0,false,,,List price is minimum,false,false,false,false,,false,false,false,false,false,false,false,false,,Add,false,false,,true,Cost,,true,,false,,,,List,,,,,,Renewable,,false,Line,,,,,,
,,,,,f97f1d89-8b35-4b22-b89f-d8935eb333e6,false,,myProduct1_edit 2,,,Default,One per quote line,,,,Quantity,,false,10.0,Always,,,,Required,,,,false,,,false,Always,,1.0,false,,,List price is minimum,false,false,false,false,,false,false,false,false,false,false,false,false,,Add,false,false,,true,Cost,,true,,false,,,,List,,,,,,Renewable,,false,Line,,,,,,
,,,,,f97f1d89-8b35-4b22-b89f-d8935eb333e6,false,,myProduct1_edit 2,,,Default,One per quote line,,,,Quantity,,false,10.0,Always,,,,Required,,,,false,,,false,Always,,1.0,false,,,List price is minimum,false,false,false,false,,false,false,false,false,false,false,false,false,,Add,false,false,,true,Cost,,true,,false,,,,List,,,,,,Renewable,,false,Line,,,,,,
,,,,,f97f1d89-8b35-4b22-b89f-d8935eb333e6,false,,myProduct1_edit 2,,,Default,One per quote line,,,,Quantity,,false,10.0,Always,,,,Required,,,,false,,,false,Always,,1.0,false,,,List price is minimum,false,false,false,false,,false,false,false,false,false,false,false,false,,Add,false,false,,true,Cost,,true,,false,,,,List,,,,,,Renewable,,false,Line,,,,,,
,,,,,f97f1d89-8b35-4b22-b89f-d8935eb333e6,false,,myProduct1_edit 2,,,Default,One per quote line,,,,Quantity,,false,10.0,Always,,,,Required,,,,false,,,false,Always,,1.0,false,,,List price is minimum,false,false,false,false,,false,false,false,false,false,false,false,false,,Add,false,false,,true,Cost,,true,,false,,,,List,,,,,,Renewable,,false,Line,,,,,,
,,,,,f97f1d89-8b35-4b22-b89f-d8935eb333e6,false,,myProduct1_edit 2,,,Default,One per quote line,,,,Quantity,,false,10.0,Always,,,,Required,,,,false,,,false,Always,,1.0,false,,,List price is minimum,false,false,false,false,,false,false,false,false,false,false,false,false,,Add,false,false,,true,Cost,,true,,false,,,,List,,,,,,Renewable,,false,Line,,,,,,
,,,,,f97f1d89-8b35-4b22-b89f-d8935eb333e6,false,,myProduct1_edit 2,,,Default,One per quote line,,,,Quantity,,false,10.0,Always,,,,Required,,,,false,,,false,Always,,1.0,false,,,List price is minimum,false,false,false,false,,false,false,false,false,false,false,false,false,,Add,false,false,,true,Cost,,true,,false,,,,List,,,,,,Renewable,,false,Line,,,,,,
,,,,,f97f1d89-8b35-4b22-b89f-d8935eb333e6,false,,myProduct1_edit 2,,,Default,One per quote line,,,,Quantity,,false,10.0,Always,,,,Required,,,,false,,,false,Always,,1.0,false,,,List price is minimum,false,false,false,false,,false,false,false,false,false,false,false,false,,Add,false,false,,true,Cost,,true,,false,,,,List,,,,,,Renewable,,false,Line,,,,,,
,,,,,f97f1d89-8b35-4b22-b89f-d8935eb333e6,false,,myProduct1_edit 2,,,Default,One per quote line,,,,Quantity,,false,10.0,Always,,,,Required,,,,false,,,false,Always,,1.0,false,,,List price is minimum,false,false,false,false,,false,false,false,false,false,false,false,false,,Add,false,false,,true,Cost,,true,,false,,,,List,,,,,,Renewable,,false,Line,,,,,,
,,,,,f97f1d89-8b35-4b22-b89f-d8935eb333e6,false,,myProduct1_edit 2,,,Default,One per quote line,,,,Quantity,,false,10.0,Always,,,,Required,,,,false,,,false,Always,,1.0,false,,,List price is minimum,false,false,false,false,,false,false,false,false,false,false,false,false,,Add,false,false,,true,Cost,,true,,false,,,,List,,,,,,Renewable,,false,Line,,,,,,
,,,,,f97f1d89-8b35-4b22-b89f-d8935eb333e6,false,,myProduct1_edit 2,,,Default,One per quote line,,,,Quantity,,false,10.0,Always,,,,Required,,,,false,,,false,Always,,1.0,false,,,List price is minimum,false,false,false,false,,false,false,false,false,false,false,false,false,,Add,false,false,,true,Cost,,true,,false,,,,List,,,,,,Renewable,,false,Line,,,,,,
,,,,,f97f1d89-8b35-4b22-b89f-d8935eb333e6,false,,myProduct1_edit 2,,,Default,One per quote line,,,,Quantity,,false,10.0,Always,,,,Required,,,,false,,,false,Always,,1.0,false,,,List price is minimum,false,false,false,false,,false,false,false,false,false,false,false,false,,Add,false,false,,true,Cost,,true,,false,,,,List,,,,,,Renewable,,false,Line,,,,,,
,,,,,f97f1d89-8b35-4b22-b89f-d8935eb333e6,false,,myProduct1_edit 2,,,Default,One per quote line,,,,Quantity,,false,10.0,Always,,,,Required,,,,false,,,false,Always,,1.0,false,,,List price is minimum,false,false,false,false,,false,false,false,false,false,false,false,false,,Add,false,false,,true,Cost,,true,,false,,,,List,,,,,,Renewable,,false,Line,,,,,,
,,,,,f97f1d89-8b35-4b22-b89f-d8935eb333e6,false,,myProduct1_edit 2,,,Default,One per quote line,,,,Quantity,,false,10.0,Always,,,,Required,,,,false,,,false,Always,,1.0,false,,,List price is minimum,false,false,false,false,,false,false,false,false,false,false,false,false,,Add,false,false,,true,Cost,,true,,false,,,,List,,,,,,Renewable,,false,Line,,,,,,
,,,,,f97f1d89-8b35-4b22-b89f-d8935eb333e6,false,,myProduct1_edit 2,,,Default,One per quote line,,,,Quantity,,false,10.0,Always,,,,Required,,,,false,,,false,Always,,1.0,false,,,List price is minimum,false,false,false,false,,false,false,false,false,false,false,false,false,,Add,false,false,,true,Cost,,true,,false,,,,List,,,,,,Renewable,,false,Line,,,,,,
,,,,,f97f1d89-8b35-4b22-b89f-d8935eb333e6,false,,myProduct1_edit 2,,,Default,One per quote line,,,,Quantity,,false,10.0,Always,,,,Required,,,,false,,,false,Always,,1.0,false,,,List price is minimum,false,false,false,false,,false,false,false,false,false,false,false,false,,Add,false,false,,true,Cost,,true,,false,,,,List,,,,,,Renewable,,false,Line,,,,,,
,,,,,f97f1d89-8b35-4b22-b89f-d8935eb333e6,false,,myProduct1_edit 2,,,Default,One per quote line,,,,Quantity,,false,10.0,Always,,,,Required,,,,false,,,false,Always,,1.0,false,,,List price is minimum,false,false,false,false,,false,false,false,false,false,false,false,false,,Add,false,false,,true,Cost,,true,,false,,,,List,,,,,,Renewable,,false,Line,,,,,,
,,,,,f97f1d89-8b35-4b22-b89f-d8935eb333e6,false,,myProduct1_edit 2,,,Default,One per quote line,,,,Quantity,,false,10.0,Always,,,,Required,,,,false,,,false,Always,,1.0,false,,,List price is minimum,false,false,false,false,,false,false,false,false,false,false,false,false,,Add,false,false,,true,Cost,,true,,false,,,,List,,,,,,Renewable,,false,Line,,,,,,
,,,,,f97f1d89-8b35-4b22-b89f-d8935eb333e6,false,,myProduct1_edit 2,,,Default,One per quote line,,,,Quantity,,false,10.0,Always,,,,Required,,,,false,,,false,Always,,1.0,false,,,List price is minimum,false,false,false,false,,false,false,false,false,false,false,false,false,,Add,false,false,,true,Cost,,true,,false,,,,List,,,,,,Renewable,,false,Line,,,,,,
,,,,,f97f1d89-8b35-4b22-b89f-d8935eb333e6,false,,myProduct1_edit 2,,,Default,One per quote line,,,,Quantity,,false,10.0,Always,,,,Required,,,,false,,,false,Always,,1.0,false,,,List price is minimum,false,false,false,false,,false,false,false,false,false,false,false,false,,Add,false,false,,true,Cost,,true,,false,,,,List,,,,,,Renewable,,false,Line,,,,,,
,,,,,f97f1d89-8b35-4b22-b89f-d8935eb333e6,false,,myProduct1_edit 2,,,Default,One per quote line,,,,Quantity,,false,10.0,Always,,,,Required,,,,false,,,false,Always,,1.0,false,,,List price is minimum,false,false,false,false,,false,false,false,false,false,false,false,false,,Add,false,false,,true,Cost,,true,,false,,,,List,,,,,,Renewable,,false,Line,,,,,,
,,,,,f97f1d89-8b35-4b22-b89f-d8935eb333e6,false,,myProduct1_edit 2,,,Default,One per quote line,,,,Quantity,,false,10.0,Always,,,,Required,,,,false,,,false,Always,,1.0,false,,,List price is minimum,false,false,false,false,,false,false,false,false,false,false,false,false,,Add,false,false,,true,Cost,,true,,false,,,,List,,,,,,Renewable,,false,Line,,,,,,
,,,,,f97f1d89-8b35-4b22-b89f-d8935eb333e6,false,,myProduct1_edit 2,,,Default,One per quote line,,,,Quantity,,false,10.0,Always,,,,Required,,,,false,,,false,Always,,1.0,false,,,List price is minimum,false,false,false,false,,false,false,false,false,false,false,false,false,,Add,false,false,,true,Cost,,true,,false,,,,List,,,,,,Renewable,,false,Line,,,,,,
,,,,,f97f1d89-8b35-4b22-b89f-d8935eb333e6,false,,myProduct1_edit 2,,,Default,One per quote line,,,,Quantity,,false,10.0,Always,,,,Required,,,,false,,,false,Always,,1.0,false,,,List price is minimum,false,false,false,false,,false,false,false,false,false,false,false,false,,Add,false,false,,true,Cost,,true,,false,,,,List,,,,,,Renewable,,false,Line,,,,,,
,,,,,f97f1d89-8b35-4b22-b89f-d8935eb333e6,false,,myProduct1_edit 2,,,Default,One per quote line,,,,Quantity,,false,10.0,Always,,,,Required,,,,false,,,false,Always,,1.0,false,,,List price is minimum,false,false,false,false,,false,false,false,false,false,false,false,false,,Add,false,false,,true,Cost,,true,,false,,,,List,,,,,,Renewable,,false,Line,,,,,,
,,,,,f97f1d89-8b35-4b22-b89f-d8935eb333e6,false,,myProduct1_edit 2,,,Default,One per quote line,,,,Quantity,,false,10.0,Always,,,,Required,,,,false,,,false,Always,,1.0,false,,,List price is minimum,false,false,false,false,,false,false,false,false,false,false,false,false,,Add,false,false,,true,Cost,,true,,false,,,,List,,,,,,Renewable,,false,Line,,,,,,
,,,,,4f40c252-963d-4a1d-b5bf-858c0664603a,false,,mooverTest1,,,Default,One per quote line,,,,Quantity,,false,,,,,,,,,,false,,,false,,,1.0,false,,,,false,false,false,false,,false,false,false,false,false,false,false,false,,Click,false,false,,false,List,,true,,false,,,,List,,,,,,Renewable,,false,,,,,,,
,,,,,4f40c252-963d-4a1d-b5bf-858c0664603a,false,,mooverTest1,,,Default,One per quote line,,,,Quantity,,false,,,,,,,,,,false,,,false,,,1.0,false,,,,false,false,false,false,,false,false,false,false,false,false,false,false,,Click,false,false,,false,List,,true,,false,,,,List,,,,,,Renewable,,false,,,,,,,
,,,,,4f40c252-963d-4a1d-b5bf-858c0664603a,false,,mooverTest1,,,Default,One per quote line,,,,Quantity,,false,,,,,,,,,,false,,,false,,,1.0,false,,,,false,false,false,false,,false,false,false,false,false,false,false,false,,Click,false,false,,false,List,,true,,false,,,,List,,,,,,Renewable,,false,,,,,,,
,,,,,4f40c252-963d-4a1d-b5bf-858c0664603a,false,,mooverTest1,,,Default,One per quote line,,,,Quantity,,false,,,,,,,,,,false,,,false,,,1.0,false,,,,false,false,false,false,,false,false,false,false,false,false,false,false,,Click,false,false,,false,List,,true,,false,,,,List,,,,,,Renewable,,false,,,,,,,
,,,,,4f40c252-963d-4a1d-b5bf-858c0664603a,false,,mooverTest1,,,Default,One per quote line,,,,Quantity,,false,,,,,,,,,,false,,,false,,,1.0,false,,,,false,false,false,false,,false,false,false,false,false,false,false,false,,Click,false,false,,false,List,,true,,false,,,,List,,,,,,Renewable,,false,,,,,,,
,,,,,4f40c252-963d-4a1d-b5bf-858c0664603a,false,,mooverTest1,,,Default,One per quote line,,,,Quantity,,false,,,,,,,,,,false,,,false,,,1.0,false,,,,false,false,false,false,,false,false,false,false,false,false,false,false,,Click,false,false,,false,List,,true,,false,,,,List,,,,,,Renewable,,false,,,,,,,
,,,,,4f40c252-963d-4a1d-b5bf-858c0664603a,false,,mooverTest1,,,Default,One per quote line,,,,Quantity,,false,,,,,,,,,,false,,,false,,,1.0,false,,,,false,false,false,false,,false,false,false,false,false,false,false,false,,Click,false,false,,false,List,,true,,false,,,,List,,,,,,Renewable,,false,,,,,,,
,,,,,4f40c252-963d-4a1d-b5bf-858c0664603a,false,,mooverTest1,,,Default,One per quote line,,,,Quantity,,false,,,,,,,,,,false,,,false,,,1.0,false,,,,false,false,false,false,,false,false,false,false,false,false,false,false,,Click,false,false,,false,List,,true,,false,,,,List,,,,,,Renewable,,false,,,,,,,
,,,,,4f40c252-963d-4a1d-b5bf-858c0664603a,false,,mooverTest1,,,Default,One per quote line,,,,Quantity,,false,,,,,,,,,,false,,,false,,,1.0,false,,,,false,false,false,false,,false,false,false,false,false,false,false,false,,Click,false,false,,false,List,,true,,false,,,,List,,,,,,Renewable,,false,,,,,,,
,,,,,4f40c252-963d-4a1d-b5bf-858c0664603a,false,,mooverTest1,,,Default,One per quote line,,,,Quantity,,false,,,,,,,,,,false,,,false,,,1.0,false,,,,false,false,false,false,,false,false,false,false,false,false,false,false,,Click,false,false,,false,List,,true,,false,,,,List,,,,,,Renewable,,false,,,,,,,
,,,,,4f40c252-963d-4a1d-b5bf-858c0664603a,false,,mooverTest1,,,Default,One per quote line,,,,Quantity,,false,,,,,,,,,,false,,,false,,,1.0,false,,,,false,false,false,false,,false,false,false,false,false,false,false,false,,Click,false,false,,false,List,,true,,false,,,,List,,,,,,Renewable,,false,,,,,,,
,,,,,4f40c252-963d-4a1d-b5bf-858c0664603a,false,,mooverTest1,,,Default,One per quote line,,,,Quantity,,false,,,,,,,,,,false,,,false,,,1.0,false,,,,false,false,false,false,,false,false,false,false,false,false,false,false,,Click,false,false,,false,List,,true,,false,,,,List,,,,,,Renewable,,false,,,,,,,
,,,,,4f40c252-963d-4a1d-b5bf-858c0664603a,false,,mooverTest1,,,Default,One per quote line,,,,Quantity,,false,,,,,,,,,,false,,,false,,,1.0,false,,,,false,false,false,false,,false,false,false,false,false,false,false,false,,Click,false,false,,false,List,,true,,false,,,,List,,,,,,Renewable,,false,,,,,,,
,,,,,4f40c252-963d-4a1d-b5bf-858c0664603a,false,,mooverTest1,,,Default,One per quote line,,,,Quantity,,false,,,,,,,,,,false,,,false,,,1.0,false,,,,false,false,false,false,,false,false,false,false,false,false,false,false,,Click,false,false,,false,List,,true,,false,,,,List,,,,,,Renewable,,false,,,,,,,
,,,,,4f40c252-963d-4a1d-b5bf-858c0664603a,false,,mooverTest1,,,Default,One per quote line,,,,Quantity,,false,,,,,,,,,,false,,,false,,,1.0,false,,,,false,false,false,false,,false,false,false,false,false,false,false,false,,Click,false,false,,false,List,,true,,false,,,,List,,,,,,Renewable,,false,,,,,,,
,,,,,4f40c252-963d-4a1d-b5bf-858c0664603a,false,,mooverTest1,,,Default,One per quote line,,,,Quantity,,false,,,,,,,,,,false,,,false,,,1.0,false,,,,false,false,false,false,,false,false,false,false,false,false,false,false,,Click,false,false,,false,List,,true,,false,,,,List,,,,,,Renewable,,false,,,,,,,
,,,,,4f40c252-963d-4a1d-b5bf-858c0664603a,false,,mooverTest1,,,Default,One per quote line,,,,Quantity,,false,,,,,,,,,,false,,,false,,,1.0,false,,,,false,false,false,false,,false,false,false,false,false,false,false,false,,Click,false,false,,false,List,,true,,false,,,,List,,,,,,Renewable,,false,,,,,,,
,,,,,4f40c252-963d-4a1d-b5bf-858c0664603a,false,,mooverTest1,,,Default,One per quote line,,,,Quantity,,false,,,,,,,,,,false,,,false,,,1.0,false,,,,false,false,false,false,,false,false,false,false,false,false,false,false,,Click,false,false,,false,List,,true,,false,,,,List,,,,,,Renewable,,false,,,,,,,
,,,,,4f40c252-963d-4a1d-b5bf-858c0664603a,false,,mooverTest1,,,Default,One per quote line,,,,Quantity,,false,,,,,,,,,,false,,,false,,,1.0,false,,,,false,false,false,false,,false,false,false,false,false,false,false,false,,Click,false,false,,false,List,,true,,false,,,,List,,,,,,Renewable,,false,,,,,,,
,,,,,4f40c252-963d-4a1d-b5bf-858c0664603a,false,,mooverTest1,,,Default,One per quote line,,,,Quantity,,false,,,,,,,,,,false,,,false,,,1.0,false,,,,false,false,false,false,,false,false,false,false,false,false,false,false,,Click,false,false,,false,List,,true,,false,,,,List,,,,,,Renewable,,false,,,,,,,
,,,,,4f40c252-963d-4a1d-b5bf-858c0664603a,false,,mooverTest1,,,Default,One per quote line,,,,Quantity,,false,,,,,,,,,,false,,,false,,,1.0,false,,,,false,false,false,false,,false,false,false,false,false,false,false,false,,Click,false,false,,false,List,,true,,false,,,,List,,,,,,Renewable,,false,,,,,,,
,,,,,4f40c252-963d-4a1d-b5bf-858c0664603a,false,,mooverTest1,,,Default,One per quote line,,,,Quantity,,false,,,,,,,,,,false,,,false,,,1.0,false,,,,false,false,false,false,,false,false,false,false,false,false,false,false,,Click,false,false,,false,List,,true,,false,,,,List,,,,,,Renewable,,false,,,,,,,
,,,,,4f40c252-963d-4a1d-b5bf-858c0664603a,false,,mooverTest1,,,Default,One per quote line,,,,Quantity,,false,,,,,,,,,,false,,,false,,,1.0,false,,,,false,false,false,false,,false,false,false,false,false,false,false,false,,Click,false,false,,false,List,,true,,false,,,,List,,,,,,Renewable,,false,,,,,,,
,,,,,4f40c252-963d-4a1d-b5bf-858c0664603a,false,,mooverTest1,,,Default,One per quote line,,,,Quantity,,false,,,,,,,,,,false,,,false,,,1.0,false,,,,false,false,false,false,,false,false,false,false,false,false,false,false,,Click,false,false,,false,List,,true,,false,,,,List,,,,,,Renewable,,false,,,,,,,
,,,,,4f40c252-963d-4a1d-b5bf-858c0664603a,false,,mooverTest1,,,Default,One per quote line,,,,Quantity,,false,,,,,,,,,,false,,,false,,,1.0,false,,,,false,false,false,false,,false,false,false,false,false,false,false,false,,Click,false,false,,false,List,,true,,false,,,,List,,,,,,Renewable,,false,,,,,,,
,,,,,4f40c252-963d-4a1d-b5bf-858c0664603a,false,,mooverTest1,,,Default,One per quote line,,,,Quantity,,false,,,,,,,,,,false,,,false,,,1.0,false,,,,false,false,false,false,,false,false,false,false,false,false,false,false,,Click,false,false,,false,List,,true,,false,,,,List,,,,,,Renewable,,false,,,,,,,
,,,,,4f40c252-963d-4a1d-b5bf-858c0664603a,false,,mooverTest1,,,Default,One per quote line,,,,Quantity,,false,,,,,,,,,,false,,,false,,,1.0,false,,,,false,false,false,false,,false,false,false,false,false,false,false,false,,Click,false,false,,false,List,,true,,false,,,,List,,,,,,Renewable,,false,,,,,,,
,,,,,4f40c252-963d-4a1d-b5bf-858c0664603a,false,,mooverTest1,,,Default,One per quote line,,,,Quantity,,false,,,,,,,,,,false,,,false,,,1.0,false,,,,false,false,false,false,,false,false,false,false,false,false,false,false,,Click,false,false,,false,List,,true,,false,,,,List,,,,,,Renewable,,false,,,,,,,
,,,,,4f40c252-963d-4a1d-b5bf-858c0664603a,false,,mooverTest1,,,Default,One per quote line,,,,Quantity,,false,,,,,,,,,,false,,,false,,,1.0,false,,,,false,false,false,false,,false,false,false,false,false,false,false,false,,Click,false,false,,false,List,,true,,false,,,,List,,,,,,Renewable,,false,,,,,,,
,,,,,4f40c252-963d-4a1d-b5bf-858c0664603a,false,,mooverTest1,,,Default,One per quote line,,,,Quantity,,false,,,,,,,,,,false,,,false,,,1.0,false,,,,false,false,false,false,,false,false,false,false,false,false,false,false,,Click,false,false,,false,List,,true,,false,,,,List,,,,,,Renewable,,false,,,,,,,
,,,,,4f40c252-963d-4a1d-b5bf-858c0664603a,false,,mooverTest1,,,Default,One per quote line,,,,Quantity,,false,,,,,,,,,,false,,,false,,,1.0,false,,,,false,false,false,false,,false,false,false,false,false,false,false,false,,Click,false,false,,false,List,,true,,false,,,,List,,,,,,Renewable,,false,,,,,,,
,,,,,4f40c252-963d-4a1d-b5bf-858c0664603a,false,,mooverTest1,,,Default,One per quote line,,,,Quantity,,false,,,,,,,,,,false,,,false,,,1.0,false,,,,false,false,false,false,,false,false,false,false,false,false,false,false,,Click,false,false,,false,List,,true,,false,,,,List,,,,,,Renewable,,false,,,,,,,
,,,,,4f40c252-963d-4a1d-b5bf-858c0664603a,false,,mooverTest1,,,Default,One per quote line,,,,Quantity,,false,,,,,,,,,,false,,,false,,,1.0,false,,,,false,false,false,false,,false,false,false,false,false,false,false,false,,Click,false,false,,false,List,,true,,false,,,,List,,,,,,Renewable,,false,,,,,,,
,,,,,4f40c252-963d-4a1d-b5bf-858c0664603a,false,,mooverTest1,,,Default,One per quote line,,,,Quantity,,false,,,,,,,,,,false,,,false,,,1.0,false,,,,false,false,false,false,,false,false,false,false,false,false,false,false,,Click,false,false,,false,List,,true,,false,,,,List,,,,,,Renewable,,false,,,,,,,
,,,,,4f40c252-963d-4a1d-b5bf-858c0664603a,false,,mooverTest1,,,Default,One per quote line,,,,Quantity,,false,,,,,,,,,,false,,,false,,,1.0,false,,,,false,false,false,false,,false,false,false,false,false,false,false,false,,Click,false,false,,false,List,,true,,false,,,,List,,,,,,Renewable,,false,,,,,,,
,,,,,4f40c252-963d-4a1d-b5bf-858c0664603a,false,,mooverTest1,,,Default,One per quote line,,,,Quantity,,false,,,,,,,,,,false,,,false,,,1.0,false,,,,false,false,false,false,,false,false,false,false,false,false,false,false,,Click,false,false,,false,List,,true,,false,,,,List,,,,,,Renewable,,false,,,,,,,
,,,,,4f40c252-963d-4a1d-b5bf-858c0664603a,false,,mooverTest1,,,Default,One per quote line,,,,Quantity,,false,,,,,,,,,,false,,,false,,,1.0,false,,,,false,false,false,false,,false,false,false,false,false,false,false,false,,Click,false,false,,false,List,,true,,false,,,,List,,,,,,Renewable,,false,,,,,,,
,,,,,4f40c252-963d-4a1d-b5bf-858c0664603a,false,,mooverTest1,,,Default,One per quote line,,,,Quantity,,false,,,,,,,,,,false,,,false,,,1.0,false,,,,false,false,false,false,,false,false,false,false,false,false,false,false,,Click,false,false,,false,List,,true,,false,,,,List,,,,,,Renewable,,false,,,,,,,
,,,,,4f40c252-963d-4a1d-b5bf-858c0664603a,false,,mooverTest1,,,Default,One per quote line,,,,Quantity,,false,,,,,,,,,,false,,,false,,,1.0,false,,,,false,false,false,false,,false,false,false,false,false,false,false,false,,Click,false,false,,false,List,,true,,false,,,,List,,,,,,Renewable,,false,,,,,,,
,,,,,4f40c252-963d-4a1d-b5bf-858c0664603a,false,,mooverTest1,,,Default,One per quote line,,,,Quantity,,false,,,,,,,,,,false,,,false,,,1.0,false,,,,false,false,false,false,,false,false,false,false,false,false,false,false,,Click,false,false,,false,List,,true,,false,,,,List,,,,,,Renewable,,false,,,,,,,
,,,,,4f40c252-963d-4a1d-b5bf-858c0664603a,false,,mooverTest1,,,Default,One per quote line,,,,Quantity,,false,,,,,,,,,,false,,,false,,,1.0,false,,,,false,false,false,false,,false,false,false,false,false,false,false,false,,Click,false,false,,false,List,,true,,false,,,,List,,,,,,Renewable,,false,,,,,,,
,,,,,4f40c252-963d-4a1d-b5bf-858c0664603a,false,,mooverTest1,,,Default,One per quote line,,,,Quantity,,false,,,,,,,,,,false,,,false,,,1.0,false,,,,false,false,false,false,,false,false,false,false,false,false,false,false,,Click,false,false,,false,List,,true,,false,,,,List,,,,,,Renewable,,false,,,,,,,
,,,,,4f40c252-963d-4a1d-b5bf-858c0664603a,false,,mooverTest1,,,Default,One per quote line,,,,Quantity,,false,,,,,,,,,,false,,,false,,,1.0,false,,,,false,false,false,false,,false,false,false,false,false,false,false,false,,Click,false,false,,false,List,,true,,false,,,,List,,,,,,Renewable,,false,,,,,,,
,,,,,4f40c252-963d-4a1d-b5bf-858c0664603a,false,,mooverTest1,,,Default,One per quote line,,,,Quantity,,false,,,,,,,,,,false,,,false,,,1.0,false,,,,false,false,false,false,,false,false,false,false,false,false,false,false,,Click,false,false,,false,List,,true,,false,,,,List,,,,,,Renewable,,false,,,,,,,
,,,,,4f40c252-963d-4a1d-b5bf-858c0664603a,false,,mooverTest1,,,Default,One per quote line,,,,Quantity,,false,,,,,,,,,,false,,,false,,,1.0,false,,,,false,false,false,false,,false,false,false,false,false,false,false,false,,Click,false,false,,false,List,,true,,false,,,,List,,,,,,Renewable,,false,,,,,,,
,,,,,4f40c252-963d-4a1d-b5bf-858c0664603a,false,,mooverTest1,,,Default,One per quote line,,,,Quantity,,false,,,,,,,,,,false,,,false,,,1.0,false,,,,false,false,false,false,,false,false,false,false,false,false,false,false,,Click,false,false,,false,List,,true,,false,,,,List,,,,,,Renewable,,false,,,,,,,
,,,,,4f40c252-963d-4a1d-b5bf-858c0664603a,false,,mooverTest1,,,Default,One per quote line,,,,Quantity,,false,,,,,,,,,,false,,,false,,,1.0,false,,,,false,false,false,false,,false,false,false,false,false,false,false,false,,Click,false,false,,false,List,,true,,false,,,,List,,,,,,Renewable,,false,,,,,,,
,,,,,4f40c252-963d-4a1d-b5bf-858c0664603a,false,,mooverTest1,,,Default,One per quote line,,,,Quantity,,false,,,,,,,,,,false,,,false,,,1.0,false,,,,false,false,false,false,,false,false,false,false,false,false,false,false,,Click,false,false,,false,List,,true,,false,,,,List,,,,,,Renewable,,false,,,,,,,
,,,,,4f40c252-963d-4a1d-b5bf-858c0664603a,false,,mooverTest1,,,Default,One per quote line,,,,Quantity,,false,,,,,,,,,,false,,,false,,,1.0,false,,,,false,false,false,false,,false,false,false,false,false,false,false,false,,Click,false,false,,false,List,,true,,false,,,,List,,,,,,Renewable,,false,,,,,,,
,,,,,1557f313-f1d6-4aff-b936-a0d7ac17122a,false,,myProduct_edit,,,Default,One per quote line,,,,Quantity,,false,,,,,,,,,,false,,,false,,,1.0,false,,,,false,false,false,false,,false,false,false,false,false,false,false,false,,Click,false,false,,false,List,,true,,false,,,,List,,,,,,Renewable,,false,,,,,,,
,,,,,1557f313-f1d6-4aff-b936-a0d7ac17122a,false,,myProduct_edit,,,Default,One per quote line,,,,Quantity,,false,,,,,,,,,,false,,,false,,,1.0,false,,,,false,false,false,false,,false,false,false,false,false,false,false,false,,Click,false,false,,false,List,,true,,false,,,,List,,,,,,Renewable,,false,,,,,,,
,,,,,1557f313-f1d6-4aff-b936-a0d7ac17122a,false,,myProduct_edit,,,Default,One per quote line,,,,Quantity,,false,,,,,,,,,,false,,,false,,,1.0,false,,,,false,false,false,false,,false,false,false,false,false,false,false,false,,Click,false,false,,false,List,,true,,false,,,,List,,,,,,Renewable,,false,,,,,,,
,,,,,1557f313-f1d6-4aff-b936-a0d7ac17122a,false,,myProduct_edit,,,Default,One per quote line,,,,Quantity,,false,,,,,,,,,,false,,,false,,,1.0,false,,,,false,false,false,false,,false,false,false,false,false,false,false,false,,Click,false,false,,false,List,,true,,false,,,,List,,,,,,Renewable,,false,,,,,,,
,,,,,1557f313-f1d6-4aff-b936-a0d7ac17122a,false,,myProduct_edit,,,Default,One per quote line,,,,Quantity,,false,,,,,,,,,,false,,,false,,,1.0,false,,,,false,false,false,false,,false,false,false,false,false,false,false,false,,Click,false,false,,false,List,,true,,false,,,,List,,,,,,Renewable,,false,,,,,,,
,,,,,1557f313-f1d6-4aff-b936-a0d7ac17122a,false,,myProduct_edit,,,Default,One per quote line,,,,Quantity,,false,,,,,,,,,,false,,,false,,,1.0,false,,,,false,false,false,false,,false,false,false,false,false,false,false,false,,Click,false,false,,false,List,,true,,false,,,,List,,,,,,Renewable,,false,,,,,,,
,,,,,1557f313-f1d6-4aff-b936-a0d7ac17122a,false,,myProduct_edit,,,Default,One per quote line,,,,Quantity,,false,,,,,,,,,,false,,,false,,,1.0,false,,,,false,false,false,false,,false,false,false,false,false,false,false,false,,Click,false,false,,false,List,,true,,false,,,,List,,,,,,Renewable,,false,,,,,,,
,,,,,1557f313-f1d6-4aff-b936-a0d7ac17122a,false,,myProduct_edit,,,Default,One per quote line,,,,Quantity,,false,,,,,,,,,,false,,,false,,,1.0,false,,,,false,false,false,false,,false,false,false,false,false,false,false,false,,Click,false,false,,false,List,,true,,false,,,,List,,,,,,Renewable,,false,,,,,,,
,,,,,1557f313-f1d6-4aff-b936-a0d7ac17122a,false,,myProduct_edit,,,Default,One per quote line,,,,Quantity,,false,,,,,,,,,,false,,,false,,,1.0,false,,,,false,false,false,false,,false,false,false,false,false,false,false,false,,Click,false,false,,false,List,,true,,false,,,,List,,,,,,Renewable,,false,,,,,,,
,,,,,1557f313-f1d6-4aff-b936-a0d7ac17122a,false,,myProduct_edit,,,Default,One per quote line,,,,Quantity,,false,,,,,,,,,,false,,,false,,,1.0,false,,,,false,false,false,false,,false,false,false,false,false,false,false,false,,Click,false,false,,false,List,,true,,false,,,,List,,,,,,Renewable,,false,,,,,,,
,,,,,1557f313-f1d6-4aff-b936-a0d7ac17122a,false,,myProduct_edit,,,Default,One per quote line,,,,Quantity,,false,,,,,,,,,,false,,,false,,,1.0,false,,,,false,false,false,false,,false,false,false,false,false,false,false,false,,Click,false,false,,false,List,,true,,false,,,,List,,,,,,Renewable,,false,,,,,,,
,,,,,1557f313-f1d6-4aff-b936-a0d7ac17122a,false,,myProduct_edit,,,Default,One per quote line,,,,Quantity,,false,,,,,,,,,,false,,,false,,,1.0,false,,,,false,false,false,false,,false,false,false,false,false,false,false,false,,Click,false,false,,false,List,,true,,false,,,,List,,,,,,Renewable,,false,,,,,,,
,,,,,1557f313-f1d6-4aff-b936-a0d7ac17122a,false,,myProduct_edit,,,Default,One per quote line,,,,Quantity,,false,,,,,,,,,,false,,,false,,,1.0,false,,,,false,false,false,false,,false,false,false,false,false,false,false,false,,Click,false,false,,false,List,,true,,false,,,,List,,,,,,Renewable,,false,,,,,,,
,,,,,1557f313-f1d6-4aff-b936-a0d7ac17122a,false,,myProduct_edit,,,Default,One per quote line,,,,Quantity,,false,,,,,,,,,,false,,,false,,,1.0,false,,,,false,false,false,false,,false,false,false,false,false,false,false,false,,Click,false,false,,false,List,,true,,false,,,,List,,,,,,Renewable,,false,,,,,,,
,,,,,1557f313-f1d6-4aff-b936-a0d7ac17122a,false,,myProduct_edit,,,Default,One per quote line,,,,Quantity,,false,,,,,,,,,,false,,,false,,,1.0,false,,,,false,false,false,false,,false,false,false,false,false,false,false,false,,Click,false,false,,false,List,,true,,false,,,,List,,,,,,Renewable,,false,,,,,,,
,,,,,1557f313-f1d6-4aff-b936-a0d7ac17122a,false,,myProduct_edit,,,Default,One per quote line,,,,Quantity,,false,,,,,,,,,,false,,,false,,,1.0,false,,,,false,false,false,false,,false,false,false,false,false,false,false,false,,Click,false,false,,false,List,,true,,false,,,,List,,,,,,Renewable,,false,,,,,,,
,,,,,1557f313-f1d6-4aff-b936-a0d7ac17122a,false,,myProduct_edit,,,Default,One per quote line,,,,Quantity,,false,,,,,,,,,,false,,,false,,,1.0,false,,,,false,false,false,false,,false,false,false,false,false,false,false,false,,Click,false,false,,false,List,,true,,false,,,,List,,,,,,Renewable,,false,,,,,,,
,,,,,1557f313-f1d6-4aff-b936-a0d7ac17122a,false,,myProduct_edit,,,Default,One per quote line,,,,Quantity,,false,,,,,,,,,,false,,,false,,,1.0,false,,,,false,false,false,false,,false,false,false,false,false,false,false,false,,Click,false,false,,false,List,,true,,false,,,,List,,,,,,Renewable,,false,,,,,,,
,,,,,1557f313-f1d6-4aff-b936-a0d7ac17122a,false,,myProduct_edit,,,Default,One per quote line,,,,Quantity,,false,,,,,,,,,,false,,,false,,,1.0,false,,,,false,false,false,false,,false,false,false,false,false,false,false,false,,Click,false,false,,false,List,,true,,false,,,,List,,,,,,Renewable,,false,,,,,,,
,,,,,1557f313-f1d6-4aff-b936-a0d7ac17122a,false,,myProduct_edit,,,Default,One per quote line,,,,Quantity,,false,,,,,,,,,,false,,,false,,,1.0,false,,,,false,false,false,false,,false,false,false,false,false,false,false,false,,Click,false,false,,false,List,,true,,false,,,,List,,,,,,Renewable,,false,,,,,,,
,,,,,1557f313-f1d6-4aff-b936-a0d7ac17122a,false,,myProduct_edit,,,Default,One per quote line,,,,Quantity,,false,,,,,,,,,,false,,,false,,,1.0,false,,,,false,false,false,false,,false,false,false,false,false,false,false,false,,Click,false,false,,false,List,,true,,false,,,,List,,,,,,Renewable,,false,,,,,,,
,,,,,1557f313-f1d6-4aff-b936-a0d7ac17122a,false,,myProduct_edit,,,Default,One per quote line,,,,Quantity,,false,,,,,,,,,,false,,,false,,,1.0,false,,,,false,false,false,false,,false,false,false,false,false,false,false,false,,Click,false,false,,false,List,,true,,false,,,,List,,,,,,Renewable,,false,,,,,,,
,,,,,1557f313-f1d6-4aff-b936-a0d7ac17122a,false,,myProduct_edit,,,Default,One per quote line,,,,Quantity,,false,,,,,,,,,,false,,,false,,,1.0,false,,,,false,false,false,false,,false,false,false,false,false,false,false,false,,Click,false,false,,false,List,,true,,false,,,,List,,,,,,Renewable,,false,,,,,,,
,,,,,1557f313-f1d6-4aff-b936-a0d7ac17122a,false,,myProduct_edit,,,Default,One per quote line,,,,Quantity,,false,,,,,,,,,,false,,,false,,,1.0,false,,,,false,false,false,false,,false,false,false,false,false,false,false,false,,Click,false,false,,false,List,,true,,false,,,,List,,,,,,Renewable,,false,,,,,,,
,,,,,1557f313-f1d6-4aff-b936-a0d7ac17122a,false,,myProduct_edit,,,Default,One per quote line,,,,Quantity,,false,,,,,,,,,,false,,,false,,,1.0,false,,,,false,false,false,false,,false,false,false,false,false,false,false,false,,Click,false,false,,false,List,,true,,false,,,,List,,,,,,Renewable,,false,,,,,,,
,,,,,1557f313-f1d6-4aff-b936-a0d7ac17122a,false,,myProduct_edit,,,Default,One per quote line,,,,Quantity,,false,,,,,,,,,,false,,,false,,,1.0,false,,,,false,false,false,false,,false,false,false,false,false,false,false,false,,Click,false,false,,false,List,,true,,false,,,,List,,,,,,Renewable,,false,,,,,,,
,,,,,1557f313-f1d6-4aff-b936-a0d7ac17122a,false,,myProduct_edit,,,Default,One per quote line,,,,Quantity,,false,,,,,,,,,,false,,,false,,,1.0,false,,,,false,false,false,false,,false,false,false,false,false,false,false,false,,Click,false,false,,false,List,,true,,false,,,,List,,,,,,Renewable,,false,,,,,,,
,,,,,1557f313-f1d6-4aff-b936-a0d7ac17122a,false,,myProduct_edit,,,Default,One per quote line,,,,Quantity,,false,,,,,,,,,,false,,,false,,,1.0,false,,,,false,false,false,false,,false,false,false,false,false,false,false,false,,Click,false,false,,false,List,,true,,false,,,,List,,,,,,Renewable,,false,,,,,,,
,,,,,1557f313-f1d6-4aff-b936-a0d7ac17122a,false,,myProduct_edit,,,Default,One per quote line,,,,Quantity,,false,,,,,,,,,,false,,,false,,,1.0,false,,,,false,false,false,false,,false,false,false,false,false,false,false,false,,Click,false,false,,false,List,,true,,false,,,,List,,,,,,Renewable,,false,,,,,,,
,,,,,1557f313-f1d6-4aff-b936-a0d7ac17122a,false,,myProduct_edit,,,Default,One per quote line,,,,Quantity,,false,,,,,,,,,,false,,,false,,,1.0,false,,,,false,false,false,false,,false,false,false,false,false,false,false,false,,Click,false,false,,false,List,,true,,false,,,,List,,,,,,Renewable,,false,,,,,,,
,,,,,1557f313-f1d6-4aff-b936-a0d7ac17122a,false,,myProduct_edit,,,Default,One per quote line,,,,Quantity,,false,,,,,,,,,,false,,,false,,,1.0,false,,,,false,false,false,false,,false,false,false,false,false,false,false,false,,Click,false,false,,false,List,,true,,false,,,,List,,,,,,Renewable,,false,,,,,,,
,,,,,1557f313-f1d6-4aff-b936-a0d7ac17122a,false,,myProduct_edit,,,Default,One per quote line,,,,Quantity,,false,,,,,,,,,,false,,,false,,,1.0,false,,,,false,false,false,false,,false,false,false,false,false,false,false,false,,Click,false,false,,false,List,,true,,false,,,,List,,,,,,Renewable,,false,,,,,,,
,,,,,1557f313-f1d6-4aff-b936-a0d7ac17122a,false,,myProduct_edit,,,Default,One per quote line,,,,Quantity,,false,,,,,,,,,,false,,,false,,,1.0,false,,,,false,false,false,false,,false,false,false,false,false,false,false,false,,Click,false,false,,false,List,,true,,false,,,,List,,,,,,Renewable,,false,,,,,,,
,,,,,1557f313-f1d6-4aff-b936-a0d7ac17122a,false,,myProduct_edit,,,Default,One per quote line,,,,Quantity,,false,,,,,,,,,,false,,,false,,,1.0,false,,,,false,false,false,false,,false,false,false,false,false,false,false,false,,Click,false,false,,false,List,,true,,false,,,,List,,,,,,Renewable,,false,,,,,,,
,,,,,1557f313-f1d6-4aff-b936-a0d7ac17122a,false,,myProduct_edit,,,Default,One per quote line,,,,Quantity,,false,,,,,,,,,,false,,,false,,,1.0,false,,,,false,false,false,false,,false,false,false,false,false,false,false,false,,Click,false,false,,false,List,,true,,false,,,,List,,,,,,Renewable,,false,,,,,,,
,,,,,1557f313-f1d6-4aff-b936-a0d7ac17122a,false,,myProduct_edit,,,Default,One per quote line,,,,Quantity,,false,,,,,,,,,,false,,,false,,,1.0,false,,,,false,false,false,false,,false,false,false,false,false,false,false,false,,Click,false,false,,false,List,,true,,false,,,,List,,,,,,Renewable,,false,,,,,,,
,,,,,1557f313-f1d6-4aff-b936-a0d7ac17122a,false,,myProduct_edit,,,Default,One per quote line,,,,Quantity,,false,,,,,,,,,,false,,,false,,,1.0,false,,,,false,false,false,false,,false,false,false,false,false,false,false,false,,Click,false,false,,false,List,,true,,false,,,,List,,,,,,Renewable,,false,,,,,,,
,,,,,1557f313-f1d6-4aff-b936-a0d7ac17122a,false,,myProduct_edit,,,Default,One per quote line,,,,Quantity,,false,,,,,,,,,,false,,,false,,,1.0,false,,,,false,false,false,false,,false,false,false,false,false,false,false,false,,Click,false,false,,false,List,,true,,false,,,,List,,,,,,Renewable,,false,,,,,,,
,,,,,1557f313-f1d6-4aff-b936-a0d7ac17122a,false,,myProduct_edit,,,Default,One per quote line,,,,Quantity,,false,,,,,,,,,,false,,,false,,,1.0,false,,,,false,false,false,false,,false,false,false,false,false,false,false,false,,Click,false,false,,false,List,,true,,false,,,,List,,,,,,Renewable,,false,,,,,,,
,,,,,1557f313-f1d6-4aff-b936-a0d7ac17122a,false,,myProduct_edit,,,Default,One per quote line,,,,Quantity,,false,,,,,,,,,,false,,,false,,,1.0,false,,,,false,false,false,false,,false,false,false,false,false,false,false,false,,Click,false,false,,false,List,,true,,false,,,,List,,,,,,Renewable,,false,,,,,,,
,,,,,1557f313-f1d6-4aff-b936-a0d7ac17122a,false,,myProduct_edit,,,Default,One per quote line,,,,Quantity,,false,,,,,,,,,,false,,,false,,,1.0,false,,,,false,false,false,false,,false,false,false,false,false,false,false,false,,Click,false,false,,false,List,,true,,false,,,,List,,,,,,Renewable,,false,,,,,,,
,,,,,1557f313-f1d6-4aff-b936-a0d7ac17122a,false,,myProduct_edit,,,Default,One per quote line,,,,Quantity,,false,,,,,,,,,,false,,,false,,,1.0,false,,,,false,false,false,false,,false,false,false,false,false,false,false,false,,Click,false,false,,false,List,,true,,false,,,,List,,,,,,Renewable,,false,,,,,,,
,,,,,1557f313-f1d6-4aff-b936-a0d7ac17122a,false,,myProduct_edit,,,Default,One per quote line,,,,Quantity,,false,,,,,,,,,,false,,,false,,,1.0,false,,,,false,false,false,false,,false,false,false,false,false,false,false,false,,Click,false,false,,false,List,,true,,false,,,,List,,,,,,Renewable,,false,,,,,,,
,,,,,1557f313-f1d6-4aff-b936-a0d7ac17122a,false,,myProduct_edit,,,Default,One per quote line,,,,Quantity,,false,,,,,,,,,,false,,,false,,,1.0,false,,,,false,false,false,false,,false,false,false,false,false,false,false,false,,Click,false,false,,false,List,,true,,false,,,,List,,,,,,Renewable,,false,,,,,,,
,,,,,1557f313-f1d6-4aff-b936-a0d7ac17122a,false,,myProduct_edit,,,Default,One per quote line,,,,Quantity,,false,,,,,,,,,,false,,,false,,,1.0,false,,,,false,false,false,false,,false,false,false,false,false,false,false,false,,Click,false,false,,false,List,,true,,false,,,,List,,,,,,Renewable,,false,,,,,,,
,,,,,1557f313-f1d6-4aff-b936-a0d7ac17122a,false,,myProduct_edit,,,Default,One per quote line,,,,Quantity,,false,,,,,,,,,,false,,,false,,,1.0,false,,,,false,false,false,false,,false,false,false,false,false,false,false,false,,Click,false,false,,false,List,,true,,false,,,,List,,,,,,Renewable,,false,,,,,,,
,,,,,1557f313-f1d6-4aff-b936-a0d7ac17122a,false,,myProduct_edit,,,Default,One per quote line,,,,Quantity,,false,,,,,,,,,,false,,,false,,,1.0,false,,,,false,false,false,false,,false,false,false,false,false,false,false,false,,Click,false,false,,false,List,,true,,false,,,,List,,,,,,Renewable,,false,,,,,,,
,,,,,1557f313-f1d6-4aff-b936-a0d7ac17122a,false,,myProduct_edit,,,Default,One per quote line,,,,Quantity,,false,,,,,,,,,,false,,,false,,,1.0,false,,,,false,false,false,false,,false,false,false,false,false,false,false,false,,Click,false,false,,false,List,,true,,false,,,,List,,,,,,Renewable,,false,,,,,,,
,,,,,1557f313-f1d6-4aff-b936-a0d7ac17122a,false,,myProduct_edit,,,Default,One per quote line,,,,Quantity,,false,,,,,,,,,,false,,,false,,,1.0,false,,,,false,false,false,false,,false,false,false,false,false,false,false,false,,Click,false,false,,false,List,,true,,false,,,,List,,,,,,Renewable,,false,,,,,,,
,,,,,23f36a96-4371-4e16-b590-a3d9f589b49d,false,,MarkTest1,,,Default,One per quote line,,,,Quantity,,false,,,,,,,,,,false,,,false,,,1.0,false,,,,false,false,false,false,,false,false,false,false,false,false,false,false,,Click,false,false,,false,List,,true,,false,,,,List,,,,,,Renewable,,false,,,,,,,
,,,,,23f36a96-4371-4e16-b590-a3d9f589b49d,false,,MarkTest1,,,Default,One per quote line,,,,Quantity,,false,,,,,,,,,,false,,,false,,,1.0,false,,,,false,false,false,false,,false,false,false,false,false,false,false,false,,Click,false,false,,false,List,,true,,false,,,,List,,,,,,Renewable,,false,,,,,,,
,,,,,23f36a96-4371-4e16-b590-a3d9f589b49d,false,,MarkTest1,,,Default,One per quote line,,,,Quantity,,false,,,,,,,,,,false,,,false,,,1.0,false,,,,false,false,false,false,,false,false,false,false,false,false,false,false,,Click,false,false,,false,List,,true,,false,,,,List,,,,,,Renewable,,false,,,,,,,
,,,,,23f36a96-4371-4e16-b590-a3d9f589b49d,false,,MarkTest1,,,Default,One per quote line,,,,Quantity,,false,,,,,,,,,,false,,,false,,,1.0,false,,,,false,false,false,false,,false,false,false,false,false,false,false,false,,Click,false,false,,false,List,,true,,false,,,,List,,,,,,Renewable,,false,,,,,,,
,,,,,23f36a96-4371-4e16-b590-a3d9f589b49d,false,,MarkTest1,,,Default,One per quote line,,,,Quantity,,false,,,,,,,,,,false,,,false,,,1.0,false,,,,false,false,false,false,,false,false,false,false,false,false,false,false,,Click,false,false,,false,List,,true,,false,,,,List,,,,,,Renewable,,false,,,,,,,
,,,,,23f36a96-4371-4e16-b590-a3d9f589b49d,false,,MarkTest1,,,Default,One per quote line,,,,Quantity,,false,,,,,,,,,,false,,,false,,,1.0,false,,,,false,false,false,false,,false,false,false,false,false,false,false,false,,Click,false,false,,false,List,,true,,false,,,,List,,,,,,Renewable,,false,,,,,,,
,,,,,23f36a96-4371-4e16-b590-a3d9f589b49d,false,,MarkTest1,,,Default,One per quote line,,,,Quantity,,false,,,,,,,,,,false,,,false,,,1.0,false,,,,false,false,false,false,,false,false,false,false,false,false,false,false,,Click,false,false,,false,List,,true,,false,,,,List,,,,,,Renewable,,false,,,,,,,
,,,,,23f36a96-4371-4e16-b590-a3d9f589b49d,false,,MarkTest1,,,Default,One per quote line,,,,Quantity,,false,,,,,,,,,,false,,,false,,,1.0,false,,,,false,false,false,false,,false,false,false,false,false,false,false,false,,Click,false,false,,false,List,,true,,false,,,,List,,,,,,Renewable,,false,,,,,,,
,,,,,23f36a96-4371-4e16-b590-a3d9f589b49d,false,,MarkTest1,,,Default,One per quote line,,,,Quantity,,false,,,,,,,,,,false,,,false,,,1.0,false,,,,false,false,false,false,,false,false,false,false,false,false,false,false,,Click,false,false,,false,List,,true,,false,,,,List,,,,,,Renewable,,false,,,,,,,
,,,,,23f36a96-4371-4e16-b590-a3d9f589b49d,false,,MarkTest1,,,Default,One per quote line,,,,Quantity,,false,,,,,,,,,,false,,,false,,,1.0,false,,,,false,false,false,false,,false,false,false,false,false,false,false,false,,Click,false,false,,false,List,,true,,false,,,,List,,,,,,Renewable,,false,,,,,,,
,,,,,23f36a96-4371-4e16-b590-a3d9f589b49d,false,,MarkTest1,,,Default,One per quote line,,,,Quantity,,false,,,,,,,,,,false,,,false,,,1.0,false,,,,false,false,false,false,,false,false,false,false,false,false,false,false,,Click,false,false,,false,List,,true,,false,,,,List,,,,,,Renewable,,false,,,,,,,
,,,,,23f36a96-4371-4e16-b590-a3d9f589b49d,false,,MarkTest1,,,Default,One per quote line,,,,Quantity,,false,,,,,,,,,,false,,,false,,,1.0,false,,,,false,false,false,false,,false,false,false,false,false,false,false,false,,Click,false,false,,false,List,,true,,false,,,,List,,,,,,Renewable,,false,,,,,,,
,,,,,23f36a96-4371-4e16-b590-a3d9f589b49d,false,,MarkTest1,,,Default,One per quote line,,,,Quantity,,false,,,,,,,,,,false,,,false,,,1.0,false,,,,false,false,false,false,,false,false,false,false,false,false,false,false,,Click,false,false,,false,List,,true,,false,,,,List,,,,,,Renewable,,false,,,,,,,
,,,,,23f36a96-4371-4e16-b590-a3d9f589b49d,false,,MarkTest1,,,Default,One per quote line,,,,Quantity,,false,,,,,,,,,,false,,,false,,,1.0,false,,,,false,false,false,false,,false,false,false,false,false,false,false,false,,Click,false,false,,false,List,,true,,false,,,,List,,,,,,Renewable,,false,,,,,,,
,,,,,23f36a96-4371-4e16-b590-a3d9f589b49d,false,,MarkTest1,,,Default,One per quote line,,,,Quantity,,false,,,,,,,,,,false,,,false,,,1.0,false,,,,false,false,false,false,,false,false,false,false,false,false,false,false,,Click,false,false,,false,List,,true,,false,,,,List,,,,,,Renewable,,false,,,,,,,
,,,,,23f36a96-4371-4e16-b590-a3d9f589b49d,false,,MarkTest1,,,Default,One per quote line,,,,Quantity,,false,,,,,,,,,,false,,,false,,,1.0,false,,,,false,false,false,false,,false,false,false,false,false,false,false,false,,Click,false,false,,false,List,,true,,false,,,,List,,,,,,Renewable,,false,,,,,,,
,,,,,23f36a96-4371-4e16-b590-a3d9f589b49d,false,,MarkTest1,,,Default,One per quote line,,,,Quantity,,false,,,,,,,,,,false,,,false,,,1.0,false,,,,false,false,false,false,,false,false,false,false,false,false,false,false,,Click,false,false,,false,List,,true,,false,,,,List,,,,,,Renewable,,false,,,,,,,
,,,,,23f36a96-4371-4e16-b590-a3d9f589b49d,false,,MarkTest1,,,Default,One per quote line,,,,Quantity,,false,,,,,,,,,,false,,,false,,,1.0,false,,,,false,false,false,false,,false,false,false,false,false,false,false,false,,Click,false,false,,false,List,,true,,false,,,,List,,,,,,Renewable,,false,,,,,,,
,,,,,23f36a96-4371-4e16-b590-a3d9f589b49d,false,,MarkTest1,,,Default,One per quote line,,,,Quantity,,false,,,,,,,,,,false,,,false,,,1.0,false,,,,false,false,false,false,,false,false,false,false,false,false,false,false,,Click,false,false,,false,List,,true,,false,,,,List,,,,,,Renewable,,false,,,,,,,
,,,,,23f36a96-4371-4e16-b590-a3d9f589b49d,false,,MarkTest1,,,Default,One per quote line,,,,Quantity,,false,,,,,,,,,,false,,,false,,,1.0,false,,,,false,false,false,false,,false,false,false,false,false,false,false,false,,Click,false,false,,false,List,,true,,false,,,,List,,,,,,Renewable,,false,,,,,,,
,,,,,23f36a96-4371-4e16-b590-a3d9f589b49d,false,,MarkTest1,,,Default,One per quote line,,,,Quantity,,false,,,,,,,,,,false,,,false,,,1.0,false,,,,false,false,false,false,,false,false,false,false,false,false,false,false,,Click,false,false,,false,List,,true,,false,,,,List,,,,,,Renewable,,false,,,,,,,
,,,,,23f36a96-4371-4e16-b590-a3d9f589b49d,false,,MarkTest1,,,Default,One per quote line,,,,Quantity,,false,,,,,,,,,,false,,,false,,,1.0,false,,,,false,false,false,false,,false,false,false,false,false,false,false,false,,Click,false,false,,false,List,,true,,false,,,,List,,,,,,Renewable,,false,,,,,,,
,,,,,23f36a96-4371-4e16-b590-a3d9f589b49d,false,,MarkTest1,,,Default,One per quote line,,,,Quantity,,false,,,,,,,,,,false,,,false,,,1.0,false,,,,false,false,false,false,,false,false,false,false,false,false,false,false,,Click,false,false,,false,List,,true,,false,,,,List,,,,,,Renewable,,false,,,,,,,
,,,,,23f36a96-4371-4e16-b590-a3d9f589b49d,false,,MarkTest1,,,Default,One per quote line,,,,Quantity,,false,,,,,,,,,,false,,,false,,,1.0,false,,,,false,false,false,false,,false,false,false,false,false,false,false,false,,Click,false,false,,false,List,,true,,false,,,,List,,,,,,Renewable,,false,,,,,,,
,,,,,23f36a96-4371-4e16-b590-a3d9f589b49d,false,,MarkTest1,,,Default,One per quote line,,,,Quantity,,false,,,,,,,,,,false,,,false,,,1.0,false,,,,false,false,false,false,,false,false,false,false,false,false,false,false,,Click,false,false,,false,List,,true,,false,,,,List,,,,,,Renewable,,false,,,,,,,
,,,,,23f36a96-4371-4e16-b590-a3d9f589b49d,false,,MarkTest1,,,Default,One per quote line,,,,Quantity,,false,,,,,,,,,,false,,,false,,,1.0,false,,,,false,false,false,false,,false,false,false,false,false,false,false,false,,Click,false,false,,false,List,,true,,false,,,,List,,,,,,Renewable,,false,,,,,,,
,,,,,23f36a96-4371-4e16-b590-a3d9f589b49d,false,,MarkTest1,,,Default,One per quote line,,,,Quantity,,false,,,,,,,,,,false,,,false,,,1.0,false,,,,false,false,false,false,,false,false,false,false,false,false,false,false,,Click,false,false,,false,List,,true,,false,,,,List,,,,,,Renewable,,false,,,,,,,
,,,,,23f36a96-4371-4e16-b590-a3d9f589b49d,false,,MarkTest1,,,Default,One per quote line,,,,Quantity,,false,,,,,,,,,,false,,,false,,,1.0,false,,,,false,false,false,false,,false,false,false,false,false,false,false,false,,Click,false,false,,false,List,,true,,false,,,,List,,,,,,Renewable,,false,,,,,,,
,,,,,23f36a96-4371-4e16-b590-a3d9f589b49d,false,,MarkTest1,,,Default,One per quote line,,,,Quantity,,false,,,,,,,,,,false,,,false,,,1.0,false,,,,false,false,false,false,,false,false,false,false,false,false,false,false,,Click,false,false,,false,List,,true,,false,,,,List,,,,,,Renewable,,false,,,,,,,
,,,,,23f36a96-4371-4e16-b590-a3d9f589b49d,false,,MarkTest1,,,Default,One per quote line,,,,Quantity,,false,,,,,,,,,,false,,,false,,,1.0,false,,,,false,false,false,false,,false,false,false,false,false,false,false,false,,Click,false,false,,false,List,,true,,false,,,,List,,,,,,Renewable,,false,,,,,,,
,,,,,23f36a96-4371-4e16-b590-a3d9f589b49d,false,,MarkTest1,,,Default,One per quote line,,,,Quantity,,false,,,,,,,,,,false,,,false,,,1.0,false,,,,false,false,false,false,,false,false,false,false,false,false,false,false,,Click,false,false,,false,List,,true,,false,,,,List,,,,,,Renewable,,false,,,,,,,
,,,,,23f36a96-4371-4e16-b590-a3d9f589b49d,false,,MarkTest1,,,Default,One per quote line,,,,Quantity,,false,,,,,,,,,,false,,,false,,,1.0,false,,,,false,false,false,false,,false,false,false,false,false,false,false,false,,Click,false,false,,false,List,,true,,false,,,,List,,,,,,Renewable,,false,,,,,,,
,,,,,23f36a96-4371-4e16-b590-a3d9f589b49d,false,,MarkTest1,,,Default,One per quote line,,,,Quantity,,false,,,,,,,,,,false,,,false,,,1.0,false,,,,false,false,false,false,,false,false,false,false,false,false,false,false,,Click,false,false,,false,List,,true,,false,,,,List,,,,,,Renewable,,false,,,,,,,
,,,,,23f36a96-4371-4e16-b590-a3d9f589b49d,false,,MarkTest1,,,Default,One per quote line,,,,Quantity,,false,,,,,,,,,,false,,,false,,,1.0,false,,,,false,false,false,false,,false,false,false,false,false,false,false,false,,Click,false,false,,false,List,,true,,false,,,,List,,,,,,Renewable,,false,,,,,,,
,,,,,23f36a96-4371-4e16-b590-a3d9f589b49d,false,,MarkTest1,,,Default,One per quote line,,,,Quantity,,false,,,,,,,,,,false,,,false,,,1.0,false,,,,false,false,false,false,,false,false,false,false,false,false,false,false,,Click,false,false,,false,List,,true,,false,,,,List,,,,,,Renewable,,false,,,,,,,
,,,,,23f36a96-4371-4e16-b590-a3d9f589b49d,false,,MarkTest1,,,Default,One per quote line,,,,Quantity,,false,,,,,,,,,,false,,,false,,,1.0,false,,,,false,false,false,false,,false,false,false,false,false,false,false,false,,Click,false,false,,false,List,,true,,false,,,,List,,,,,,Renewable,,false,,,,,,,
,,,,,23f36a96-4371-4e16-b590-a3d9f589b49d,false,,MarkTest1,,,Default,One per quote line,,,,Quantity,,false,,,,,,,,,,false,,,false,,,1.0,false,,,,false,false,false,false,,false,false,false,false,false,false,false,false,,Click,false,false,,false,List,,true,,false,,,,List,,,,,,Renewable,,false,,,,,,,
,,,,,23f36a96-4371-4e16-b590-a3d9f589b49d,false,,MarkTest1,,,Default,One per quote line,,,,Quantity,,false,,,,,,,,,,false,,,false,,,1.0,false,,,,false,false,false,false,,false,false,false,false,false,false,false,false,,Click,false,false,,false,List,,true,,false,,,,List,,,,,,Renewable,,false,,,,,,,
,,,,,23f36a96-4371-4e16-b590-a3d9f589b49d,false,,MarkTest1,,,Default,One per quote line,,,,Quantity,,false,,,,,,,,,,false,,,false,,,1.0,false,,,,false,false,false,false,,false,false,false,false,false,false,false,false,,Click,false,false,,false,List,,true,,false,,,,List,,,,,,Renewable,,false,,,,,,,
,,,,,23f36a96-4371-4e16-b590-a3d9f589b49d,false,,MarkTest1,,,Default,One per quote line,,,,Quantity,,false,,,,,,,,,,false,,,false,,,1.0,false,,,,false,false,false,false,,false,false,false,false,false,false,false,false,,Click,false,false,,false,List,,true,,false,,,,List,,,,,,Renewable,,false,,,,,,,
,,,,,23f36a96-4371-4e16-b590-a3d9f589b49d,false,,MarkTest1,,,Default,One per quote line,,,,Quantity,,false,,,,,,,,,,false,,,false,,,1.0,false,,,,false,false,false,false,,false,false,false,false,false,false,false,false,,Click,false,false,,false,List,,true,,false,,,,List,,,,,,Renewable,,false,,,,,,,
,,,,,23f36a96-4371-4e16-b590-a3d9f589b49d,false,,MarkTest1,,,Default,One per quote line,,,,Quantity,,false,,,,,,,,,,false,,,false,,,1.0,false,,,,false,false,false,false,,false,false,false,false,false,false,false,false,,Click,false,false,,false,List,,true,,false,,,,List,,,,,,Renewable,,false,,,,,,,
,,,,,23f36a96-4371-4e16-b590-a3d9f589b49d,false,,MarkTest1,,,Default,One per quote line,,,,Quantity,,false,,,,,,,,,,false,,,false,,,1.0,false,,,,false,false,false,false,,false,false,false,false,false,false,false,false,,Click,false,false,,false,List,,true,,false,,,,List,,,,,,Renewable,,false,,,,,,,
,,,,,23f36a96-4371-4e16-b590-a3d9f589b49d,false,,MarkTest1,,,Default,One per quote line,,,,Quantity,,false,,,,,,,,,,false,,,false,,,1.0,false,,,,false,false,false,false,,false,false,false,false,false,false,false,false,,Click,false,false,,false,List,,true,,false,,,,List,,,,,,Renewable,,false,,,,,,,
,,,,,23f36a96-4371-4e16-b590-a3d9f589b49d,false,,MarkTest1,,,Default,One per quote line,,,,Quantity,,false,,,,,,,,,,false,,,false,,,1.0,false,,,,false,false,false,false,,false,false,false,false,false,false,false,false,,Click,false,false,,false,List,,true,,false,,,,List,,,,,,Renewable,,false,,,,,,,
,,,,,23f36a96-4371-4e16-b590-a3d9f589b49d,false,,MarkTest1,,,Default,One per quote line,,,,Quantity,,false,,,,,,,,,,false,,,false,,,1.0,false,,,,false,false,false,false,,false,false,false,false,false,false,false,false,,Click,false,false,,false,List,,true,,false,,,,List,,,,,,Renewable,,false,,,,,,,
,,,,,23f36a96-4371-4e16-b590-a3d9f589b49d,false,,MarkTest1,,,Default,One per quote line,,,,Quantity,,false,,,,,,,,,,false,,,false,,,1.0,false,,,,false,false,false,false,,false,false,false,false,false,false,false,false,,Click,false,false,,false,List,,true,,false,,,,List,,,,,,Renewable,,false,,,,,,,
,,,,,23f36a96-4371-4e16-b590-a3d9f589b49d,false,,MarkTest1,,,Default,One per quote line,,,,Quantity,,false,,,,,,,,,,false,,,false,,,1.0,false,,,,false,false,false,false,,false,false,false,false,false,false,false,false,,Click,false,false,,false,List,,true,,false,,,,List,,,,,,Renewable,,false,,,,,,,
,,,,,23f36a96-4371-4e16-b590-a3d9f589b49d,false,,MarkTest1,,,Default,One per quote line,,,,Quantity,,false,,,,,,,,,,false,,,false,,,1.0,false,,,,false,false,false,false,,false,false,false,false,false,false,false,false,,Click,false,false,,false,List,,true,,false,,,,List,,,,,,Renewable,,false,,,,,,,
,,,,,e36de568-f761-4ef0-a64c-491b40cf255f,false,,mooverTest,,,Default,One per quote line,,,,Quantity,,false,,,,,,,,,,false,,,false,,,1.0,false,,,,false,false,false,false,,false,false,false,false,false,false,false,false,,Click,false,false,,false,List,,true,,false,,,,List,,,,,,Renewable,,false,,,,,,,
,,,,,e36de568-f761-4ef0-a64c-491b40cf255f,false,,mooverTest,,,Default,One per quote line,,,,Quantity,,false,,,,,,,,,,false,,,false,,,1.0,false,,,,false,false,false,false,,false,false,false,false,false,false,false,false,,Click,false,false,,false,List,,true,,false,,,,List,,,,,,Renewable,,false,,,,,,,
,,,,,e36de568-f761-4ef0-a64c-491b40cf255f,false,,mooverTest,,,Default,One per quote line,,,,Quantity,,false,,,,,,,,,,false,,,false,,,1.0,false,,,,false,false,false,false,,false,false,false,false,false,false,false,false,,Click,false,false,,false,List,,true,,false,,,,List,,,,,,Renewable,,false,,,,,,,
,,,,,e36de568-f761-4ef0-a64c-491b40cf255f,false,,mooverTest,,,Default,One per quote line,,,,Quantity,,false,,,,,,,,,,false,,,false,,,1.0,false,,,,false,false,false,false,,false,false,false,false,false,false,false,false,,Click,false,false,,false,List,,true,,false,,,,List,,,,,,Renewable,,false,,,,,,,
,,,,,e36de568-f761-4ef0-a64c-491b40cf255f,false,,mooverTest,,,Default,One per quote line,,,,Quantity,,false,,,,,,,,,,false,,,false,,,1.0,false,,,,false,false,false,false,,false,false,false,false,false,false,false,false,,Click,false,false,,false,List,,true,,false,,,,List,,,,,,Renewable,,false,,,,,,,
,,,,,e36de568-f761-4ef0-a64c-491b40cf255f,false,,mooverTest,,,Default,One per quote line,,,,Quantity,,false,,,,,,,,,,false,,,false,,,1.0,false,,,,false,false,false,false,,false,false,false,false,false,false,false,false,,Click,false,false,,false,List,,true,,false,,,,List,,,,,,Renewable,,false,,,,,,,
,,,,,e36de568-f761-4ef0-a64c-491b40cf255f,false,,mooverTest,,,Default,One per quote line,,,,Quantity,,false,,,,,,,,,,false,,,false,,,1.0,false,,,,false,false,false,false,,false,false,false,false,false,false,false,false,,Click,false,false,,false,List,,true,,false,,,,List,,,,,,Renewable,,false,,,,,,,
,,,,,e36de568-f761-4ef0-a64c-491b40cf255f,false,,mooverTest,,,Default,One per quote line,,,,Quantity,,false,,,,,,,,,,false,,,false,,,1.0,false,,,,false,false,false,false,,false,false,false,false,false,false,false,false,,Click,false,false,,false,List,,true,,false,,,,List,,,,,,Renewable,,false,,,,,,,
,,,,,e36de568-f761-4ef0-a64c-491b40cf255f,false,,mooverTest,,,Default,One per quote line,,,,Quantity,,false,,,,,,,,,,false,,,false,,,1.0,false,,,,false,false,false,false,,false,false,false,false,false,false,false,false,,Click,false,false,,false,List,,true,,false,,,,List,,,,,,Renewable,,false,,,,,,,
,,,,,e36de568-f761-4ef0-a64c-491b40cf255f,false,,mooverTest,,,Default,One per quote line,,,,Quantity,,false,,,,,,,,,,false,,,false,,,1.0,false,,,,false,false,false,false,,false,false,false,false,false,false,false,false,,Click,false,false,,false,List,,true,,false,,,,List,,,,,,Renewable,,false,,,,,,,
,,,,,e36de568-f761-4ef0-a64c-491b40cf255f,false,,mooverTest,,,Default,One per quote line,,,,Quantity,,false,,,,,,,,,,false,,,false,,,1.0,false,,,,false,false,false,false,,false,false,false,false,false,false,false,false,,Click,false,false,,false,List,,true,,false,,,,List,,,,,,Renewable,,false,,,,,,,
,,,,,e36de568-f761-4ef0-a64c-491b40cf255f,false,,mooverTest,,,Default,One per quote line,,,,Quantity,,false,,,,,,,,,,false,,,false,,,1.0,false,,,,false,false,false,false,,false,false,false,false,false,false,false,false,,Click,false,false,,false,List,,true,,false,,,,List,,,,,,Renewable,,false,,,,,,,
,,,,,e36de568-f761-4ef0-a64c-491b40cf255f,false,,mooverTest,,,Default,One per quote line,,,,Quantity,,false,,,,,,,,,,false,,,false,,,1.0,false,,,,false,false,false,false,,false,false,false,false,false,false,false,false,,Click,false,false,,false,List,,true,,false,,,,List,,,,,,Renewable,,false,,,,,,,
,,,,,e36de568-f761-4ef0-a64c-491b40cf255f,false,,mooverTest,,,Default,One per quote line,,,,Quantity,,false,,,,,,,,,,false,,,false,,,1.0,false,,,,false,false,false,false,,false,false,false,false,false,false,false,false,,Click,false,false,,false,List,,true,,false,,,,List,,,,,,Renewable,,false,,,,,,,
,,,,,e36de568-f761-4ef0-a64c-491b40cf255f,false,,mooverTest,,,Default,One per quote line,,,,Quantity,,false,,,,,,,,,,false,,,false,,,1.0,false,,,,false,false,false,false,,false,false,false,false,false,false,false,false,,Click,false,false,,false,List,,true,,false,,,,List,,,,,,Renewable,,false,,,,,,,
,,,,,e36de568-f761-4ef0-a64c-491b40cf255f,false,,mooverTest,,,Default,One per quote line,,,,Quantity,,false,,,,,,,,,,false,,,false,,,1.0,false,,,,false,false,false,false,,false,false,false,false,false,false,false,false,,Click,false,false,,false,List,,true,,false,,,,List,,,,,,Renewable,,false,,,,,,,
,,,,,e36de568-f761-4ef0-a64c-491b40cf255f,false,,mooverTest,,,Default,One per quote line,,,,Quantity,,false,,,,,,,,,,false,,,false,,,1.0,false,,,,false,false,false,false,,false,false,false,false,false,false,false,false,,Click,false,false,,false,List,,true,,false,,,,List,,,,,,Renewable,,false,,,,,,,
,,,,,e36de568-f761-4ef0-a64c-491b40cf255f,false,,mooverTest,,,Default,One per quote line,,,,Quantity,,false,,,,,,,,,,false,,,false,,,1.0,false,,,,false,false,false,false,,false,false,false,false,false,false,false,false,,Click,false,false,,false,List,,true,,false,,,,List,,,,,,Renewable,,false,,,,,,,
,,,,,e36de568-f761-4ef0-a64c-491b40cf255f,false,,mooverTest,,,Default,One per quote line,,,,Quantity,,false,,,,,,,,,,false,,,false,,,1.0,false,,,,false,false,false,false,,false,false,false,false,false,false,false,false,,Click,false,false,,false,List,,true,,false,,,,List,,,,,,Renewable,,false,,,,,,,
,,,,,e36de568-f761-4ef0-a64c-491b40cf255f,false,,mooverTest,,,Default,One per quote line,,,,Quantity,,false,,,,,,,,,,false,,,false,,,1.0,false,,,,false,false,false,false,,false,false,false,false,false,false,false,false,,Click,false,false,,false,List,,true,,false,,,,List,,,,,,Renewable,,false,,,,,,,
,,,,,e36de568-f761-4ef0-a64c-491b40cf255f,false,,mooverTest,,,Default,One per quote line,,,,Quantity,,false,,,,,,,,,,false,,,false,,,1.0,false,,,,false,false,false,false,,false,false,false,false,false,false,false,false,,Click,false,false,,false,List,,true,,false,,,,List,,,,,,Renewable,,false,,,,,,,
,,,,,e36de568-f761-4ef0-a64c-491b40cf255f,false,,mooverTest,,,Default,One per quote line,,,,Quantity,,false,,,,,,,,,,false,,,false,,,1.0,false,,,,false,false,false,false,,false,false,false,false,false,false,false,false,,Click,false,false,,false,List,,true,,false,,,,List,,,,,,Renewable,,false,,,,,,,
,,,,,e36de568-f761-4ef0-a64c-491b40cf255f,false,,mooverTest,,,Default,One per quote line,,,,Quantity,,false,,,,,,,,,,false,,,false,,,1.0,false,,,,false,false,false,false,,false,false,false,false,false,false,false,false,,Click,false,false,,false,List,,true,,false,,,,List,,,,,,Renewable,,false,,,,,,,
,,,,,e36de568-f761-4ef0-a64c-491b40cf255f,false,,mooverTest,,,Default,One per quote line,,,,Quantity,,false,,,,,,,,,,false,,,false,,,1.0,false,,,,false,false,false,false,,false,false,false,false,false,false,false,false,,Click,false,false,,false,List,,true,,false,,,,List,,,,,,Renewable,,false,,,,,,,
,,,,,e36de568-f761-4ef0-a64c-491b40cf255f,false,,mooverTest,,,Default,One per quote line,,,,Quantity,,false,,,,,,,,,,false,,,false,,,1.0,false,,,,false,false,false,false,,false,false,false,false,false,false,false,false,,Click,false,false,,false,List,,true,,false,,,,List,,,,,,Renewable,,false,,,,,,,
,,,,,e36de568-f761-4ef0-a64c-491b40cf255f,false,,mooverTest,,,Default,One per quote line,,,,Quantity,,false,,,,,,,,,,false,,,false,,,1.0,false,,,,false,false,false,false,,false,false,false,false,false,false,false,false,,Click,false,false,,false,List,,true,,false,,,,List,,,,,,Renewable,,false,,,,,,,
,,,,,e36de568-f761-4ef0-a64c-491b40cf255f,false,,mooverTest,,,Default,One per quote line,,,,Quantity,,false,,,,,,,,,,false,,,false,,,1.0,false,,,,false,false,false,false,,false,false,false,false,false,false,false,false,,Click,false,false,,false,List,,true,,false,,,,List,,,,,,Renewable,,false,,,,,,,
,,,,,e36de568-f761-4ef0-a64c-491b40cf255f,false,,mooverTest,,,Default,One per quote line,,,,Quantity,,false,,,,,,,,,,false,,,false,,,1.0,false,,,,false,false,false,false,,false,false,false,false,false,false,false,false,,Click,false,false,,false,List,,true,,false,,,,List,,,,,,Renewable,,false,,,,,,,
,,,,,e36de568-f761-4ef0-a64c-491b40cf255f,false,,mooverTest,,,Default,One per quote line,,,,Quantity,,false,,,,,,,,,,false,,,false,,,1.0,false,,,,false,false,false,false,,false,false,false,false,false,false,false,false,,Click,false,false,,false,List,,true,,false,,,,List,,,,,,Renewable,,false,,,,,,,
,,,,,e36de568-f761-4ef0-a64c-491b40cf255f,false,,mooverTest,,,Default,One per quote line,,,,Quantity,,false,,,,,,,,,,false,,,false,,,1.0,false,,,,false,false,false,false,,false,false,false,false,false,false,false,false,,Click,false,false,,false,List,,true,,false,,,,List,,,,,,Renewable,,false,,,,,,,
,,,,,e36de568-f761-4ef0-a64c-491b40cf255f,false,,mooverTest,,,Default,One per quote line,,,,Quantity,,false,,,,,,,,,,false,,,false,,,1.0,false,,,,false,false,false,false,,false,false,false,false,false,false,false,false,,Click,false,false,,false,List,,true,,false,,,,List,,,,,,Renewable,,false,,,,,,,
,,,,,e36de568-f761-4ef0-a64c-491b40cf255f,false,,mooverTest,,,Default,One per quote line,,,,Quantity,,false,,,,,,,,,,false,,,false,,,1.0,false,,,,false,false,false,false,,false,false,false,false,false,false,false,false,,Click,false,false,,false,List,,true,,false,,,,List,,,,,,Renewable,,false,,,,,,,
,,,,,e36de568-f761-4ef0-a64c-491b40cf255f,false,,mooverTest,,,Default,One per quote line,,,,Quantity,,false,,,,,,,,,,false,,,false,,,1.0,false,,,,false,false,false,false,,false,false,false,false,false,false,false,false,,Click,false,false,,false,List,,true,,false,,,,List,,,,,,Renewable,,false,,,,,,,
,,,,,e36de568-f761-4ef0-a64c-491b40cf255f,false,,mooverTest,,,Default,One per quote line,,,,Quantity,,false,,,,,,,,,,false,,,false,,,1.0,false,,,,false,false,false,false,,false,false,false,false,false,false,false,false,,Click,false,false,,false,List,,true,,false,,,,List,,,,,,Renewable,,false,,,,,,,
,,,,,e36de568-f761-4ef0-a64c-491b40cf255f,false,,mooverTest,,,Default,One per quote line,,,,Quantity,,false,,,,,,,,,,false,,,false,,,1.0,false,,,,false,false,false,false,,false,false,false,false,false,false,false,false,,Click,false,false,,false,List,,true,,false,,,,List,,,,,,Renewable,,false,,,,,,,
,,,,,e36de568-f761-4ef0-a64c-491b40cf255f,false,,mooverTest,,,Default,One per quote line,,,,Quantity,,false,,,,,,,,,,false,,,false,,,1.0,false,,,,false,false,false,false,,false,false,false,false,false,false,false,false,,Click,false,false,,false,List,,true,,false,,,,List,,,,,,Renewable,,false,,,,,,,
,,,,,e36de568-f761-4ef0-a64c-491b40cf255f,false,,mooverTest,,,Default,One per quote line,,,,Quantity,,false,,,,,,,,,,false,,,false,,,1.0,false,,,,false,false,false,false,,false,false,false,false,false,false,false,false,,Click,false,false,,false,List,,true,,false,,,,List,,,,,,Renewable,,false,,,,,,,
,,,,,e36de568-f761-4ef0-a64c-491b40cf255f,false,,mooverTest,,,Default,One per quote line,,,,Quantity,,false,,,,,,,,,,false,,,false,,,1.0,false,,,,false,false,false,false,,false,false,false,false,false,false,false,false,,Click,false,false,,false,List,,true,,false,,,,List,,,,,,Renewable,,false,,,,,,,
,,,,,e36de568-f761-4ef0-a64c-491b40cf255f,false,,mooverTest,,,Default,One per quote line,,,,Quantity,,false,,,,,,,,,,false,,,false,,,1.0,false,,,,false,false,false,false,,false,false,false,false,false,false,false,false,,Click,false,false,,false,List,,true,,false,,,,List,,,,,,Renewable,,false,,,,,,,
,,,,,e36de568-f761-4ef0-a64c-491b40cf255f,false,,mooverTest,,,Default,One per quote line,,,,Quantity,,false,,,,,,,,,,false,,,false,,,1.0,false,,,,false,false,false,false,,false,false,false,false,false,false,false,false,,Click,false,false,,false,List,,true,,false,,,,List,,,,,,Renewable,,false,,,,,,,
,,,,,e36de568-f761-4ef0-a64c-491b40cf255f,false,,mooverTest,,,Default,One per quote line,,,,Quantity,,false,,,,,,,,,,false,,,false,,,1.0,false,,,,false,false,false,false,,false,false,false,false,false,false,false,false,,Click,false,false,,false,List,,true,,false,,,,List,,,,,,Renewable,,false,,,,,,,
,,,,,e36de568-f761-4ef0-a64c-491b40cf255f,false,,mooverTest,,,Default,One per quote line,,,,Quantity,,false,,,,,,,,,,false,,,false,,,1.0,false,,,,false,false,false,false,,false,false,false,false,false,false,false,false,,Click,false,false,,false,List,,true,,false,,,,List,,,,,,Renewable,,false,,,,,,,
,,,,,e36de568-f761-4ef0-a64c-491b40cf255f,false,,mooverTest,,,Default,One per quote line,,,,Quantity,,false,,,,,,,,,,false,,,false,,,1.0,false,,,,false,false,false,false,,false,false,false,false,false,false,false,false,,Click,false,false,,false,List,,true,,false,,,,List,,,,,,Renewable,,false,,,,,,,
,,,,,e36de568-f761-4ef0-a64c-491b40cf255f,false,,mooverTest,,,Default,One per quote line,,,,Quantity,,false,,,,,,,,,,false,,,false,,,1.0,false,,,,false,false,false,false,,false,false,false,false,false,false,false,false,,Click,false,false,,false,List,,true,,false,,,,List,,,,,,Renewable,,false,,,,,,,
,,,,,e36de568-f761-4ef0-a64c-491b40cf255f,false,,mooverTest,,,Default,One per quote line,,,,Quantity,,false,,,,,,,,,,false,,,false,,,1.0,false,,,,false,false,false,false,,false,false,false,false,false,false,false,false,,Click,false,false,,false,List,,true,,false,,,,List,,,,,,Renewable,,false,,,,,,,
,,,,,e36de568-f761-4ef0-a64c-491b40cf255f,false,,mooverTest,,,Default,One per quote line,,,,Quantity,,false,,,,,,,,,,false,,,false,,,1.0,false,,,,false,false,false,false,,false,false,false,false,false,false,false,false,,Click,false,false,,false,List,,true,,false,,,,List,,,,,,Renewable,,false,,,,,,,
,,,,,e36de568-f761-4ef0-a64c-491b40cf255f,false,,mooverTest,,,Default,One per quote line,,,,Quantity,,false,,,,,,,,,,false,,,false,,,1.0,false,,,,false,false,false,false,,false,false,false,false,false,false,false,false,,Click,false,false,,false,List,,true,,false,,,,List,,,,,,Renewable,,false,,,,,,,
,,,,,e36de568-f761-4ef0-a64c-491b40cf255f,false,,mooverTest,,,Default,One per quote line,,,,Quantity,,false,,,,,,,,,,false,,,false,,,1.0,false,,,,false,false,false,false,,false,false,false,false,false,false,false,false,,Click,false,false,,false,List,,true,,false,,,,List,,,,,,Renewable,,false,,,,,,,
,,,,,e36de568-f761-4ef0-a64c-491b40cf255f,false,,mooverTest,,,Default,One per quote line,,,,Quantity,,false,,,,,,,,,,false,,,false,,,1.0,false,,,,false,false,false,false,,false,false,false,false,false,false,false,false,,Click,false,false,,false,List,,true,,false,,,,List,,,,,,Renewable,,false,,,,,,,
,,,,None,7b18aae5-f674-4c9c-a0d0-b2e1a2a1f7ff,true,,Prod New 22222,123abcd,,Allow Refund,One per quote line,,,,Quantity,,true,12.0,Always,,,,Required,,,,false,,,false,,,100.0,false,,,,false,false,true,false,,false,false,false,true,false,false,false,false,Tabs,Click,false,false,,false,List,,true,,false,,12.0,<p>spec here</p>,List,,,,,,Renewable,,false,,,,,,,
,,,,None,7b18aae5-f674-4c9c-a0d0-b2e1a2a1f7ff,true,,Prod New 22222,123abcd,,Allow Refund,One per quote line,,,,Quantity,,true,12.0,Always,,,,Required,,,,false,,,false,,,100.0,false,,,,false,false,true,false,,false,false,false,true,false,false,false,false,Tabs,Click,false,false,,false,List,,true,,false,,12.0,<p>spec here</p>,List,,,,,,Renewable,,false,,,,,,,
,,,,None,7b18aae5-f674-4c9c-a0d0-b2e1a2a1f7ff,true,,Prod New 22222,123abcd,,Allow Refund,One per quote line,,,,Quantity,,true,12.0,Always,,,,Required,,,,false,,,false,,,100.0,false,,,,false,false,true,false,,false,false,false,true,false,false,false,false,Tabs,Click,false,false,,false,List,,true,,false,,12.0,<p>spec here</p>,List,,,,,,Renewable,,false,,,,,,,
,,,,None,7b18aae5-f674-4c9c-a0d0-b2e1a2a1f7ff,true,,Prod New 22222,123abcd,,Allow Refund,One per quote line,,,,Quantity,,true,12.0,Always,,,,Required,,,,false,,,false,,,100.0,false,,,,false,false,true,false,,false,false,false,true,false,false,false,false,Tabs,Click,false,false,,false,List,,true,,false,,12.0,<p>spec here</p>,List,,,,,,Renewable,,false,,,,,,,
,,,,None,7b18aae5-f674-4c9c-a0d0-b2e1a2a1f7ff,true,,Prod New 22222,123abcd,,Allow Refund,One per quote line,,,,Quantity,,true,12.0,Always,,,,Required,,,,false,,,false,,,100.0,false,,,,false,false,true,false,,false,false,false,true,false,false,false,false,Tabs,Click,false,false,,false,List,,true,,false,,12.0,<p>spec here</p>,List,,,,,,Renewable,,false,,,,,,,
,,,,None,7b18aae5-f674-4c9c-a0d0-b2e1a2a1f7ff,true,,Prod New 22222,123abcd,,Allow Refund,One per quote line,,,,Quantity,,true,12.0,Always,,,,Required,,,,false,,,false,,,100.0,false,,,,false,false,true,false,,false,false,false,true,false,false,false,false,Tabs,Click,false,false,,false,List,,true,,false,,12.0,<p>spec here</p>,List,,,,,,Renewable,,false,,,,,,,
,,,,None,7b18aae5-f674-4c9c-a0d0-b2e1a2a1f7ff,true,,Prod New 22222,123abcd,,Allow Refund,One per quote line,,,,Quantity,,true,12.0,Always,,,,Required,,,,false,,,false,,,100.0,false,,,,false,false,true,false,,false,false,false,true,false,false,false,false,Tabs,Click,false,false,,false,List,,true,,false,,12.0,<p>spec here</p>,List,,,,,,Renewable,,false,,,,,,,
,,,,None,7b18aae5-f674-4c9c-a0d0-b2e1a2a1f7ff,true,,Prod New 22222,123abcd,,Allow Refund,One per quote line,,,,Quantity,,true,12.0,Always,,,,Required,,,,false,,,false,,,100.0,false,,,,false,false,true,false,,false,false,false,true,false,false,false,false,Tabs,Click,false,false,,false,List,,true,,false,,12.0,<p>spec here</p>,List,,,,,,Renewable,,false,,,,,,,
,,,,None,7b18aae5-f674-4c9c-a0d0-b2e1a2a1f7ff,true,,Prod New 22222,123abcd,,Allow Refund,One per quote line,,,,Quantity,,true,12.0,Always,,,,Required,,,,false,,,false,,,100.0,false,,,,false,false,true,false,,false,false,false,true,false,false,false,false,Tabs,Click,false,false,,false,List,,true,,false,,12.0,<p>spec here</p>,List,,,,,,Renewable,,false,,,,,,,
,,,,None,7b18aae5-f674-4c9c-a0d0-b2e1a2a1f7ff,true,,Prod New 22222,123abcd,,Allow Refund,One per quote line,,,,Quantity,,true,12.0,Always,,,,Required,,,,false,,,false,,,100.0,false,,,,false,false,true,false,,false,false,false,true,false,false,false,false,Tabs,Click,false,false,,false,List,,true,,false,,12.0,<p>spec here</p>,List,,,,,,Renewable,,false,,,,,,,
,,,,None,7b18aae5-f674-4c9c-a0d0-b2e1a2a1f7ff,true,,Prod New 22222,123abcd,,Allow Refund,One per quote line,,,,Quantity,,true,12.0,Always,,,,Required,,,,false,,,false,,,100.0,false,,,,false,false,true,false,,false,false,false,true,false,false,false,false,Tabs,Click,false,false,,false,List,,true,,false,,12.0,<p>spec here</p>,List,,,,,,Renewable,,false,,,,,,,
,,,,None,7b18aae5-f674-4c9c-a0d0-b2e1a2a1f7ff,true,,Prod New 22222,123abcd,,Allow Refund,One per quote line,,,,Quantity,,true,12.0,Always,,,,Required,,,,false,,,false,,,100.0,false,,,,false,false,true,false,,false,false,false,true,false,false,false,false,Tabs,Click,false,false,,false,List,,true,,false,,12.0,<p>spec here</p>,List,,,,,,Renewable,,false,,,,,,,
,,,,None,7b18aae5-f674-4c9c-a0d0-b2e1a2a1f7ff,true,,Prod New 22222,123abcd,,Allow Refund,One per quote line,,,,Quantity,,true,12.0,Always,,,,Required,,,,false,,,false,,,100.0,false,,,,false,false,true,false,,false,false,false,true,false,false,false,false,Tabs,Click,false,false,,false,List,,true,,false,,12.0,<p>spec here</p>,List,,,,,,Renewable,,false,,,,,,,
,,,,None,7b18aae5-f674-4c9c-a0d0-b2e1a2a1f7ff,true,,Prod New 22222,123abcd,,Allow Refund,One per quote line,,,,Quantity,,true,12.0,Always,,,,Required,,,,false,,,false,,,100.0,false,,,,false,false,true,false,,false,false,false,true,false,false,false,false,Tabs,Click,false,false,,false,List,,true,,false,,12.0,<p>spec here</p>,List,,,,,,Renewable,,false,,,,,,,
,,,,None,7b18aae5-f674-4c9c-a0d0-b2e1a2a1f7ff,true,,Prod New 22222,123abcd,,Allow Refund,One per quote line,,,,Quantity,,true,12.0,Always,,,,Required,,,,false,,,false,,,100.0,false,,,,false,false,true,false,,false,false,false,true,false,false,false,false,Tabs,Click,false,false,,false,List,,true,,false,,12.0,<p>spec here</p>,List,,,,,,Renewable,,false,,,,,,,
,,,,None,7b18aae5-f674-4c9c-a0d0-b2e1a2a1f7ff,true,,Prod New 22222,123abcd,,Allow Refund,One per quote line,,,,Quantity,,true,12.0,Always,,,,Required,,,,false,,,false,,,100.0,false,,,,false,false,true,false,,false,false,false,true,false,false,false,false,Tabs,Click,false,false,,false,List,,true,,false,,12.0,<p>spec here</p>,List,,,,,,Renewable,,false,,,,,,,
,,,,None,7b18aae5-f674-4c9c-a0d0-b2e1a2a1f7ff,true,,Prod New 22222,123abcd,,Allow Refund,One per quote line,,,,Quantity,,true,12.0,Always,,,,Required,,,,false,,,false,,,100.0,false,,,,false,false,true,false,,false,false,false,true,false,false,false,false,Tabs,Click,false,false,,false,List,,true,,false,,12.0,<p>spec here</p>,List,,,,,,Renewable,,false,,,,,,,
,,,,None,7b18aae5-f674-4c9c-a0d0-b2e1a2a1f7ff,true,,Prod New 22222,123abcd,,Allow Refund,One per quote line,,,,Quantity,,true,12.0,Always,,,,Required,,,,false,,,false,,,100.0,false,,,,false,false,true,false,,false,false,false,true,false,false,false,false,Tabs,Click,false,false,,false,List,,true,,false,,12.0,<p>spec here</p>,List,,,,,,Renewable,,false,,,,,,,
,,,,None,7b18aae5-f674-4c9c-a0d0-b2e1a2a1f7ff,true,,Prod New 22222,123abcd,,Allow Refund,One per quote line,,,,Quantity,,true,12.0,Always,,,,Required,,,,false,,,false,,,100.0,false,,,,false,false,true,false,,false,false,false,true,false,false,false,false,Tabs,Click,false,false,,false,List,,true,,false,,12.0,<p>spec here</p>,List,,,,,,Renewable,,false,,,,,,,
,,,,None,7b18aae5-f674-4c9c-a0d0-b2e1a2a1f7ff,true,,Prod New 22222,123abcd,,Allow Refund,One per quote line,,,,Quantity,,true,12.0,Always,,,,Required,,,,false,,,false,,,100.0,false,,,,false,false,true,false,,false,false,false,true,false,false,false,false,Tabs,Click,false,false,,false,List,,true,,false,,12.0,<p>spec here</p>,List,,,,,,Renewable,,false,,,,,,,
,,,,None,7b18aae5-f674-4c9c-a0d0-b2e1a2a1f7ff,true,,Prod New 22222,123abcd,,Allow Refund,One per quote line,,,,Quantity,,true,12.0,Always,,,,Required,,,,false,,,false,,,100.0,false,,,,false,false,true,false,,false,false,false,true,false,false,false,false,Tabs,Click,false,false,,false,List,,true,,false,,12.0,<p>spec here</p>,List,,,,,,Renewable,,false,,,,,,,
,,,,None,7b18aae5-f674-4c9c-a0d0-b2e1a2a1f7ff,true,,Prod New 22222,123abcd,,Allow Refund,One per quote line,,,,Quantity,,true,12.0,Always,,,,Required,,,,false,,,false,,,100.0,false,,,,false,false,true,false,,false,false,false,true,false,false,false,false,Tabs,Click,false,false,,false,List,,true,,false,,12.0,<p>spec here</p>,List,,,,,,Renewable,,false,,,,,,,
,,,,None,7b18aae5-f674-4c9c-a0d0-b2e1a2a1f7ff,true,,Prod New 22222,123abcd,,Allow Refund,One per quote line,,,,Quantity,,true,12.0,Always,,,,Required,,,,false,,,false,,,100.0,false,,,,false,false,true,false,,false,false,false,true,false,false,false,false,Tabs,Click,false,false,,false,List,,true,,false,,12.0,<p>spec here</p>,List,,,,,,Renewable,,false,,,,,,,
,,,,None,7b18aae5-f674-4c9c-a0d0-b2e1a2a1f7ff,true,,Prod New 22222,123abcd,,Allow Refund,One per quote line,,,,Quantity,,true,12.0,Always,,,,Required,,,,false,,,false,,,100.0,false,,,,false,false,true,false,,false,false,false,true,false,false,false,false,Tabs,Click,false,false,,false,List,,true,,false,,12.0,<p>spec here</p>,List,,,,,,Renewable,,false,,,,,,,
,,,,None,7b18aae5-f674-4c9c-a0d0-b2e1a2a1f7ff,true,,Prod New 22222,123abcd,,Allow Refund,One per quote line,,,,Quantity,,true,12.0,Always,,,,Required,,,,false,,,false,,,100.0,false,,,,false,false,true,false,,false,false,false,true,false,false,false,false,Tabs,Click,false,false,,false,List,,true,,false,,12.0,<p>spec here</p>,List,,,,,,Renewable,,false,,,,,,,
,,,,None,7b18aae5-f674-4c9c-a0d0-b2e1a2a1f7ff,true,,Prod New 22222,123abcd,,Allow Refund,One per quote line,,,,Quantity,,true,12.0,Always,,,,Required,,,,false,,,false,,,100.0,false,,,,false,false,true,false,,false,false,false,true,false,false,false,false,Tabs,Click,false,false,,false,List,,true,,false,,12.0,<p>spec here</p>,List,,,,,,Renewable,,false,,,,,,,
,,,,None,7b18aae5-f674-4c9c-a0d0-b2e1a2a1f7ff,true,,Prod New 22222,123abcd,,Allow Refund,One per quote line,,,,Quantity,,true,12.0,Always,,,,Required,,,,false,,,false,,,100.0,false,,,,false,false,true,false,,false,false,false,true,false,false,false,false,Tabs,Click,false,false,,false,List,,true,,false,,12.0,<p>spec here</p>,List,,,,,,Renewable,,false,,,,,,,
,,,,None,7b18aae5-f674-4c9c-a0d0-b2e1a2a1f7ff,true,,Prod New 22222,123abcd,,Allow Refund,One per quote line,,,,Quantity,,true,12.0,Always,,,,Required,,,,false,,,false,,,100.0,false,,,,false,false,true,false,,false,false,false,true,false,false,false,false,Tabs,Click,false,false,,false,List,,true,,false,,12.0,<p>spec here</p>,List,,,,,,Renewable,,false,,,,,,,
,,,,None,7b18aae5-f674-4c9c-a0d0-b2e1a2a1f7ff,true,,Prod New 22222,123abcd,,Allow Refund,One per quote line,,,,Quantity,,true,12.0,Always,,,,Required,,,,false,,,false,,,100.0,false,,,,false,false,true,false,,false,false,false,true,false,false,false,false,Tabs,Click,false,false,,false,List,,true,,false,,12.0,<p>spec here</p>,List,,,,,,Renewable,,false,,,,,,,
,,,,None,7b18aae5-f674-4c9c-a0d0-b2e1a2a1f7ff,true,,Prod New 22222,123abcd,,Allow Refund,One per quote line,,,,Quantity,,true,12.0,Always,,,,Required,,,,false,,,false,,,100.0,false,,,,false,false,true,false,,false,false,false,true,false,false,false,false,Tabs,Click,false,false,,false,List,,true,,false,,12.0,<p>spec here</p>,List,,,,,,Renewable,,false,,,,,,,
,,,,None,7b18aae5-f674-4c9c-a0d0-b2e1a2a1f7ff,true,,Prod New 22222,123abcd,,Allow Refund,One per quote line,,,,Quantity,,true,12.0,Always,,,,Required,,,,false,,,false,,,100.0,false,,,,false,false,true,false,,false,false,false,true,false,false,false,false,Tabs,Click,false,false,,false,List,,true,,false,,12.0,<p>spec here</p>,List,,,,,,Renewable,,false,,,,,,,
,,,,None,7b18aae5-f674-4c9c-a0d0-b2e1a2a1f7ff,true,,Prod New 22222,123abcd,,Allow Refund,One per quote line,,,,Quantity,,true,12.0,Always,,,,Required,,,,false,,,false,,,100.0,false,,,,false,false,true,false,,false,false,false,true,false,false,false,false,Tabs,Click,false,false,,false,List,,true,,false,,12.0,<p>spec here</p>,List,,,,,,Renewable,,false,,,,,,,
,,,,None,7b18aae5-f674-4c9c-a0d0-b2e1a2a1f7ff,true,,Prod New 22222,123abcd,,Allow Refund,One per quote line,,,,Quantity,,true,12.0,Always,,,,Required,,,,false,,,false,,,100.0,false,,,,false,false,true,false,,false,false,false,true,false,false,false,false,Tabs,Click,false,false,,false,List,,true,,false,,12.0,<p>spec here</p>,List,,,,,,Renewable,,false,,,,,,,
,,,,None,7b18aae5-f674-4c9c-a0d0-b2e1a2a1f7ff,true,,Prod New 22222,123abcd,,Allow Refund,One per quote line,,,,Quantity,,true,12.0,Always,,,,Required,,,,false,,,false,,,100.0,false,,,,false,false,true,false,,false,false,false,true,false,false,false,false,Tabs,Click,false,false,,false,List,,true,,false,,12.0,<p>spec here</p>,List,,,,,,Renewable,,false,,,,,,,
,,,,None,7b18aae5-f674-4c9c-a0d0-b2e1a2a1f7ff,true,,Prod New 22222,123abcd,,Allow Refund,One per quote line,,,,Quantity,,true,12.0,Always,,,,Required,,,,false,,,false,,,100.0,false,,,,false,false,true,false,,false,false,false,true,false,false,false,false,Tabs,Click,false,false,,false,List,,true,,false,,12.0,<p>spec here</p>,List,,,,,,Renewable,,false,,,,,,,
,,,,None,7b18aae5-f674-4c9c-a0d0-b2e1a2a1f7ff,true,,Prod New 22222,123abcd,,Allow Refund,One per quote line,,,,Quantity,,true,12.0,Always,,,,Required,,,,false,,,false,,,100.0,false,,,,false,false,true,false,,false,false,false,true,false,false,false,false,Tabs,Click,false,false,,false,List,,true,,false,,12.0,<p>spec here</p>,List,,,,,,Renewable,,false,,,,,,,
,,,,None,7b18aae5-f674-4c9c-a0d0-b2e1a2a1f7ff,true,,Prod New 22222,123abcd,,Allow Refund,One per quote line,,,,Quantity,,true,12.0,Always,,,,Required,,,,false,,,false,,,100.0,false,,,,false,false,true,false,,false,false,false,true,false,false,false,false,Tabs,Click,false,false,,false,List,,true,,false,,12.0,<p>spec here</p>,List,,,,,,Renewable,,false,,,,,,,
,,,,None,7b18aae5-f674-4c9c-a0d0-b2e1a2a1f7ff,true,,Prod New 22222,123abcd,,Allow Refund,One per quote line,,,,Quantity,,true,12.0,Always,,,,Required,,,,false,,,false,,,100.0,false,,,,false,false,true,false,,false,false,false,true,false,false,false,false,Tabs,Click,false,false,,false,List,,true,,false,,12.0,<p>spec here</p>,List,,,,,,Renewable,,false,,,,,,,
,,,,None,7b18aae5-f674-4c9c-a0d0-b2e1a2a1f7ff,true,,Prod New 22222,123abcd,,Allow Refund,One per quote line,,,,Quantity,,true,12.0,Always,,,,Required,,,,false,,,false,,,100.0,false,,,,false,false,true,false,,false,false,false,true,false,false,false,false,Tabs,Click,false,false,,false,List,,true,,false,,12.0,<p>spec here</p>,List,,,,,,Renewable,,false,,,,,,,
,,,,None,7b18aae5-f674-4c9c-a0d0-b2e1a2a1f7ff,true,,Prod New 22222,123abcd,,Allow Refund,One per quote line,,,,Quantity,,true,12.0,Always,,,,Required,,,,false,,,false,,,100.0,false,,,,false,false,true,false,,false,false,false,true,false,false,false,false,Tabs,Click,false,false,,false,List,,true,,false,,12.0,<p>spec here</p>,List,,,,,,Renewable,,false,,,,,,,
,,,,None,7b18aae5-f674-4c9c-a0d0-b2e1a2a1f7ff,true,,Prod New 22222,123abcd,,Allow Refund,One per quote line,,,,Quantity,,true,12.0,Always,,,,Required,,,,false,,,false,,,100.0,false,,,,false,false,true,false,,false,false,false,true,false,false,false,false,Tabs,Click,false,false,,false,List,,true,,false,,12.0,<p>spec here</p>,List,,,,,,Renewable,,false,,,,,,,
,,,,None,7b18aae5-f674-4c9c-a0d0-b2e1a2a1f7ff,true,,Prod New 22222,123abcd,,Allow Refund,One per quote line,,,,Quantity,,true,12.0,Always,,,,Required,,,,false,,,false,,,100.0,false,,,,false,false,true,false,,false,false,false,true,false,false,false,false,Tabs,Click,false,false,,false,List,,true,,false,,12.0,<p>spec here</p>,List,,,,,,Renewable,,false,,,,,,,
,,,,None,7b18aae5-f674-4c9c-a0d0-b2e1a2a1f7ff,true,,Prod New 22222,123abcd,,Allow Refund,One per quote line,,,,Quantity,,true,12.0,Always,,,,Required,,,,false,,,false,,,100.0,false,,,,false,false,true,false,,false,false,false,true,false,false,false,false,Tabs,Click,false,false,,false,List,,true,,false,,12.0,<p>spec here</p>,List,,,,,,Renewable,,false,,,,,,,
,,,,None,7b18aae5-f674-4c9c-a0d0-b2e1a2a1f7ff,true,,Prod New 22222,123abcd,,Allow Refund,One per quote line,,,,Quantity,,true,12.0,Always,,,,Required,,,,false,,,false,,,100.0,false,,,,false,false,true,false,,false,false,false,true,false,false,false,false,Tabs,Click,false,false,,false,List,,true,,false,,12.0,<p>spec here</p>,List,,,,,,Renewable,,false,,,,,,,
,,,,None,7b18aae5-f674-4c9c-a0d0-b2e1a2a1f7ff,true,,Prod New 22222,123abcd,,Allow Refund,One per quote line,,,,Quantity,,true,12.0,Always,,,,Required,,,,false,,,false,,,100.0,false,,,,false,false,true,false,,false,false,false,true,false,false,false,false,Tabs,Click,false,false,,false,List,,true,,false,,12.0,<p>spec here</p>,List,,,,,,Renewable,,false,,,,,,,
,,,,None,7b18aae5-f674-4c9c-a0d0-b2e1a2a1f7ff,true,,Prod New 22222,123abcd,,Allow Refund,One per quote line,,,,Quantity,,true,12.0,Always,,,,Required,,,,false,,,false,,,100.0,false,,,,false,false,true,false,,false,false,false,true,false,false,false,false,Tabs,Click,false,false,,false,List,,true,,false,,12.0,<p>spec here</p>,List,,,,,,Renewable,,false,,,,,,,
,,,,None,7b18aae5-f674-4c9c-a0d0-b2e1a2a1f7ff,true,,Prod New 22222,123abcd,,Allow Refund,One per quote line,,,,Quantity,,true,12.0,Always,,,,Required,,,,false,,,false,,,100.0,false,,,,false,false,true,false,,false,false,false,true,false,false,false,false,Tabs,Click,false,false,,false,List,,true,,false,,12.0,<p>spec here</p>,List,,,,,,Renewable,,false,,,,,,,
,,,,None,7b18aae5-f674-4c9c-a0d0-b2e1a2a1f7ff,true,,Prod New 22222,123abcd,,Allow Refund,One per quote line,,,,Quantity,,true,12.0,Always,,,,Required,,,,false,,,false,,,100.0,false,,,,false,false,true,false,,false,false,false,true,false,false,false,false,Tabs,Click,false,false,,false,List,,true,,false,,12.0,<p>spec here</p>,List,,,,,,Renewable,,false,,,,,,,
,,,,None,7b18aae5-f674-4c9c-a0d0-b2e1a2a1f7ff,true,,Prod New 22222,123abcd,,Allow Refund,One per quote line,,,,Quantity,,true,12.0,Always,,,,Required,,,,false,,,false,,,100.0,false,,,,false,false,true,false,,false,false,false,true,false,false,false,false,Tabs,Click,false,false,,false,List,,true,,false,,12.0,<p>spec here</p>,List,,,,,,Renewable,,false,,,,,,,
,,,,,e58637df-2079-4abf-b08a-9991d9ef58fd,false,,mooverTest2,,,Default,One per quote line,,,,Quantity,,false,,,,,,,,,,false,,,false,,,1.0,false,,,,false,false,false,false,,false,false,false,false,false,false,false,false,,Click,false,false,,false,List,,true,,false,,,,List,,,,,,Renewable,,false,,,,,,,
,,,,,e58637df-2079-4abf-b08a-9991d9ef58fd,false,,mooverTest2,,,Default,One per quote line,,,,Quantity,,false,,,,,,,,,,false,,,false,,,1.0,false,,,,false,false,false,false,,false,false,false,false,false,false,false,false,,Click,false,false,,false,List,,true,,false,,,,List,,,,,,Renewable,,false,,,,,,,
,,,,,e58637df-2079-4abf-b08a-9991d9ef58fd,false,,mooverTest2,,,Default,One per quote line,,,,Quantity,,false,,,,,,,,,,false,,,false,,,1.0,false,,,,false,false,false,false,,false,false,false,false,false,false,false,false,,Click,false,false,,false,List,,true,,false,,,,List,,,,,,Renewable,,false,,,,,,,
,,,,,e58637df-2079-4abf-b08a-9991d9ef58fd,false,,mooverTest2,,,Default,One per quote line,,,,Quantity,,false,,,,,,,,,,false,,,false,,,1.0,false,,,,false,false,false,false,,false,false,false,false,false,false,false,false,,Click,false,false,,false,List,,true,,false,,,,List,,,,,,Renewable,,false,,,,,,,
,,,,,e58637df-2079-4abf-b08a-9991d9ef58fd,false,,mooverTest2,,,Default,One per quote line,,,,Quantity,,false,,,,,,,,,,false,,,false,,,1.0,false,,,,false,false,false,false,,false,false,false,false,false,false,false,false,,Click,false,false,,false,List,,true,,false,,,,List,,,,,,Renewable,,false,,,,,,,
,,,,,e58637df-2079-4abf-b08a-9991d9ef58fd,false,,mooverTest2,,,Default,One per quote line,,,,Quantity,,false,,,,,,,,,,false,,,false,,,1.0,false,,,,false,false,false,false,,false,false,false,false,false,false,false,false,,Click,false,false,,false,List,,true,,false,,,,List,,,,,,Renewable,,false,,,,,,,
,,,,,e58637df-2079-4abf-b08a-9991d9ef58fd,false,,mooverTest2,,,Default,One per quote line,,,,Quantity,,false,,,,,,,,,,false,,,false,,,1.0,false,,,,false,false,false,false,,false,false,false,false,false,false,false,false,,Click,false,false,,false,List,,true,,false,,,,List,,,,,,Renewable,,false,,,,,,,
,,,,,e58637df-2079-4abf-b08a-9991d9ef58fd,false,,mooverTest2,,,Default,One per quote line,,,,Quantity,,false,,,,,,,,,,false,,,false,,,1.0,false,,,,false,false,false,false,,false,false,false,false,false,false,false,false,,Click,false,false,,false,List,,true,,false,,,,List,,,,,,Renewable,,false,,,,,,,
,,,,,e58637df-2079-4abf-b08a-9991d9ef58fd,false,,mooverTest2,,,Default,One per quote line,,,,Quantity,,false,,,,,,,,,,false,,,false,,,1.0,false,,,,false,false,false,false,,false,false,false,false,false,false,false,false,,Click,false,false,,false,List,,true,,false,,,,List,,,,,,Renewable,,false,,,,,,,
,,,,,e58637df-2079-4abf-b08a-9991d9ef58fd,false,,mooverTest2,,,Default,One per quote line,,,,Quantity,,false,,,,,,,,,,false,,,false,,,1.0,false,,,,false,false,false,false,,false,false,false,false,false,false,false,false,,Click,false,false,,false,List,,true,,false,,,,List,,,,,,Renewable,,false,,,,,,,
,,,,,e58637df-2079-4abf-b08a-9991d9ef58fd,false,,mooverTest2,,,Default,One per quote line,,,,Quantity,,false,,,,,,,,,,false,,,false,,,1.0,false,,,,false,false,false,false,,false,false,false,false,false,false,false,false,,Click,false,false,,false,List,,true,,false,,,,List,,,,,,Renewable,,false,,,,,,,
,,,,,e58637df-2079-4abf-b08a-9991d9ef58fd,false,,mooverTest2,,,Default,One per quote line,,,,Quantity,,false,,,,,,,,,,false,,,false,,,1.0,false,,,,false,false,false,false,,false,false,false,false,false,false,false,false,,Click,false,false,,false,List,,true,,false,,,,List,,,,,,Renewable,,false,,,,,,,
,,,,,e58637df-2079-4abf-b08a-9991d9ef58fd,false,,mooverTest2,,,Default,One per quote line,,,,Quantity,,false,,,,,,,,,,false,,,false,,,1.0,false,,,,false,false,false,false,,false,false,false,false,false,false,false,false,,Click,false,false,,false,List,,true,,false,,,,List,,,,,,Renewable,,false,,,,,,,
,,,,,e58637df-2079-4abf-b08a-9991d9ef58fd,false,,mooverTest2,,,Default,One per quote line,,,,Quantity,,false,,,,,,,,,,false,,,false,,,1.0,false,,,,false,false,false,false,,false,false,false,false,false,false,false,false,,Click,false,false,,false,List,,true,,false,,,,List,,,,,,Renewable,,false,,,,,,,
,,,,,e58637df-2079-4abf-b08a-9991d9ef58fd,false,,mooverTest2,,,Default,One per quote line,,,,Quantity,,false,,,,,,,,,,false,,,false,,,1.0,false,,,,false,false,false,false,,false,false,false,false,false,false,false,false,,Click,false,false,,false,List,,true,,false,,,,List,,,,,,Renewable,,false,,,,,,,
,,,,,e58637df-2079-4abf-b08a-9991d9ef58fd,false,,mooverTest2,,,Default,One per quote line,,,,Quantity,,false,,,,,,,,,,false,,,false,,,1.0,false,,,,false,false,false,false,,false,false,false,false,false,false,false,false,,Click,false,false,,false,List,,true,,false,,,,List,,,,,,Renewable,,false,,,,,,,
,,,,,e58637df-2079-4abf-b08a-9991d9ef58fd,false,,mooverTest2,,,Default,One per quote line,,,,Quantity,,false,,,,,,,,,,false,,,false,,,1.0,false,,,,false,false,false,false,,false,false,false,false,false,false,false,false,,Click,false,false,,false,List,,true,,false,,,,List,,,,,,Renewable,,false,,,,,,,
,,,,,e58637df-2079-4abf-b08a-9991d9ef58fd,false,,mooverTest2,,,Default,One per quote line,,,,Quantity,,false,,,,,,,,,,false,,,false,,,1.0,false,,,,false,false,false,false,,false,false,false,false,false,false,false,false,,Click,false,false,,false,List,,true,,false,,,,List,,,,,,Renewable,,false,,,,,,,
,,,,,e58637df-2079-4abf-b08a-9991d9ef58fd,false,,mooverTest2,,,Default,One per quote line,,,,Quantity,,false,,,,,,,,,,false,,,false,,,1.0,false,,,,false,false,false,false,,false,false,false,false,false,false,false,false,,Click,false,false,,false,List,,true,,false,,,,List,,,,,,Renewable,,false,,,,,,,
,,,,,e58637df-2079-4abf-b08a-9991d9ef58fd,false,,mooverTest2,,,Default,One per quote line,,,,Quantity,,false,,,,,,,,,,false,,,false,,,1.0,false,,,,false,false,false,false,,false,false,false,false,false,false,false,false,,Click,false,false,,false,List,,true,,false,,,,List,,,,,,Renewable,,false,,,,,,,
,,,,,e58637df-2079-4abf-b08a-9991d9ef58fd,false,,mooverTest2,,,Default,One per quote line,,,,Quantity,,false,,,,,,,,,,false,,,false,,,1.0,false,,,,false,false,false,false,,false,false,false,false,false,false,false,false,,Click,false,false,,false,List,,true,,false,,,,List,,,,,,Renewable,,false,,,,,,,
,,,,,e58637df-2079-4abf-b08a-9991d9ef58fd,false,,mooverTest2,,,Default,One per quote line,,,,Quantity,,false,,,,,,,,,,false,,,false,,,1.0,false,,,,false,false,false,false,,false,false,false,false,false,false,false,false,,Click,false,false,,false,List,,true,,false,,,,List,,,,,,Renewable,,false,,,,,,,
,,,,,e58637df-2079-4abf-b08a-9991d9ef58fd,false,,mooverTest2,,,Default,One per quote line,,,,Quantity,,false,,,,,,,,,,false,,,false,,,1.0,false,,,,false,false,false,false,,false,false,false,false,false,false,false,false,,Click,false,false,,false,List,,true,,false,,,,List,,,,,,Renewable,,false,,,,,,,
,,,,,e58637df-2079-4abf-b08a-9991d9ef58fd,false,,mooverTest2,,,Default,One per quote line,,,,Quantity,,false,,,,,,,,,,false,,,false,,,1.0,false,,,,false,false,false,false,,false,false,false,false,false,false,false,false,,Click,false,false,,false,List,,true,,false,,,,List,,,,,,Renewable,,false,,,,,,,
,,,,,e58637df-2079-4abf-b08a-9991d9ef58fd,false,,mooverTest2,,,Default,One per quote line,,,,Quantity,,false,,,,,,,,,,false,,,false,,,1.0,false,,,,false,false,false,false,,false,false,false,false,false,false,false,false,,Click,false,false,,false,List,,true,,false,,,,List,,,,,,Renewable,,false,,,,,,,
,,,,,e58637df-2079-4abf-b08a-9991d9ef58fd,false,,mooverTest2,,,Default,One per quote line,,,,Quantity,,false,,,,,,,,,,false,,,false,,,1.0,false,,,,false,false,false,false,,false,false,false,false,false,false,false,false,,Click,false,false,,false,List,,true,,false,,,,List,,,,,,Renewable,,false,,,,,,,
,,,,,e58637df-2079-4abf-b08a-9991d9ef58fd,false,,mooverTest2,,,Default,One per quote line,,,,Quantity,,false,,,,,,,,,,false,,,false,,,1.0,false,,,,false,false,false,false,,false,false,false,false,false,false,false,false,,Click,false,false,,false,List,,true,,false,,,,List,,,,,,Renewable,,false,,,,,,,
,,,,,e58637df-2079-4abf-b08a-9991d9ef58fd,false,,mooverTest2,,,Default,One per quote line,,,,Quantity,,false,,,,,,,,,,false,,,false,,,1.0,false,,,,false,false,false,false,,false,false,false,false,false,false,false,false,,Click,false,false,,false,List,,true,,false,,,,List,,,,,,Renewable,,false,,,,,,,
,,,,,e58637df-2079-4abf-b08a-9991d9ef58fd,false,,mooverTest2,,,Default,One per quote line,,,,Quantity,,false,,,,,,,,,,false,,,false,,,1.0,false,,,,false,false,false,false,,false,false,false,false,false,false,false,false,,Click,false,false,,false,List,,true,,false,,,,List,,,,,,Renewable,,false,,,,,,,
,,,,,e58637df-2079-4abf-b08a-9991d9ef58fd,false,,mooverTest2,,,Default,One per quote line,,,,Quantity,,false,,,,,,,,,,false,,,false,,,1.0,false,,,,false,false,false,false,,false,false,false,false,false,false,false,false,,Click,false,false,,false,List,,true,,false,,,,List,,,,,,Renewable,,false,,,,,,,
,,,,,e58637df-2079-4abf-b08a-9991d9ef58fd,false,,mooverTest2,,,Default,One per quote line,,,,Quantity,,false,,,,,,,,,,false,,,false,,,1.0,false,,,,false,false,false,false,,false,false,false,false,false,false,false,false,,Click,false,false,,false,List,,true,,false,,,,List,,,,,,Renewable,,false,,,,,,,
,,,,,e58637df-2079-4abf-b08a-9991d9ef58fd,false,,mooverTest2,,,Default,One per quote line,,,,Quantity,,false,,,,,,,,,,false,,,false,,,1.0,false,,,,false,false,false,false,,false,false,false,false,false,false,false,false,,Click,false,false,,false,List,,true,,false,,,,List,,,,,,Renewable,,false,,,,,,,
,,,,,e58637df-2079-4abf-b08a-9991d9ef58fd,false,,mooverTest2,,,Default,One per quote line,,,,Quantity,,false,,,,,,,,,,false,,,false,,,1.0,false,,,,false,false,false,false,,false,false,false,false,false,false,false,false,,Click,false,false,,false,List,,true,,false,,,,List,,,,,,Renewable,,false,,,,,,,
,,,,,e58637df-2079-4abf-b08a-9991d9ef58fd,false,,mooverTest2,,,Default,One per quote line,,,,Quantity,,false,,,,,,,,,,false,,,false,,,1.0,false,,,,false,false,false,false,,false,false,false,false,false,false,false,false,,Click,false,false,,false,List,,true,,false,,,,List,,,,,,Renewable,,false,,,,,,,
,,,,,e58637df-2079-4abf-b08a-9991d9ef58fd,false,,mooverTest2,,,Default,One per quote line,,,,Quantity,,false,,,,,,,,,,false,,,false,,,1.0,false,,,,false,false,false,false,,false,false,false,false,false,false,false,false,,Click,false,false,,false,List,,true,,false,,,,List,,,,,,Renewable,,false,,,,,,,
,,,,,e58637df-2079-4abf-b08a-9991d9ef58fd,false,,mooverTest2,,,Default,One per quote line,,,,Quantity,,false,,,,,,,,,,false,,,false,,,1.0,false,,,,false,false,false,false,,false,false,false,false,false,false,false,false,,Click,false,false,,false,List,,true,,false,,,,List,,,,,,Renewable,,false,,,,,,,
,,,,,e58637df-2079-4abf-b08a-9991d9ef58fd,false,,mooverTest2,,,Default,One per quote line,,,,Quantity,,false,,,,,,,,,,false,,,false,,,1.0,false,,,,false,false,false,false,,false,false,false,false,false,false,false,false,,Click,false,false,,false,List,,true,,false,,,,List,,,,,,Renewable,,false,,,,,,,
,,,,,e58637df-2079-4abf-b08a-9991d9ef58fd,false,,mooverTest2,,,Default,One per quote line,,,,Quantity,,false,,,,,,,,,,false,,,false,,,1.0,false,,,,false,false,false,false,,false,false,false,false,false,false,false,false,,Click,false,false,,false,List,,true,,false,,,,List,,,,,,Renewable,,false,,,,,,,
,,,,,e58637df-2079-4abf-b08a-9991d9ef58fd,false,,mooverTest2,,,Default,One per quote line,,,,Quantity,,false,,,,,,,,,,false,,,false,,,1.0,false,,,,false,false,false,false,,false,false,false,false,false,false,false,false,,Click,false,false,,false,List,,true,,false,,,,List,,,,,,Renewable,,false,,,,,,,
,,,,,e58637df-2079-4abf-b08a-9991d9ef58fd,false,,mooverTest2,,,Default,One per quote line,,,,Quantity,,false,,,,,,,,,,false,,,false,,,1.0,false,,,,false,false,false,false,,false,false,false,false,false,false,false,false,,Click,false,false,,false,List,,true,,false,,,,List,,,,,,Renewable,,false,,,,,,,
,,,,,e58637df-2079-4abf-b08a-9991d9ef58fd,false,,mooverTest2,,,Default,One per quote line,,,,Quantity,,false,,,,,,,,,,false,,,false,,,1.0,false,,,,false,false,false,false,,false,false,false,false,false,false,false,false,,Click,false,false,,false,List,,true,,false,,,,List,,,,,,Renewable,,false,,,,,,,
,,,,,e58637df-2079-4abf-b08a-9991d9ef58fd,false,,mooverTest2,,,Default,One per quote line,,,,Quantity,,false,,,,,,,,,,false,,,false,,,1.0,false,,,,false,false,false,false,,false,false,false,false,false,false,false,false,,Click,false,false,,false,List,,true,,false,,,,List,,,,,,Renewable,,false,,,,,,,
,,,,,e58637df-2079-4abf-b08a-9991d9ef58fd,false,,mooverTest2,,,Default,One per quote line,,,,Quantity,,false,,,,,,,,,,false,,,false,,,1.0,false,,,,false,false,false,false,,false,false,false,false,false,false,false,false,,Click,false,false,,false,List,,true,,false,,,,List,,,,,,Renewable,,false,,,,,,,
,,,,,e58637df-2079-4abf-b08a-9991d9ef58fd,false,,mooverTest2,,,Default,One per quote line,,,,Quantity,,false,,,,,,,,,,false,,,false,,,1.0,false,,,,false,false,false,false,,false,false,false,false,false,false,false,false,,Click,false,false,,false,List,,true,,false,,,,List,,,,,,Renewable,,false,,,,,,,
,,,,,e58637df-2079-4abf-b08a-9991d9ef58fd,false,,mooverTest2,,,Default,One per quote line,,,,Quantity,,false,,,,,,,,,,false,,,false,,,1.0,false,,,,false,false,false,false,,false,false,false,false,false,false,false,false,,Click,false,false,,false,List,,true,,false,,,,List,,,,,,Renewable,,false,,,,,,,
,,,,,e58637df-2079-4abf-b08a-9991d9ef58fd,false,,mooverTest2,,,Default,One per quote line,,,,Quantity,,false,,,,,,,,,,false,,,false,,,1.0,false,,,,false,false,false,false,,false,false,false,false,false,false,false,false,,Click,false,false,,false,List,,true,,false,,,,List,,,,,,Renewable,,false,,,,,,,
,,,,,e58637df-2079-4abf-b08a-9991d9ef58fd,false,,mooverTest2,,,Default,One per quote line,,,,Quantity,,false,,,,,,,,,,false,,,false,,,1.0,false,,,,false,false,false,false,,false,false,false,false,false,false,false,false,,Click,false,false,,false,List,,true,,false,,,,List,,,,,,Renewable,,false,,,,,,,
,,,,,e58637df-2079-4abf-b08a-9991d9ef58fd,false,,mooverTest2,,,Default,One per quote line,,,,Quantity,,false,,,,,,,,,,false,,,false,,,1.0,false,,,,false,false,false,false,,false,false,false,false,false,false,false,false,,Click,false,false,,false,List,,true,,false,,,,List,,,,,,Renewable,,false,,,,,,,
,,,,,e58637df-2079-4abf-b08a-9991d9ef58fd,false,,mooverTest2,,,Default,One per quote line,,,,Quantity,,false,,,,,,,,,,false,,,false,,,1.0,false,,,,false,false,false,false,,false,false,false,false,false,false,false,false,,Click,false,false,,false,List,,true,,false,,,,List,,,,,,Renewable,,false,,,,,,,
,,,,,5af54c94-d303-4ab4-9004-64f8d3d6a123,false,,iTravel® | Additional Language,,,Default,One per quote line,,,,Quantity,,false,,,,,,,,,,false,,,false,,,1.0,false,,,,false,false,false,false,,false,false,false,false,false,false,false,false,,Click,false,false,,false,List,,true,,false,,,,List,,,,,,Renewable,,false,,,,,,,
,,,,,5af54c94-d303-4ab4-9004-64f8d3d6a123,false,,iTravel® | Additional Language,,,Default,One per quote line,,,,Quantity,,false,,,,,,,,,,false,,,false,,,1.0,false,,,,false,false,false,false,,false,false,false,false,false,false,false,false,,Click,false,false,,false,List,,true,,false,,,,List,,,,,,Renewable,,false,,,,,,,
,,,,,5af54c94-d303-4ab4-9004-64f8d3d6a123,false,,iTravel® | Additional Language,,,Default,One per quote line,,,,Quantity,,false,,,,,,,,,,false,,,false,,,1.0,false,,,,false,false,false,false,,false,false,false,false,false,false,false,false,,Click,false,false,,false,List,,true,,false,,,,List,,,,,,Renewable,,false,,,,,,,
,,,,,5af54c94-d303-4ab4-9004-64f8d3d6a123,false,,iTravel® | Additional Language,,,Default,One per quote line,,,,Quantity,,false,,,,,,,,,,false,,,false,,,1.0,false,,,,false,false,false,false,,false,false,false,false,false,false,false,false,,Click,false,false,,false,List,,true,,false,,,,List,,,,,,Renewable,,false,,,,,,,
,,,,,5af54c94-d303-4ab4-9004-64f8d3d6a123,false,,iTravel® | Additional Language,,,Default,One per quote line,,,,Quantity,,false,,,,,,,,,,false,,,false,,,1.0,false,,,,false,false,false,false,,false,false,false,false,false,false,false,false,,Click,false,false,,false,List,,true,,false,,,,List,,,,,,Renewable,,false,,,,,,,
,,,,,5af54c94-d303-4ab4-9004-64f8d3d6a123,false,,iTravel® | Additional Language,,,Default,One per quote line,,,,Quantity,,false,,,,,,,,,,false,,,false,,,1.0,false,,,,false,false,false,false,,false,false,false,false,false,false,false,false,,Click,false,false,,false,List,,true,,false,,,,List,,,,,,Renewable,,false,,,,,,,
,,,,,5af54c94-d303-4ab4-9004-64f8d3d6a123,false,,iTravel® | Additional Language,,,Default,One per quote line,,,,Quantity,,false,,,,,,,,,,false,,,false,,,1.0,false,,,,false,false,false,false,,false,false,false,false,false,false,false,false,,Click,false,false,,false,List,,true,,false,,,,List,,,,,,Renewable,,false,,,,,,,
,,,,,5af54c94-d303-4ab4-9004-64f8d3d6a123,false,,iTravel® | Additional Language,,,Default,One per quote line,,,,Quantity,,false,,,,,,,,,,false,,,false,,,1.0,false,,,,false,false,false,false,,false,false,false,false,false,false,false,false,,Click,false,false,,false,List,,true,,false,,,,List,,,,,,Renewable,,false,,,,,,,
,,,,,5af54c94-d303-4ab4-9004-64f8d3d6a123,false,,iTravel® | Additional Language,,,Default,One per quote line,,,,Quantity,,false,,,,,,,,,,false,,,false,,,1.0,false,,,,false,false,false,false,,false,false,false,false,false,false,false,false,,Click,false,false,,false,List,,true,,false,,,,List,,,,,,Renewable,,false,,,,,,,
,,,,,5af54c94-d303-4ab4-9004-64f8d3d6a123,false,,iTravel® | Additional Language,,,Default,One per quote line,,,,Quantity,,false,,,,,,,,,,false,,,false,,,1.0,false,,,,false,false,false,false,,false,false,false,false,false,false,false,false,,Click,false,false,,false,List,,true,,false,,,,List,,,,,,Renewable,,false,,,,,,,
,,,,,5af54c94-d303-4ab4-9004-64f8d3d6a123,false,,iTravel® | Additional Language,,,Default,One per quote line,,,,Quantity,,false,,,,,,,,,,false,,,false,,,1.0,false,,,,false,false,false,false,,false,false,false,false,false,false,false,false,,Click,false,false,,false,List,,true,,false,,,,List,,,,,,Renewable,,false,,,,,,,
,,,,,5af54c94-d303-4ab4-9004-64f8d3d6a123,false,,iTravel® | Additional Language,,,Default,One per quote line,,,,Quantity,,false,,,,,,,,,,false,,,false,,,1.0,false,,,,false,false,false,false,,false,false,false,false,false,false,false,false,,Click,false,false,,false,List,,true,,false,,,,List,,,,,,Renewable,,false,,,,,,,
,,,,,5af54c94-d303-4ab4-9004-64f8d3d6a123,false,,iTravel® | Additional Language,,,Default,One per quote line,,,,Quantity,,false,,,,,,,,,,false,,,false,,,1.0,false,,,,false,false,false,false,,false,false,false,false,false,false,false,false,,Click,false,false,,false,List,,true,,false,,,,List,,,,,,Renewable,,false,,,,,,,
,,,,,5af54c94-d303-4ab4-9004-64f8d3d6a123,false,,iTravel® | Additional Language,,,Default,One per quote line,,,,Quantity,,false,,,,,,,,,,false,,,false,,,1.0,false,,,,false,false,false,false,,false,false,false,false,false,false,false,false,,Click,false,false,,false,List,,true,,false,,,,List,,,,,,Renewable,,false,,,,,,,
,,,,,5af54c94-d303-4ab4-9004-64f8d3d6a123,false,,iTravel® | Additional Language,,,Default,One per quote line,,,,Quantity,,false,,,,,,,,,,false,,,false,,,1.0,false,,,,false,false,false,false,,false,false,false,false,false,false,false,false,,Click,false,false,,false,List,,true,,false,,,,List,,,,,,Renewable,,false,,,,,,,
,,,,,5af54c94-d303-4ab4-9004-64f8d3d6a123,false,,iTravel® | Additional Language,,,Default,One per quote line,,,,Quantity,,false,,,,,,,,,,false,,,false,,,1.0,false,,,,false,false,false,false,,false,false,false,false,false,false,false,false,,Click,false,false,,false,List,,true,,false,,,,List,,,,,,Renewable,,false,,,,,,,
,,,,,5af54c94-d303-4ab4-9004-64f8d3d6a123,false,,iTravel® | Additional Language,,,Default,One per quote line,,,,Quantity,,false,,,,,,,,,,false,,,false,,,1.0,false,,,,false,false,false,false,,false,false,false,false,false,false,false,false,,Click,false,false,,false,List,,true,,false,,,,List,,,,,,Renewable,,false,,,,,,,
,,,,,5af54c94-d303-4ab4-9004-64f8d3d6a123,false,,iTravel® | Additional Language,,,Default,One per quote line,,,,Quantity,,false,,,,,,,,,,false,,,false,,,1.0,false,,,,false,false,false,false,,false,false,false,false,false,false,false,false,,Click,false,false,,false,List,,true,,false,,,,List,,,,,,Renewable,,false,,,,,,,
,,,,,5af54c94-d303-4ab4-9004-64f8d3d6a123,false,,iTravel® | Additional Language,,,Default,One per quote line,,,,Quantity,,false,,,,,,,,,,false,,,false,,,1.0,false,,,,false,false,false,false,,false,false,false,false,false,false,false,false,,Click,false,false,,false,List,,true,,false,,,,List,,,,,,Renewable,,false,,,,,,,
,,,,,5af54c94-d303-4ab4-9004-64f8d3d6a123,false,,iTravel® | Additional Language,,,Default,One per quote line,,,,Quantity,,false,,,,,,,,,,false,,,false,,,1.0,false,,,,false,false,false,false,,false,false,false,false,false,false,false,false,,Click,false,false,,false,List,,true,,false,,,,List,,,,,,Renewable,,false,,,,,,,
,,,,,5af54c94-d303-4ab4-9004-64f8d3d6a123,false,,iTravel® | Additional Language,,,Default,One per quote line,,,,Quantity,,false,,,,,,,,,,false,,,false,,,1.0,false,,,,false,false,false,false,,false,false,false,false,false,false,false,false,,Click,false,false,,false,List,,true,,false,,,,List,,,,,,Renewable,,false,,,,,,,
,,,,,5af54c94-d303-4ab4-9004-64f8d3d6a123,false,,iTravel® | Additional Language,,,Default,One per quote line,,,,Quantity,,false,,,,,,,,,,false,,,false,,,1.0,false,,,,false,false,false,false,,false,false,false,false,false,false,false,false,,Click,false,false,,false,List,,true,,false,,,,List,,,,,,Renewable,,false,,,,,,,
,,,,,5af54c94-d303-4ab4-9004-64f8d3d6a123,false,,iTravel® | Additional Language,,,Default,One per quote line,,,,Quantity,,false,,,,,,,,,,false,,,false,,,1.0,false,,,,false,false,false,false,,false,false,false,false,false,false,false,false,,Click,false,false,,false,List,,true,,false,,,,List,,,,,,Renewable,,false,,,,,,,
,,,,,5af54c94-d303-4ab4-9004-64f8d3d6a123,false,,iTravel® | Additional Language,,,Default,One per quote line,,,,Quantity,,false,,,,,,,,,,false,,,false,,,1.0,false,,,,false,false,false,false,,false,false,false,false,false,false,false,false,,Click,false,false,,false,List,,true,,false,,,,List,,,,,,Renewable,,false,,,,,,,
,,,,,5af54c94-d303-4ab4-9004-64f8d3d6a123,false,,iTravel® | Additional Language,,,Default,One per quote line,,,,Quantity,,false,,,,,,,,,,false,,,false,,,1.0,false,,,,false,false,false,false,,false,false,false,false,false,false,false,false,,Click,false,false,,false,List,,true,,false,,,,List,,,,,,Renewable,,false,,,,,,,
,,,,,5af54c94-d303-4ab4-9004-64f8d3d6a123,false,,iTravel® | Additional Language,,,Default,One per quote line,,,,Quantity,,false,,,,,,,,,,false,,,false,,,1.0,false,,,,false,false,false,false,,false,false,false,false,false,false,false,false,,Click,false,false,,false,List,,true,,false,,,,List,,,,,,Renewable,,false,,,,,,,
,,,,,5af54c94-d303-4ab4-9004-64f8d3d6a123,false,,iTravel® | Additional Language,,,Default,One per quote line,,,,Quantity,,false,,,,,,,,,,false,,,false,,,1.0,false,,,,false,false,false,false,,false,false,false,false,false,false,false,false,,Click,false,false,,false,List,,true,,false,,,,List,,,,,,Renewable,,false,,,,,,,
,,,,,5af54c94-d303-4ab4-9004-64f8d3d6a123,false,,iTravel® | Additional Language,,,Default,One per quote line,,,,Quantity,,false,,,,,,,,,,false,,,false,,,1.0,false,,,,false,false,false,false,,false,false,false,false,false,false,false,false,,Click,false,false,,false,List,,true,,false,,,,List,,,,,,Renewable,,false,,,,,,,
,,,,,5af54c94-d303-4ab4-9004-64f8d3d6a123,false,,iTravel® | Additional Language,,,Default,One per quote line,,,,Quantity,,false,,,,,,,,,,false,,,false,,,1.0,false,,,,false,false,false,false,,false,false,false,false,false,false,false,false,,Click,false,false,,false,List,,true,,false,,,,List,,,,,,Renewable,,false,,,,,,,
,,,,,5af54c94-d303-4ab4-9004-64f8d3d6a123,false,,iTravel® | Additional Language,,,Default,One per quote line,,,,Quantity,,false,,,,,,,,,,false,,,false,,,1.0,false,,,,false,false,false,false,,false,false,false,false,false,false,false,false,,Click,false,false,,false,List,,true,,false,,,,List,,,,,,Renewable,,false,,,,,,,
,,,,,5af54c94-d303-4ab4-9004-64f8d3d6a123,false,,iTravel® | Additional Language,,,Default,One per quote line,,,,Quantity,,false,,,,,,,,,,false,,,false,,,1.0,false,,,,false,false,false,false,,false,false,false,false,false,false,false,false,,Click,false,false,,false,List,,true,,false,,,,List,,,,,,Renewable,,false,,,,,,,
,,,,,5af54c94-d303-4ab4-9004-64f8d3d6a123,false,,iTravel® | Additional Language,,,Default,One per quote line,,,,Quantity,,false,,,,,,,,,,false,,,false,,,1.0,false,,,,false,false,false,false,,false,false,false,false,false,false,false,false,,Click,false,false,,false,List,,true,,false,,,,List,,,,,,Renewable,,false,,,,,,,
,,,,,5af54c94-d303-4ab4-9004-64f8d3d6a123,false,,iTravel® | Additional Language,,,Default,One per quote line,,,,Quantity,,false,,,,,,,,,,false,,,false,,,1.0,false,,,,false,false,false,false,,false,false,false,false,false,false,false,false,,Click,false,false,,false,List,,true,,false,,,,List,,,,,,Renewable,,false,,,,,,,
,,,,,5af54c94-d303-4ab4-9004-64f8d3d6a123,false,,iTravel® | Additional Language,,,Default,One per quote line,,,,Quantity,,false,,,,,,,,,,false,,,false,,,1.0,false,,,,false,false,false,false,,false,false,false,false,false,false,false,false,,Click,false,false,,false,List,,true,,false,,,,List,,,,,,Renewable,,false,,,,,,,
,,,,,5af54c94-d303-4ab4-9004-64f8d3d6a123,false,,iTravel® | Additional Language,,,Default,One per quote line,,,,Quantity,,false,,,,,,,,,,false,,,false,,,1.0,false,,,,false,false,false,false,,false,false,false,false,false,false,false,false,,Click,false,false,,false,List,,true,,false,,,,List,,,,,,Renewable,,false,,,,,,,
,,,,,5af54c94-d303-4ab4-9004-64f8d3d6a123,false,,iTravel® | Additional Language,,,Default,One per quote line,,,,Quantity,,false,,,,,,,,,,false,,,false,,,1.0,false,,,,false,false,false,false,,false,false,false,false,false,false,false,false,,Click,false,false,,false,List,,true,,false,,,,List,,,,,,Renewable,,false,,,,,,,
,,,,,5af54c94-d303-4ab4-9004-64f8d3d6a123,false,,iTravel® | Additional Language,,,Default,One per quote line,,,,Quantity,,false,,,,,,,,,,false,,,false,,,1.0,false,,,,false,false,false,false,,false,false,false,false,false,false,false,false,,Click,false,false,,false,List,,true,,false,,,,List,,,,,,Renewable,,false,,,,,,,
,,,,,5af54c94-d303-4ab4-9004-64f8d3d6a123,false,,iTravel® | Additional Language,,,Default,One per quote line,,,,Quantity,,false,,,,,,,,,,false,,,false,,,1.0,false,,,,false,false,false,false,,false,false,false,false,false,false,false,false,,Click,false,false,,false,List,,true,,false,,,,List,,,,,,Renewable,,false,,,,,,,
,,,,,5af54c94-d303-4ab4-9004-64f8d3d6a123,false,,iTravel® | Additional Language,,,Default,One per quote line,,,,Quantity,,false,,,,,,,,,,false,,,false,,,1.0,false,,,,false,false,false,false,,false,false,false,false,false,false,false,false,,Click,false,false,,false,List,,true,,false,,,,List,,,,,,Renewable,,false,,,,,,,
,,,,,5af54c94-d303-4ab4-9004-64f8d3d6a123,false,,iTravel® | Additional Language,,,Default,One per quote line,,,,Quantity,,false,,,,,,,,,,false,,,false,,,1.0,false,,,,false,false,false,false,,false,false,false,false,false,false,false,false,,Click,false,false,,false,List,,true,,false,,,,List,,,,,,Renewable,,false,,,,,,,
,,,,,5af54c94-d303-4ab4-9004-64f8d3d6a123,false,,iTravel® | Additional Language,,,Default,One per quote line,,,,Quantity,,false,,,,,,,,,,false,,,false,,,1.0,false,,,,false,false,false,false,,false,false,false,false,false,false,false,false,,Click,false,false,,false,List,,true,,false,,,,List,,,,,,Renewable,,false,,,,,,,
,,,,,5af54c94-d303-4ab4-9004-64f8d3d6a123,false,,iTravel® | Additional Language,,,Default,One per quote line,,,,Quantity,,false,,,,,,,,,,false,,,false,,,1.0,false,,,,false,false,false,false,,false,false,false,false,false,false,false,false,,Click,false,false,,false,List,,true,,false,,,,List,,,,,,Renewable,,false,,,,,,,
,,,,,5af54c94-d303-4ab4-9004-64f8d3d6a123,false,,iTravel® | Additional Language,,,Default,One per quote line,,,,Quantity,,false,,,,,,,,,,false,,,false,,,1.0,false,,,,false,false,false,false,,false,false,false,false,false,false,false,false,,Click,false,false,,false,List,,true,,false,,,,List,,,,,,Renewable,,false,,,,,,,
,,,,,5af54c94-d303-4ab4-9004-64f8d3d6a123,false,,iTravel® | Additional Language,,,Default,One per quote line,,,,Quantity,,false,,,,,,,,,,false,,,false,,,1.0,false,,,,false,false,false,false,,false,false,false,false,false,false,false,false,,Click,false,false,,false,List,,true,,false,,,,List,,,,,,Renewable,,false,,,,,,,
,,,,,5af54c94-d303-4ab4-9004-64f8d3d6a123,false,,iTravel® | Additional Language,,,Default,One per quote line,,,,Quantity,,false,,,,,,,,,,false,,,false,,,1.0,false,,,,false,false,false,false,,false,false,false,false,false,false,false,false,,Click,false,false,,false,List,,true,,false,,,,List,,,,,,Renewable,,false,,,,,,,
,,,,,5af54c94-d303-4ab4-9004-64f8d3d6a123,false,,iTravel® | Additional Language,,,Default,One per quote line,,,,Quantity,,false,,,,,,,,,,false,,,false,,,1.0,false,,,,false,false,false,false,,false,false,false,false,false,false,false,false,,Click,false,false,,false,List,,true,,false,,,,List,,,,,,Renewable,,false,,,,,,,
,,,,,5af54c94-d303-4ab4-9004-64f8d3d6a123,false,,iTravel® | Additional Language,,,Default,One per quote line,,,,Quantity,,false,,,,,,,,,,false,,,false,,,1.0,false,,,,false,false,false,false,,false,false,false,false,false,false,false,false,,Click,false,false,,false,List,,true,,false,,,,List,,,,,,Renewable,,false,,,,,,,
,,,,,5af54c94-d303-4ab4-9004-64f8d3d6a123,false,,iTravel® | Additional Language,,,Default,One per quote line,,,,Quantity,,false,,,,,,,,,,false,,,false,,,1.0,false,,,,false,false,false,false,,false,false,false,false,false,false,false,false,,Click,false,false,,false,List,,true,,false,,,,List,,,,,,Renewable,,false,,,,,,,
,,,,,5af54c94-d303-4ab4-9004-64f8d3d6a123,false,,iTravel® | Additional Language,,,Default,One per quote line,,,,Quantity,,false,,,,,,,,,,false,,,false,,,1.0,false,,,,false,false,false,false,,false,false,false,false,false,false,false,false,,Click,false,false,,false,List,,true,,false,,,,List,,,,,,Renewable,,false,,,,,,,
,,,,,ca4583ab-de0f-4eac-b171-4ddbf616d80d,true,,Everything Plan,,,Default,One per quote line,,,,Quantity,,false,,,,,,,,,,false,,,false,,,1.0,false,,,,false,false,false,false,,false,false,false,false,false,false,false,false,,Click,false,false,,false,List,,true,,false,,,,List,,,Fixed Price,,12.0,Renewable,,false,,,,,,,
,,,,,ca4583ab-de0f-4eac-b171-4ddbf616d80d,true,,Everything Plan,,,Default,One per quote line,,,,Quantity,,false,,,,,,,,,,false,,,false,,,1.0,false,,,,false,false,false,false,,false,false,false,false,false,false,false,false,,Click,false,false,,false,List,,true,,false,,,,List,,,Fixed Price,,12.0,Renewable,,false,,,,,,,
,,,,,ca4583ab-de0f-4eac-b171-4ddbf616d80d,true,,Everything Plan,,,Default,One per quote line,,,,Quantity,,false,,,,,,,,,,false,,,false,,,1.0,false,,,,false,false,false,false,,false,false,false,false,false,false,false,false,,Click,false,false,,false,List,,true,,false,,,,List,,,Fixed Price,,12.0,Renewable,,false,,,,,,,
,,,,,ca4583ab-de0f-4eac-b171-4ddbf616d80d,true,,Everything Plan,,,Default,One per quote line,,,,Quantity,,false,,,,,,,,,,false,,,false,,,1.0,false,,,,false,false,false,false,,false,false,false,false,false,false,false,false,,Click,false,false,,false,List,,true,,false,,,,List,,,Fixed Price,,12.0,Renewable,,false,,,,,,,
,,,,,ca4583ab-de0f-4eac-b171-4ddbf616d80d,true,,Everything Plan,,,Default,One per quote line,,,,Quantity,,false,,,,,,,,,,false,,,false,,,1.0,false,,,,false,false,false,false,,false,false,false,false,false,false,false,false,,Click,false,false,,false,List,,true,,false,,,,List,,,Fixed Price,,12.0,Renewable,,false,,,,,,,
,,,,,ca4583ab-de0f-4eac-b171-4ddbf616d80d,true,,Everything Plan,,,Default,One per quote line,,,,Quantity,,false,,,,,,,,,,false,,,false,,,1.0,false,,,,false,false,false,false,,false,false,false,false,false,false,false,false,,Click,false,false,,false,List,,true,,false,,,,List,,,Fixed Price,,12.0,Renewable,,false,,,,,,,
,,,,,ca4583ab-de0f-4eac-b171-4ddbf616d80d,true,,Everything Plan,,,Default,One per quote line,,,,Quantity,,false,,,,,,,,,,false,,,false,,,1.0,false,,,,false,false,false,false,,false,false,false,false,false,false,false,false,,Click,false,false,,false,List,,true,,false,,,,List,,,Fixed Price,,12.0,Renewable,,false,,,,,,,
,,,,,ca4583ab-de0f-4eac-b171-4ddbf616d80d,true,,Everything Plan,,,Default,One per quote line,,,,Quantity,,false,,,,,,,,,,false,,,false,,,1.0,false,,,,false,false,false,false,,false,false,false,false,false,false,false,false,,Click,false,false,,false,List,,true,,false,,,,List,,,Fixed Price,,12.0,Renewable,,false,,,,,,,
,,,,,ca4583ab-de0f-4eac-b171-4ddbf616d80d,true,,Everything Plan,,,Default,One per quote line,,,,Quantity,,false,,,,,,,,,,false,,,false,,,1.0,false,,,,false,false,false,false,,false,false,false,false,false,false,false,false,,Click,false,false,,false,List,,true,,false,,,,List,,,Fixed Price,,12.0,Renewable,,false,,,,,,,
,,,,,ca4583ab-de0f-4eac-b171-4ddbf616d80d,true,,Everything Plan,,,Default,One per quote line,,,,Quantity,,false,,,,,,,,,,false,,,false,,,1.0,false,,,,false,false,false,false,,false,false,false,false,false,false,false,false,,Click,false,false,,false,List,,true,,false,,,,List,,,Fixed Price,,12.0,Renewable,,false,,,,,,,
,,,,,ca4583ab-de0f-4eac-b171-4ddbf616d80d,true,,Everything Plan,,,Default,One per quote line,,,,Quantity,,false,,,,,,,,,,false,,,false,,,1.0,false,,,,false,false,false,false,,false,false,false,false,false,false,false,false,,Click,false,false,,false,List,,true,,false,,,,List,,,Fixed Price,,12.0,Renewable,,false,,,,,,,
,,,,,ca4583ab-de0f-4eac-b171-4ddbf616d80d,true,,Everything Plan,,,Default,One per quote line,,,,Quantity,,false,,,,,,,,,,false,,,false,,,1.0,false,,,,false,false,false,false,,false,false,false,false,false,false,false,false,,Click,false,false,,false,List,,true,,false,,,,List,,,Fixed Price,,12.0,Renewable,,false,,,,,,,
,,,,,ca4583ab-de0f-4eac-b171-4ddbf616d80d,true,,Everything Plan,,,Default,One per quote line,,,,Quantity,,false,,,,,,,,,,false,,,false,,,1.0,false,,,,false,false,false,false,,false,false,false,false,false,false,false,false,,Click,false,false,,false,List,,true,,false,,,,List,,,Fixed Price,,12.0,Renewable,,false,,,,,,,
,,,,,ca4583ab-de0f-4eac-b171-4ddbf616d80d,true,,Everything Plan,,,Default,One per quote line,,,,Quantity,,false,,,,,,,,,,false,,,false,,,1.0,false,,,,false,false,false,false,,false,false,false,false,false,false,false,false,,Click,false,false,,false,List,,true,,false,,,,List,,,Fixed Price,,12.0,Renewable,,false,,,,,,,
,,,,,ca4583ab-de0f-4eac-b171-4ddbf616d80d,true,,Everything Plan,,,Default,One per quote line,,,,Quantity,,false,,,,,,,,,,false,,,false,,,1.0,false,,,,false,false,false,false,,false,false,false,false,false,false,false,false,,Click,false,false,,false,List,,true,,false,,,,List,,,Fixed Price,,12.0,Renewable,,false,,,,,,,
,,,,,ca4583ab-de0f-4eac-b171-4ddbf616d80d,true,,Everything Plan,,,Default,One per quote line,,,,Quantity,,false,,,,,,,,,,false,,,false,,,1.0,false,,,,false,false,false,false,,false,false,false,false,false,false,false,false,,Click,false,false,,false,List,,true,,false,,,,List,,,Fixed Price,,12.0,Renewable,,false,,,,,,,
,,,,,ca4583ab-de0f-4eac-b171-4ddbf616d80d,true,,Everything Plan,,,Default,One per quote line,,,,Quantity,,false,,,,,,,,,,false,,,false,,,1.0,false,,,,false,false,false,false,,false,false,false,false,false,false,false,false,,Click,false,false,,false,List,,true,,false,,,,List,,,Fixed Price,,12.0,Renewable,,false,,,,,,,
,,,,,ca4583ab-de0f-4eac-b171-4ddbf616d80d,true,,Everything Plan,,,Default,One per quote line,,,,Quantity,,false,,,,,,,,,,false,,,false,,,1.0,false,,,,false,false,false,false,,false,false,false,false,false,false,false,false,,Click,false,false,,false,List,,true,,false,,,,List,,,Fixed Price,,12.0,Renewable,,false,,,,,,,
,,,,,ca4583ab-de0f-4eac-b171-4ddbf616d80d,true,,Everything Plan,,,Default,One per quote line,,,,Quantity,,false,,,,,,,,,,false,,,false,,,1.0,false,,,,false,false,false,false,,false,false,false,false,false,false,false,false,,Click,false,false,,false,List,,true,,false,,,,List,,,Fixed Price,,12.0,Renewable,,false,,,,,,,
,,,,,ca4583ab-de0f-4eac-b171-4ddbf616d80d,true,,Everything Plan,,,Default,One per quote line,,,,Quantity,,false,,,,,,,,,,false,,,false,,,1.0,false,,,,false,false,false,false,,false,false,false,false,false,false,false,false,,Click,false,false,,false,List,,true,,false,,,,List,,,Fixed Price,,12.0,Renewable,,false,,,,,,,
,,,,,ca4583ab-de0f-4eac-b171-4ddbf616d80d,true,,Everything Plan,,,Default,One per quote line,,,,Quantity,,false,,,,,,,,,,false,,,false,,,1.0,false,,,,false,false,false,false,,false,false,false,false,false,false,false,false,,Click,false,false,,false,List,,true,,false,,,,List,,,Fixed Price,,12.0,Renewable,,false,,,,,,,
,,,,,ca4583ab-de0f-4eac-b171-4ddbf616d80d,true,,Everything Plan,,,Default,One per quote line,,,,Quantity,,false,,,,,,,,,,false,,,false,,,1.0,false,,,,false,false,false,false,,false,false,false,false,false,false,false,false,,Click,false,false,,false,List,,true,,false,,,,List,,,Fixed Price,,12.0,Renewable,,false,,,,,,,
,,,,,ca4583ab-de0f-4eac-b171-4ddbf616d80d,true,,Everything Plan,,,Default,One per quote line,,,,Quantity,,false,,,,,,,,,,false,,,false,,,1.0,false,,,,false,false,false,false,,false,false,false,false,false,false,false,false,,Click,false,false,,false,List,,true,,false,,,,List,,,Fixed Price,,12.0,Renewable,,false,,,,,,,
,,,,,ca4583ab-de0f-4eac-b171-4ddbf616d80d,true,,Everything Plan,,,Default,One per quote line,,,,Quantity,,false,,,,,,,,,,false,,,false,,,1.0,false,,,,false,false,false,false,,false,false,false,false,false,false,false,false,,Click,false,false,,false,List,,true,,false,,,,List,,,Fixed Price,,12.0,Renewable,,false,,,,,,,
,,,,,ca4583ab-de0f-4eac-b171-4ddbf616d80d,true,,Everything Plan,,,Default,One per quote line,,,,Quantity,,false,,,,,,,,,,false,,,false,,,1.0,false,,,,false,false,false,false,,false,false,false,false,false,false,false,false,,Click,false,false,,false,List,,true,,false,,,,List,,,Fixed Price,,12.0,Renewable,,false,,,,,,,
,,,,,ca4583ab-de0f-4eac-b171-4ddbf616d80d,true,,Everything Plan,,,Default,One per quote line,,,,Quantity,,false,,,,,,,,,,false,,,false,,,1.0,false,,,,false,false,false,false,,false,false,false,false,false,false,false,false,,Click,false,false,,false,List,,true,,false,,,,List,,,Fixed Price,,12.0,Renewable,,false,,,,,,,
,,,,,ca4583ab-de0f-4eac-b171-4ddbf616d80d,true,,Everything Plan,,,Default,One per quote line,,,,Quantity,,false,,,,,,,,,,false,,,false,,,1.0,false,,,,false,false,false,false,,false,false,false,false,false,false,false,false,,Click,false,false,,false,List,,true,,false,,,,List,,,Fixed Price,,12.0,Renewable,,false,,,,,,,
,,,,,ca4583ab-de0f-4eac-b171-4ddbf616d80d,true,,Everything Plan,,,Default,One per quote line,,,,Quantity,,false,,,,,,,,,,false,,,false,,,1.0,false,,,,false,false,false,false,,false,false,false,false,false,false,false,false,,Click,false,false,,false,List,,true,,false,,,,List,,,Fixed Price,,12.0,Renewable,,false,,,,,,,
,,,,,ca4583ab-de0f-4eac-b171-4ddbf616d80d,true,,Everything Plan,,,Default,One per quote line,,,,Quantity,,false,,,,,,,,,,false,,,false,,,1.0,false,,,,false,false,false,false,,false,false,false,false,false,false,false,false,,Click,false,false,,false,List,,true,,false,,,,List,,,Fixed Price,,12.0,Renewable,,false,,,,,,,
,,,,,ca4583ab-de0f-4eac-b171-4ddbf616d80d,true,,Everything Plan,,,Default,One per quote line,,,,Quantity,,false,,,,,,,,,,false,,,false,,,1.0,false,,,,false,false,false,false,,false,false,false,false,false,false,false,false,,Click,false,false,,false,List,,true,,false,,,,List,,,Fixed Price,,12.0,Renewable,,false,,,,,,,
,,,,,ca4583ab-de0f-4eac-b171-4ddbf616d80d,true,,Everything Plan,,,Default,One per quote line,,,,Quantity,,false,,,,,,,,,,false,,,false,,,1.0,false,,,,false,false,false,false,,false,false,false,false,false,false,false,false,,Click,false,false,,false,List,,true,,false,,,,List,,,Fixed Price,,12.0,Renewable,,false,,,,,,,
,,,,,ca4583ab-de0f-4eac-b171-4ddbf616d80d,true,,Everything Plan,,,Default,One per quote line,,,,Quantity,,false,,,,,,,,,,false,,,false,,,1.0,false,,,,false,false,false,false,,false,false,false,false,false,false,false,false,,Click,false,false,,false,List,,true,,false,,,,List,,,Fixed Price,,12.0,Renewable,,false,,,,,,,
,,,,,ca4583ab-de0f-4eac-b171-4ddbf616d80d,true,,Everything Plan,,,Default,One per quote line,,,,Quantity,,false,,,,,,,,,,false,,,false,,,1.0,false,,,,false,false,false,false,,false,false,false,false,false,false,false,false,,Click,false,false,,false,List,,true,,false,,,,List,,,Fixed Price,,12.0,Renewable,,false,,,,,,,
,,,,,ca4583ab-de0f-4eac-b171-4ddbf616d80d,true,,Everything Plan,,,Default,One per quote line,,,,Quantity,,false,,,,,,,,,,false,,,false,,,1.0,false,,,,false,false,false,false,,false,false,false,false,false,false,false,false,,Click,false,false,,false,List,,true,,false,,,,List,,,Fixed Price,,12.0,Renewable,,false,,,,,,,
,,,,,ca4583ab-de0f-4eac-b171-4ddbf616d80d,true,,Everything Plan,,,Default,One per quote line,,,,Quantity,,false,,,,,,,,,,false,,,false,,,1.0,false,,,,false,false,false,false,,false,false,false,false,false,false,false,false,,Click,false,false,,false,List,,true,,false,,,,List,,,Fixed Price,,12.0,Renewable,,false,,,,,,,
,,,,,ca4583ab-de0f-4eac-b171-4ddbf616d80d,true,,Everything Plan,,,Default,One per quote line,,,,Quantity,,false,,,,,,,,,,false,,,false,,,1.0,false,,,,false,false,false,false,,false,false,false,false,false,false,false,false,,Click,false,false,,false,List,,true,,false,,,,List,,,Fixed Price,,12.0,Renewable,,false,,,,,,,
,,,,,ca4583ab-de0f-4eac-b171-4ddbf616d80d,true,,Everything Plan,,,Default,One per quote line,,,,Quantity,,false,,,,,,,,,,false,,,false,,,1.0,false,,,,false,false,false,false,,false,false,false,false,false,false,false,false,,Click,false,false,,false,List,,true,,false,,,,List,,,Fixed Price,,12.0,Renewable,,false,,,,,,,
,,,,,ca4583ab-de0f-4eac-b171-4ddbf616d80d,true,,Everything Plan,,,Default,One per quote line,,,,Quantity,,false,,,,,,,,,,false,,,false,,,1.0,false,,,,false,false,false,false,,false,false,false,false,false,false,false,false,,Click,false,false,,false,List,,true,,false,,,,List,,,Fixed Price,,12.0,Renewable,,false,,,,,,,
,,,,,ca4583ab-de0f-4eac-b171-4ddbf616d80d,true,,Everything Plan,,,Default,One per quote line,,,,Quantity,,false,,,,,,,,,,false,,,false,,,1.0,false,,,,false,false,false,false,,false,false,false,false,false,false,false,false,,Click,false,false,,false,List,,true,,false,,,,List,,,Fixed Price,,12.0,Renewable,,false,,,,,,,
,,,,,ca4583ab-de0f-4eac-b171-4ddbf616d80d,true,,Everything Plan,,,Default,One per quote line,,,,Quantity,,false,,,,,,,,,,false,,,false,,,1.0,false,,,,false,false,false,false,,false,false,false,false,false,false,false,false,,Click,false,false,,false,List,,true,,false,,,,List,,,Fixed Price,,12.0,Renewable,,false,,,,,,,
,,,,,ca4583ab-de0f-4eac-b171-4ddbf616d80d,true,,Everything Plan,,,Default,One per quote line,,,,Quantity,,false,,,,,,,,,,false,,,false,,,1.0,false,,,,false,false,false,false,,false,false,false,false,false,false,false,false,,Click,false,false,,false,List,,true,,false,,,,List,,,Fixed Price,,12.0,Renewable,,false,,,,,,,
,,,,,ca4583ab-de0f-4eac-b171-4ddbf616d80d,true,,Everything Plan,,,Default,One per quote line,,,,Quantity,,false,,,,,,,,,,false,,,false,,,1.0,false,,,,false,false,false,false,,false,false,false,false,false,false,false,false,,Click,false,false,,false,List,,true,,false,,,,List,,,Fixed Price,,12.0,Renewable,,false,,,,,,,
,,,,,ca4583ab-de0f-4eac-b171-4ddbf616d80d,true,,Everything Plan,,,Default,One per quote line,,,,Quantity,,false,,,,,,,,,,false,,,false,,,1.0,false,,,,false,false,false,false,,false,false,false,false,false,false,false,false,,Click,false,false,,false,List,,true,,false,,,,List,,,Fixed Price,,12.0,Renewable,,false,,,,,,,
,,,,,ca4583ab-de0f-4eac-b171-4ddbf616d80d,true,,Everything Plan,,,Default,One per quote line,,,,Quantity,,false,,,,,,,,,,false,,,false,,,1.0,false,,,,false,false,false,false,,false,false,false,false,false,false,false,false,,Click,false,false,,false,List,,true,,false,,,,List,,,Fixed Price,,12.0,Renewable,,false,,,,,,,
,,,,,ca4583ab-de0f-4eac-b171-4ddbf616d80d,true,,Everything Plan,,,Default,One per quote line,,,,Quantity,,false,,,,,,,,,,false,,,false,,,1.0,false,,,,false,false,false,false,,false,false,false,false,false,false,false,false,,Click,false,false,,false,List,,true,,false,,,,List,,,Fixed Price,,12.0,Renewable,,false,,,,,,,
,,,,,ca4583ab-de0f-4eac-b171-4ddbf616d80d,true,,Everything Plan,,,Default,One per quote line,,,,Quantity,,false,,,,,,,,,,false,,,false,,,1.0,false,,,,false,false,false,false,,false,false,false,false,false,false,false,false,,Click,false,false,,false,List,,true,,false,,,,List,,,Fixed Price,,12.0,Renewable,,false,,,,,,,
,,,,,ca4583ab-de0f-4eac-b171-4ddbf616d80d,true,,Everything Plan,,,Default,One per quote line,,,,Quantity,,false,,,,,,,,,,false,,,false,,,1.0,false,,,,false,false,false,false,,false,false,false,false,false,false,false,false,,Click,false,false,,false,List,,true,,false,,,,List,,,Fixed Price,,12.0,Renewable,,false,,,,,,,
,,,,,ca4583ab-de0f-4eac-b171-4ddbf616d80d,true,,Everything Plan,,,Default,One per quote line,,,,Quantity,,false,,,,,,,,,,false,,,false,,,1.0,false,,,,false,false,false,false,,false,false,false,false,false,false,false,false,,Click,false,false,,false,List,,true,,false,,,,List,,,Fixed Price,,12.0,Renewable,,false,,,,,,,
,,,,,ca4583ab-de0f-4eac-b171-4ddbf616d80d,true,,Everything Plan,,,Default,One per quote line,,,,Quantity,,false,,,,,,,,,,false,,,false,,,1.0,false,,,,false,false,false,false,,false,false,false,false,false,false,false,false,,Click,false,false,,false,List,,true,,false,,,,List,,,Fixed Price,,12.0,Renewable,,false,,,,,,,
,,,,,c19d07fb-0c23-4646-84db-c5a2f9f98744,false,,myProduct1_edit 2,,,Default,One per quote line,,,,Quantity,,false,10.0,Always,,,,Required,,,,false,,,false,Always,,1.0,false,,,List price is minimum,false,false,false,false,,false,false,false,false,false,false,false,false,,Add,false,false,,true,Cost,,true,,false,,,,List,,,,,,Renewable,,false,Line,,,,,,
,,,,,c19d07fb-0c23-4646-84db-c5a2f9f98744,false,,myProduct1_edit 2,,,Default,One per quote line,,,,Quantity,,false,10.0,Always,,,,Required,,,,false,,,false,Always,,1.0,false,,,List price is minimum,false,false,false,false,,false,false,false,false,false,false,false,false,,Add,false,false,,true,Cost,,true,,false,,,,List,,,,,,Renewable,,false,Line,,,,,,
,,,,,c19d07fb-0c23-4646-84db-c5a2f9f98744,false,,myProduct1_edit 2,,,Default,One per quote line,,,,Quantity,,false,10.0,Always,,,,Required,,,,false,,,false,Always,,1.0,false,,,List price is minimum,false,false,false,false,,false,false,false,false,false,false,false,false,,Add,false,false,,true,Cost,,true,,false,,,,List,,,,,,Renewable,,false,Line,,,,,,
,,,,,c19d07fb-0c23-4646-84db-c5a2f9f98744,false,,myProduct1_edit 2,,,Default,One per quote line,,,,Quantity,,false,10.0,Always,,,,Required,,,,false,,,false,Always,,1.0,false,,,List price is minimum,false,false,false,false,,false,false,false,false,false,false,false,false,,Add,false,false,,true,Cost,,true,,false,,,,List,,,,,,Renewable,,false,Line,,,,,,
,,,,,c19d07fb-0c23-4646-84db-c5a2f9f98744,false,,myProduct1_edit 2,,,Default,One per quote line,,,,Quantity,,false,10.0,Always,,,,Required,,,,false,,,false,Always,,1.0,false,,,List price is minimum,false,false,false,false,,false,false,false,false,false,false,false,false,,Add,false,false,,true,Cost,,true,,false,,,,List,,,,,,Renewable,,false,Line,,,,,,
,,,,,c19d07fb-0c23-4646-84db-c5a2f9f98744,false,,myProduct1_edit 2,,,Default,One per quote line,,,,Quantity,,false,10.0,Always,,,,Required,,,,false,,,false,Always,,1.0,false,,,List price is minimum,false,false,false,false,,false,false,false,false,false,false,false,false,,Add,false,false,,true,Cost,,true,,false,,,,List,,,,,,Renewable,,false,Line,,,,,,
,,,,,c19d07fb-0c23-4646-84db-c5a2f9f98744,false,,myProduct1_edit 2,,,Default,One per quote line,,,,Quantity,,false,10.0,Always,,,,Required,,,,false,,,false,Always,,1.0,false,,,List price is minimum,false,false,false,false,,false,false,false,false,false,false,false,false,,Add,false,false,,true,Cost,,true,,false,,,,List,,,,,,Renewable,,false,Line,,,,,,
,,,,,c19d07fb-0c23-4646-84db-c5a2f9f98744,false,,myProduct1_edit 2,,,Default,One per quote line,,,,Quantity,,false,10.0,Always,,,,Required,,,,false,,,false,Always,,1.0,false,,,List price is minimum,false,false,false,false,,false,false,false,false,false,false,false,false,,Add,false,false,,true,Cost,,true,,false,,,,List,,,,,,Renewable,,false,Line,,,,,,
,,,,,c19d07fb-0c23-4646-84db-c5a2f9f98744,false,,myProduct1_edit 2,,,Default,One per quote line,,,,Quantity,,false,10.0,Always,,,,Required,,,,false,,,false,Always,,1.0,false,,,List price is minimum,false,false,false,false,,false,false,false,false,false,false,false,false,,Add,false,false,,true,Cost,,true,,false,,,,List,,,,,,Renewable,,false,Line,,,,,,
,,,,,c19d07fb-0c23-4646-84db-c5a2f9f98744,false,,myProduct1_edit 2,,,Default,One per quote line,,,,Quantity,,false,10.0,Always,,,,Required,,,,false,,,false,Always,,1.0,false,,,List price is minimum,false,false,false,false,,false,false,false,false,false,false,false,false,,Add,false,false,,true,Cost,,true,,false,,,,List,,,,,,Renewable,,false,Line,,,,,,
,,,,,c19d07fb-0c23-4646-84db-c5a2f9f98744,false,,myProduct1_edit 2,,,Default,One per quote line,,,,Quantity,,false,10.0,Always,,,,Required,,,,false,,,false,Always,,1.0,false,,,List price is minimum,false,false,false,false,,false,false,false,false,false,false,false,false,,Add,false,false,,true,Cost,,true,,false,,,,List,,,,,,Renewable,,false,Line,,,,,,
,,,,,c19d07fb-0c23-4646-84db-c5a2f9f98744,false,,myProduct1_edit 2,,,Default,One per quote line,,,,Quantity,,false,10.0,Always,,,,Required,,,,false,,,false,Always,,1.0,false,,,List price is minimum,false,false,false,false,,false,false,false,false,false,false,false,false,,Add,false,false,,true,Cost,,true,,false,,,,List,,,,,,Renewable,,false,Line,,,,,,
,,,,,c19d07fb-0c23-4646-84db-c5a2f9f98744,false,,myProduct1_edit 2,,,Default,One per quote line,,,,Quantity,,false,10.0,Always,,,,Required,,,,false,,,false,Always,,1.0,false,,,List price is minimum,false,false,false,false,,false,false,false,false,false,false,false,false,,Add,false,false,,true,Cost,,true,,false,,,,List,,,,,,Renewable,,false,Line,,,,,,
,,,,,c19d07fb-0c23-4646-84db-c5a2f9f98744,false,,myProduct1_edit 2,,,Default,One per quote line,,,,Quantity,,false,10.0,Always,,,,Required,,,,false,,,false,Always,,1.0,false,,,List price is minimum,false,false,false,false,,false,false,false,false,false,false,false,false,,Add,false,false,,true,Cost,,true,,false,,,,List,,,,,,Renewable,,false,Line,,,,,,
,,,,,c19d07fb-0c23-4646-84db-c5a2f9f98744,false,,myProduct1_edit 2,,,Default,One per quote line,,,,Quantity,,false,10.0,Always,,,,Required,,,,false,,,false,Always,,1.0,false,,,List price is minimum,false,false,false,false,,false,false,false,false,false,false,false,false,,Add,false,false,,true,Cost,,true,,false,,,,List,,,,,,Renewable,,false,Line,,,,,,
,,,,,c19d07fb-0c23-4646-84db-c5a2f9f98744,false,,myProduct1_edit 2,,,Default,One per quote line,,,,Quantity,,false,10.0,Always,,,,Required,,,,false,,,false,Always,,1.0,false,,,List price is minimum,false,false,false,false,,false,false,false,false,false,false,false,false,,Add,false,false,,true,Cost,,true,,false,,,,List,,,,,,Renewable,,false,Line,,,,,,
,,,,,c19d07fb-0c23-4646-84db-c5a2f9f98744,false,,myProduct1_edit 2,,,Default,One per quote line,,,,Quantity,,false,10.0,Always,,,,Required,,,,false,,,false,Always,,1.0,false,,,List price is minimum,false,false,false,false,,false,false,false,false,false,false,false,false,,Add,false,false,,true,Cost,,true,,false,,,,List,,,,,,Renewable,,false,Line,,,,,,
,,,,,c19d07fb-0c23-4646-84db-c5a2f9f98744,false,,myProduct1_edit 2,,,Default,One per quote line,,,,Quantity,,false,10.0,Always,,,,Required,,,,false,,,false,Always,,1.0,false,,,List price is minimum,false,false,false,false,,false,false,false,false,false,false,false,false,,Add,false,false,,true,Cost,,true,,false,,,,List,,,,,,Renewable,,false,Line,,,,,,
,,,,,c19d07fb-0c23-4646-84db-c5a2f9f98744,false,,myProduct1_edit 2,,,Default,One per quote line,,,,Quantity,,false,10.0,Always,,,,Required,,,,false,,,false,Always,,1.0,false,,,List price is minimum,false,false,false,false,,false,false,false,false,false,false,false,false,,Add,false,false,,true,Cost,,true,,false,,,,List,,,,,,Renewable,,false,Line,,,,,,
,,,,,c19d07fb-0c23-4646-84db-c5a2f9f98744,false,,myProduct1_edit 2,,,Default,One per quote line,,,,Quantity,,false,10.0,Always,,,,Required,,,,false,,,false,Always,,1.0,false,,,List price is minimum,false,false,false,false,,false,false,false,false,false,false,false,false,,Add,false,false,,true,Cost,,true,,false,,,,List,,,,,,Renewable,,false,Line,,,,,,
,,,,,c19d07fb-0c23-4646-84db-c5a2f9f98744,false,,myProduct1_edit 2,,,Default,One per quote line,,,,Quantity,,false,10.0,Always,,,,Required,,,,false,,,false,Always,,1.0,false,,,List price is minimum,false,false,false,false,,false,false,false,false,false,false,false,false,,Add,false,false,,true,Cost,,true,,false,,,,List,,,,,,Renewable,,false,Line,,,,,,
,,,,,c19d07fb-0c23-4646-84db-c5a2f9f98744,false,,myProduct1_edit 2,,,Default,One per quote line,,,,Quantity,,false,10.0,Always,,,,Required,,,,false,,,false,Always,,1.0,false,,,List price is minimum,false,false,false,false,,false,false,false,false,false,false,false,false,,Add,false,false,,true,Cost,,true,,false,,,,List,,,,,,Renewable,,false,Line,,,,,,
,,,,,c19d07fb-0c23-4646-84db-c5a2f9f98744,false,,myProduct1_edit 2,,,Default,One per quote line,,,,Quantity,,false,10.0,Always,,,,Required,,,,false,,,false,Always,,1.0,false,,,List price is minimum,false,false,false,false,,false,false,false,false,false,false,false,false,,Add,false,false,,true,Cost,,true,,false,,,,List,,,,,,Renewable,,false,Line,,,,,,
,,,,,c19d07fb-0c23-4646-84db-c5a2f9f98744,false,,myProduct1_edit 2,,,Default,One per quote line,,,,Quantity,,false,10.0,Always,,,,Required,,,,false,,,false,Always,,1.0,false,,,List price is minimum,false,false,false,false,,false,false,false,false,false,false,false,false,,Add,false,false,,true,Cost,,true,,false,,,,List,,,,,,Renewable,,false,Line,,,,,,
,,,,,c19d07fb-0c23-4646-84db-c5a2f9f98744,false,,myProduct1_edit 2,,,Default,One per quote line,,,,Quantity,,false,10.0,Always,,,,Required,,,,false,,,false,Always,,1.0,false,,,List price is minimum,false,false,false,false,,false,false,false,false,false,false,false,false,,Add,false,false,,true,Cost,,true,,false,,,,List,,,,,,Renewable,,false,Line,,,,,,
,,,,,c19d07fb-0c23-4646-84db-c5a2f9f98744,false,,myProduct1_edit 2,,,Default,One per quote line,,,,Quantity,,false,10.0,Always,,,,Required,,,,false,,,false,Always,,1.0,false,,,List price is minimum,false,false,false,false,,false,false,false,false,false,false,false,false,,Add,false,false,,true,Cost,,true,,false,,,,List,,,,,,Renewable,,false,Line,,,,,,
,,,,,c19d07fb-0c23-4646-84db-c5a2f9f98744,false,,myProduct1_edit 2,,,Default,One per quote line,,,,Quantity,,false,10.0,Always,,,,Required,,,,false,,,false,Always,,1.0,false,,,List price is minimum,false,false,false,false,,false,false,false,false,false,false,false,false,,Add,false,false,,true,Cost,,true,,false,,,,List,,,,,,Renewable,,false,Line,,,,,,
,,,,,c19d07fb-0c23-4646-84db-c5a2f9f98744,false,,myProduct1_edit 2,,,Default,One per quote line,,,,Quantity,,false,10.0,Always,,,,Required,,,,false,,,false,Always,,1.0,false,,,List price is minimum,false,false,false,false,,false,false,false,false,false,false,false,false,,Add,false,false,,true,Cost,,true,,false,,,,List,,,,,,Renewable,,false,Line,,,,,,
,,,,,c19d07fb-0c23-4646-84db-c5a2f9f98744,false,,myProduct1_edit 2,,,Default,One per quote line,,,,Quantity,,false,10.0,Always,,,,Required,,,,false,,,false,Always,,1.0,false,,,List price is minimum,false,false,false,false,,false,false,false,false,false,false,false,false,,Add,false,false,,true,Cost,,true,,false,,,,List,,,,,,Renewable,,false,Line,,,,,,
,,,,,c19d07fb-0c23-4646-84db-c5a2f9f98744,false,,myProduct1_edit 2,,,Default,One per quote line,,,,Quantity,,false,10.0,Always,,,,Required,,,,false,,,false,Always,,1.0,false,,,List price is minimum,false,false,false,false,,false,false,false,false,false,false,false,false,,Add,false,false,,true,Cost,,true,,false,,,,List,,,,,,Renewable,,false,Line,,,,,,
,,,,,c19d07fb-0c23-4646-84db-c5a2f9f98744,false,,myProduct1_edit 2,,,Default,One per quote line,,,,Quantity,,false,10.0,Always,,,,Required,,,,false,,,false,Always,,1.0,false,,,List price is minimum,false,false,false,false,,false,false,false,false,false,false,false,false,,Add,false,false,,true,Cost,,true,,false,,,,List,,,,,,Renewable,,false,Line,,,,,,
,,,,,c19d07fb-0c23-4646-84db-c5a2f9f98744,false,,myProduct1_edit 2,,,Default,One per quote line,,,,Quantity,,false,10.0,Always,,,,Required,,,,false,,,false,Always,,1.0,false,,,List price is minimum,false,false,false,false,,false,false,false,false,false,false,false,false,,Add,false,false,,true,Cost,,true,,false,,,,List,,,,,,Renewable,,false,Line,,,,,,
,,,,,c19d07fb-0c23-4646-84db-c5a2f9f98744,false,,myProduct1_edit 2,,,Default,One per quote line,,,,Quantity,,false,10.0,Always,,,,Required,,,,false,,,false,Always,,1.0,false,,,List price is minimum,false,false,false,false,,false,false,false,false,false,false,false,false,,Add,false,false,,true,Cost,,true,,false,,,,List,,,,,,Renewable,,false,Line,,,,,,
,,,,,c19d07fb-0c23-4646-84db-c5a2f9f98744,false,,myProduct1_edit 2,,,Default,One per quote line,,,,Quantity,,false,10.0,Always,,,,Required,,,,false,,,false,Always,,1.0,false,,,List price is minimum,false,false,false,false,,false,false,false,false,false,false,false,false,,Add,false,false,,true,Cost,,true,,false,,,,List,,,,,,Renewable,,false,Line,,,,,,
,,,,,c19d07fb-0c23-4646-84db-c5a2f9f98744,false,,myProduct1_edit 2,,,Default,One per quote line,,,,Quantity,,false,10.0,Always,,,,Required,,,,false,,,false,Always,,1.0,false,,,List price is minimum,false,false,false,false,,false,false,false,false,false,false,false,false,,Add,false,false,,true,Cost,,true,,false,,,,List,,,,,,Renewable,,false,Line,,,,,,
,,,,,c19d07fb-0c23-4646-84db-c5a2f9f98744,false,,myProduct1_edit 2,,,Default,One per quote line,,,,Quantity,,false,10.0,Always,,,,Required,,,,false,,,false,Always,,1.0,false,,,List price is minimum,false,false,false,false,,false,false,false,false,false,false,false,false,,Add,false,false,,true,Cost,,true,,false,,,,List,,,,,,Renewable,,false,Line,,,,,,
,,,,,c19d07fb-0c23-4646-84db-c5a2f9f98744,false,,myProduct1_edit 2,,,Default,One per quote line,,,,Quantity,,false,10.0,Always,,,,Required,,,,false,,,false,Always,,1.0,false,,,List price is minimum,false,false,false,false,,false,false,false,false,false,false,false,false,,Add,false,false,,true,Cost,,true,,false,,,,List,,,,,,Renewable,,false,Line,,,,,,
,,,,,c19d07fb-0c23-4646-84db-c5a2f9f98744,false,,myProduct1_edit 2,,,Default,One per quote line,,,,Quantity,,false,10.0,Always,,,,Required,,,,false,,,false,Always,,1.0,false,,,List price is minimum,false,false,false,false,,false,false,false,false,false,false,false,false,,Add,false,false,,true,Cost,,true,,false,,,,List,,,,,,Renewable,,false,Line,,,,,,
,,,,,c19d07fb-0c23-4646-84db-c5a2f9f98744,false,,myProduct1_edit 2,,,Default,One per quote line,,,,Quantity,,false,10.0,Always,,,,Required,,,,false,,,false,Always,,1.0,false,,,List price is minimum,false,false,false,false,,false,false,false,false,false,false,false,false,,Add,false,false,,true,Cost,,true,,false,,,,List,,,,,,Renewable,,false,Line,,,,,,
,,,,,c19d07fb-0c23-4646-84db-c5a2f9f98744,false,,myProduct1_edit 2,,,Default,One per quote line,,,,Quantity,,false,10.0,Always,,,,Required,,,,false,,,false,Always,,1.0,false,,,List price is minimum,false,false,false,false,,false,false,false,false,false,false,false,false,,Add,false,false,,true,Cost,,true,,false,,,,List,,,,,,Renewable,,false,Line,,,,,,
,,,,,c19d07fb-0c23-4646-84db-c5a2f9f98744,false,,myProduct1_edit 2,,,Default,One per quote line,,,,Quantity,,false,10.0,Always,,,,Required,,,,false,,,false,Always,,1.0,false,,,List price is minimum,false,false,false,false,,false,false,false,false,false,false,false,false,,Add,false,false,,true,Cost,,true,,false,,,,List,,,,,,Renewable,,false,Line,,,,,,
,,,,,c19d07fb-0c23-4646-84db-c5a2f9f98744,false,,myProduct1_edit 2,,,Default,One per quote line,,,,Quantity,,false,10.0,Always,,,,Required,,,,false,,,false,Always,,1.0,false,,,List price is minimum,false,false,false,false,,false,false,false,false,false,false,false,false,,Add,false,false,,true,Cost,,true,,false,,,,List,,,,,,Renewable,,false,Line,,,,,,
,,,,,c19d07fb-0c23-4646-84db-c5a2f9f98744,false,,myProduct1_edit 2,,,Default,One per quote line,,,,Quantity,,false,10.0,Always,,,,Required,,,,false,,,false,Always,,1.0,false,,,List price is minimum,false,false,false,false,,false,false,false,false,false,false,false,false,,Add,false,false,,true,Cost,,true,,false,,,,List,,,,,,Renewable,,false,Line,,,,,,
,,,,,c19d07fb-0c23-4646-84db-c5a2f9f98744,false,,myProduct1_edit 2,,,Default,One per quote line,,,,Quantity,,false,10.0,Always,,,,Required,,,,false,,,false,Always,,1.0,false,,,List price is minimum,false,false,false,false,,false,false,false,false,false,false,false,false,,Add,false,false,,true,Cost,,true,,false,,,,List,,,,,,Renewable,,false,Line,,,,,,
,,,,,c19d07fb-0c23-4646-84db-c5a2f9f98744,false,,myProduct1_edit 2,,,Default,One per quote line,,,,Quantity,,false,10.0,Always,,,,Required,,,,false,,,false,Always,,1.0,false,,,List price is minimum,false,false,false,false,,false,false,false,false,false,false,false,false,,Add,false,false,,true,Cost,,true,,false,,,,List,,,,,,Renewable,,false,Line,,,,,,
,,,,,c19d07fb-0c23-4646-84db-c5a2f9f98744,false,,myProduct1_edit 2,,,Default,One per quote line,,,,Quantity,,false,10.0,Always,,,,Required,,,,false,,,false,Always,,1.0,false,,,List price is minimum,false,false,false,false,,false,false,false,false,false,false,false,false,,Add,false,false,,true,Cost,,true,,false,,,,List,,,,,,Renewable,,false,Line,,,,,,
,,,,,c19d07fb-0c23-4646-84db-c5a2f9f98744,false,,myProduct1_edit 2,,,Default,One per quote line,,,,Quantity,,false,10.0,Always,,,,Required,,,,false,,,false,Always,,1.0,false,,,List price is minimum,false,false,false,false,,false,false,false,false,false,false,false,false,,Add,false,false,,true,Cost,,true,,false,,,,List,,,,,,Renewable,,false,Line,,,,,,
,,,,,c19d07fb-0c23-4646-84db-c5a2f9f98744,false,,myProduct1_edit 2,,,Default,One per quote line,,,,Quantity,,false,10.0,Always,,,,Required,,,,false,,,false,Always,,1.0,false,,,List price is minimum,false,false,false,false,,false,false,false,false,false,false,false,false,,Add,false,false,,true,Cost,,true,,false,,,,List,,,,,,Renewable,,false,Line,,,,,,
,,,,,c19d07fb-0c23-4646-84db-c5a2f9f98744,false,,myProduct1_edit 2,,,Default,One per quote line,,,,Quantity,,false,10.0,Always,,,,Required,,,,false,,,false,Always,,1.0,false,,,List price is minimum,false,false,false,false,,false,false,false,false,false,false,false,false,,Add,false,false,,true,Cost,,true,,false,,,,List,,,,,,Renewable,,false,Line,,,,,,
,,,,,0ff1d685-f411-47aa-afea-8e4575fbb6ef,false,,mooverTest1,,,Default,One per quote line,,,,Quantity,,false,,,,,,,,,,false,,,false,,,1.0,false,,,,false,false,false,false,,false,false,false,false,false,false,false,false,,Click,false,false,,false,List,,true,,false,,,,List,,,,,,Renewable,,false,,,,,,,
,,,,,0ff1d685-f411-47aa-afea-8e4575fbb6ef,false,,mooverTest1,,,Default,One per quote line,,,,Quantity,,false,,,,,,,,,,false,,,false,,,1.0,false,,,,false,false,false,false,,false,false,false,false,false,false,false,false,,Click,false,false,,false,List,,true,,false,,,,List,,,,,,Renewable,,false,,,,,,,
,,,,,0ff1d685-f411-47aa-afea-8e4575fbb6ef,false,,mooverTest1,,,Default,One per quote line,,,,Quantity,,false,,,,,,,,,,false,,,false,,,1.0,false,,,,false,false,false,false,,false,false,false,false,false,false,false,false,,Click,false,false,,false,List,,true,,false,,,,List,,,,,,Renewable,,false,,,,,,,
,,,,,0ff1d685-f411-47aa-afea-8e4575fbb6ef,false,,mooverTest1,,,Default,One per quote line,,,,Quantity,,false,,,,,,,,,,false,,,false,,,1.0,false,,,,false,false,false,false,,false,false,false,false,false,false,false,false,,Click,false,false,,false,List,,true,,false,,,,List,,,,,,Renewable,,false,,,,,,,
,,,,,0ff1d685-f411-47aa-afea-8e4575fbb6ef,false,,mooverTest1,,,Default,One per quote line,,,,Quantity,,false,,,,,,,,,,false,,,false,,,1.0,false,,,,false,false,false,false,,false,false,false,false,false,false,false,false,,Click,false,false,,false,List,,true,,false,,,,List,,,,,,Renewable,,false,,,,,,,
,,,,,0ff1d685-f411-47aa-afea-8e4575fbb6ef,false,,mooverTest1,,,Default,One per quote line,,,,Quantity,,false,,,,,,,,,,false,,,false,,,1.0,false,,,,false,false,false,false,,false,false,false,false,false,false,false,false,,Click,false,false,,false,List,,true,,false,,,,List,,,,,,Renewable,,false,,,,,,,
,,,,,0ff1d685-f411-47aa-afea-8e4575fbb6ef,false,,mooverTest1,,,Default,One per quote line,,,,Quantity,,false,,,,,,,,,,false,,,false,,,1.0,false,,,,false,false,false,false,,false,false,false,false,false,false,false,false,,Click,false,false,,false,List,,true,,false,,,,List,,,,,,Renewable,,false,,,,,,,
,,,,,0ff1d685-f411-47aa-afea-8e4575fbb6ef,false,,mooverTest1,,,Default,One per quote line,,,,Quantity,,false,,,,,,,,,,false,,,false,,,1.0,false,,,,false,false,false,false,,false,false,false,false,false,false,false,false,,Click,false,false,,false,List,,true,,false,,,,List,,,,,,Renewable,,false,,,,,,,
,,,,,0ff1d685-f411-47aa-afea-8e4575fbb6ef,false,,mooverTest1,,,Default,One per quote line,,,,Quantity,,false,,,,,,,,,,false,,,false,,,1.0,false,,,,false,false,false,false,,false,false,false,false,false,false,false,false,,Click,false,false,,false,List,,true,,false,,,,List,,,,,,Renewable,,false,,,,,,,
,,,,,0ff1d685-f411-47aa-afea-8e4575fbb6ef,false,,mooverTest1,,,Default,One per quote line,,,,Quantity,,false,,,,,,,,,,false,,,false,,,1.0,false,,,,false,false,false,false,,false,false,false,false,false,false,false,false,,Click,false,false,,false,List,,true,,false,,,,List,,,,,,Renewable,,false,,,,,,,
,,,,,0ff1d685-f411-47aa-afea-8e4575fbb6ef,false,,mooverTest1,,,Default,One per quote line,,,,Quantity,,false,,,,,,,,,,false,,,false,,,1.0,false,,,,false,false,false,false,,false,false,false,false,false,false,false,false,,Click,false,false,,false,List,,true,,false,,,,List,,,,,,Renewable,,false,,,,,,,
,,,,,0ff1d685-f411-47aa-afea-8e4575fbb6ef,false,,mooverTest1,,,Default,One per quote line,,,,Quantity,,false,,,,,,,,,,false,,,false,,,1.0,false,,,,false,false,false,false,,false,false,false,false,false,false,false,false,,Click,false,false,,false,List,,true,,false,,,,List,,,,,,Renewable,,false,,,,,,,
,,,,,0ff1d685-f411-47aa-afea-8e4575fbb6ef,false,,mooverTest1,,,Default,One per quote line,,,,Quantity,,false,,,,,,,,,,false,,,false,,,1.0,false,,,,false,false,false,false,,false,false,false,false,false,false,false,false,,Click,false,false,,false,List,,true,,false,,,,List,,,,,,Renewable,,false,,,,,,,
,,,,,0ff1d685-f411-47aa-afea-8e4575fbb6ef,false,,mooverTest1,,,Default,One per quote line,,,,Quantity,,false,,,,,,,,,,false,,,false,,,1.0,false,,,,false,false,false,false,,false,false,false,false,false,false,false,false,,Click,false,false,,false,List,,true,,false,,,,List,,,,,,Renewable,,false,,,,,,,
,,,,,0ff1d685-f411-47aa-afea-8e4575fbb6ef,false,,mooverTest1,,,Default,One per quote line,,,,Quantity,,false,,,,,,,,,,false,,,false,,,1.0,false,,,,false,false,false,false,,false,false,false,false,false,false,false,false,,Click,false,false,,false,List,,true,,false,,,,List,,,,,,Renewable,,false,,,,,,,
,,,,,0ff1d685-f411-47aa-afea-8e4575fbb6ef,false,,mooverTest1,,,Default,One per quote line,,,,Quantity,,false,,,,,,,,,,false,,,false,,,1.0,false,,,,false,false,false,false,,false,false,false,false,false,false,false,false,,Click,false,false,,false,List,,true,,false,,,,List,,,,,,Renewable,,false,,,,,,,
,,,,,0ff1d685-f411-47aa-afea-8e4575fbb6ef,false,,mooverTest1,,,Default,One per quote line,,,,Quantity,,false,,,,,,,,,,false,,,false,,,1.0,false,,,,false,false,false,false,,false,false,false,false,false,false,false,false,,Click,false,false,,false,List,,true,,false,,,,List,,,,,,Renewable,,false,,,,,,,
,,,,,0ff1d685-f411-47aa-afea-8e4575fbb6ef,false,,mooverTest1,,,Default,One per quote line,,,,Quantity,,false,,,,,,,,,,false,,,false,,,1.0,false,,,,false,false,false,false,,false,false,false,false,false,false,false,false,,Click,false,false,,false,List,,true,,false,,,,List,,,,,,Renewable,,false,,,,,,,
,,,,,0ff1d685-f411-47aa-afea-8e4575fbb6ef,false,,mooverTest1,,,Default,One per quote line,,,,Quantity,,false,,,,,,,,,,false,,,false,,,1.0,false,,,,false,false,false,false,,false,false,false,false,false,false,false,false,,Click,false,false,,false,List,,true,,false,,,,List,,,,,,Renewable,,false,,,,,,,
,,,,,0ff1d685-f411-47aa-afea-8e4575fbb6ef,false,,mooverTest1,,,Default,One per quote line,,,,Quantity,,false,,,,,,,,,,false,,,false,,,1.0,false,,,,false,false,false,false,,false,false,false,false,false,false,false,false,,Click,false,false,,false,List,,true,,false,,,,List,,,,,,Renewable,,false,,,,,,,
,,,,,0ff1d685-f411-47aa-afea-8e4575fbb6ef,false,,mooverTest1,,,Default,One per quote line,,,,Quantity,,false,,,,,,,,,,false,,,false,,,1.0,false,,,,false,false,false,false,,false,false,false,false,false,false,false,false,,Click,false,false,,false,List,,true,,false,,,,List,,,,,,Renewable,,false,,,,,,,
,,,,,0ff1d685-f411-47aa-afea-8e4575fbb6ef,false,,mooverTest1,,,Default,One per quote line,,,,Quantity,,false,,,,,,,,,,false,,,false,,,1.0,false,,,,false,false,false,false,,false,false,false,false,false,false,false,false,,Click,false,false,,false,List,,true,,false,,,,List,,,,,,Renewable,,false,,,,,,,
,,,,,0ff1d685-f411-47aa-afea-8e4575fbb6ef,false,,mooverTest1,,,Default,One per quote line,,,,Quantity,,false,,,,,,,,,,false,,,false,,,1.0,false,,,,false,false,false,false,,false,false,false,false,false,false,false,false,,Click,false,false,,false,List,,true,,false,,,,List,,,,,,Renewable,,false,,,,,,,
,,,,,0ff1d685-f411-47aa-afea-8e4575fbb6ef,false,,mooverTest1,,,Default,One per quote line,,,,Quantity,,false,,,,,,,,,,false,,,false,,,1.0,false,,,,false,false,false,false,,false,false,false,false,false,false,false,false,,Click,false,false,,false,List,,true,,false,,,,List,,,,,,Renewable,,false,,,,,,,
,,,,,0ff1d685-f411-47aa-afea-8e4575fbb6ef,false,,mooverTest1,,,Default,One per quote line,,,,Quantity,,false,,,,,,,,,,false,,,false,,,1.0,false,,,,false,false,false,false,,false,false,false,false,false,false,false,false,,Click,false,false,,false,List,,true,,false,,,,List,,,,,,Renewable,,false,,,,,,,
,,,,,0ff1d685-f411-47aa-afea-8e4575fbb6ef,false,,mooverTest1,,,Default,One per quote line,,,,Quantity,,false,,,,,,,,,,false,,,false,,,1.0,false,,,,false,false,false,false,,false,false,false,false,false,false,false,false,,Click,false,false,,false,List,,true,,false,,,,List,,,,,,Renewable,,false,,,,,,,
,,,,,0ff1d685-f411-47aa-afea-8e4575fbb6ef,false,,mooverTest1,,,Default,One per quote line,,,,Quantity,,false,,,,,,,,,,false,,,false,,,1.0,false,,,,false,false,false,false,,false,false,false,false,false,false,false,false,,Click,false,false,,false,List,,true,,false,,,,List,,,,,,Renewable,,false,,,,,,,
,,,,,0ff1d685-f411-47aa-afea-8e4575fbb6ef,false,,mooverTest1,,,Default,One per quote line,,,,Quantity,,false,,,,,,,,,,false,,,false,,,1.0,false,,,,false,false,false,false,,false,false,false,false,false,false,false,false,,Click,false,false,,false,List,,true,,false,,,,List,,,,,,Renewable,,false,,,,,,,
,,,,,0ff1d685-f411-47aa-afea-8e4575fbb6ef,false,,mooverTest1,,,Default,One per quote line,,,,Quantity,,false,,,,,,,,,,false,,,false,,,1.0,false,,,,false,false,false,false,,false,false,false,false,false,false,false,false,,Click,false,false,,false,List,,true,,false,,,,List,,,,,,Renewable,,false,,,,,,,
,,,,,0ff1d685-f411-47aa-afea-8e4575fbb6ef,false,,mooverTest1,,,Default,One per quote line,,,,Quantity,,false,,,,,,,,,,false,,,false,,,1.0,false,,,,false,false,false,false,,false,false,false,false,false,false,false,false,,Click,false,false,,false,List,,true,,false,,,,List,,,,,,Renewable,,false,,,,,,,
,,,,,0ff1d685-f411-47aa-afea-8e4575fbb6ef,false,,mooverTest1,,,Default,One per quote line,,,,Quantity,,false,,,,,,,,,,false,,,false,,,1.0,false,,,,false,false,false,false,,false,false,false,false,false,false,false,false,,Click,false,false,,false,List,,true,,false,,,,List,,,,,,Renewable,,false,,,,,,,
,,,,,0ff1d685-f411-47aa-afea-8e4575fbb6ef,false,,mooverTest1,,,Default,One per quote line,,,,Quantity,,false,,,,,,,,,,false,,,false,,,1.0,false,,,,false,false,false,false,,false,false,false,false,false,false,false,false,,Click,false,false,,false,List,,true,,false,,,,List,,,,,,Renewable,,false,,,,,,,
,,,,,0ff1d685-f411-47aa-afea-8e4575fbb6ef,false,,mooverTest1,,,Default,One per quote line,,,,Quantity,,false,,,,,,,,,,false,,,false,,,1.0,false,,,,false,false,false,false,,false,false,false,false,false,false,false,false,,Click,false,false,,false,List,,true,,false,,,,List,,,,,,Renewable,,false,,,,,,,
,,,,,0ff1d685-f411-47aa-afea-8e4575fbb6ef,false,,mooverTest1,,,Default,One per quote line,,,,Quantity,,false,,,,,,,,,,false,,,false,,,1.0,false,,,,false,false,false,false,,false,false,false,false,false,false,false,false,,Click,false,false,,false,List,,true,,false,,,,List,,,,,,Renewable,,false,,,,,,,
,,,,,0ff1d685-f411-47aa-afea-8e4575fbb6ef,false,,mooverTest1,,,Default,One per quote line,,,,Quantity,,false,,,,,,,,,,false,,,false,,,1.0,false,,,,false,false,false,false,,false,false,false,false,false,false,false,false,,Click,false,false,,false,List,,true,,false,,,,List,,,,,,Renewable,,false,,,,,,,
,,,,,0ff1d685-f411-47aa-afea-8e4575fbb6ef,false,,mooverTest1,,,Default,One per quote line,,,,Quantity,,false,,,,,,,,,,false,,,false,,,1.0,false,,,,false,false,false,false,,false,false,false,false,false,false,false,false,,Click,false,false,,false,List,,true,,false,,,,List,,,,,,Renewable,,false,,,,,,,
,,,,,0ff1d685-f411-47aa-afea-8e4575fbb6ef,false,,mooverTest1,,,Default,One per quote line,,,,Quantity,,false,,,,,,,,,,false,,,false,,,1.0,false,,,,false,false,false,false,,false,false,false,false,false,false,false,false,,Click,false,false,,false,List,,true,,false,,,,List,,,,,,Renewable,,false,,,,,,,
,,,,,0ff1d685-f411-47aa-afea-8e4575fbb6ef,false,,mooverTest1,,,Default,One per quote line,,,,Quantity,,false,,,,,,,,,,false,,,false,,,1.0,false,,,,false,false,false,false,,false,false,false,false,false,false,false,false,,Click,false,false,,false,List,,true,,false,,,,List,,,,,,Renewable,,false,,,,,,,
,,,,,0ff1d685-f411-47aa-afea-8e4575fbb6ef,false,,mooverTest1,,,Default,One per quote line,,,,Quantity,,false,,,,,,,,,,false,,,false,,,1.0,false,,,,false,false,false,false,,false,false,false,false,false,false,false,false,,Click,false,false,,false,List,,true,,false,,,,List,,,,,,Renewable,,false,,,,,,,
,,,,,0ff1d685-f411-47aa-afea-8e4575fbb6ef,false,,mooverTest1,,,Default,One per quote line,,,,Quantity,,false,,,,,,,,,,false,,,false,,,1.0,false,,,,false,false,false,false,,false,false,false,false,false,false,false,false,,Click,false,false,,false,List,,true,,false,,,,List,,,,,,Renewable,,false,,,,,,,
,,,,,0ff1d685-f411-47aa-afea-8e4575fbb6ef,false,,mooverTest1,,,Default,One per quote line,,,,Quantity,,false,,,,,,,,,,false,,,false,,,1.0,false,,,,false,false,false,false,,false,false,false,false,false,false,false,false,,Click,false,false,,false,List,,true,,false,,,,List,,,,,,Renewable,,false,,,,,,,
,,,,,0ff1d685-f411-47aa-afea-8e4575fbb6ef,false,,mooverTest1,,,Default,One per quote line,,,,Quantity,,false,,,,,,,,,,false,,,false,,,1.0,false,,,,false,false,false,false,,false,false,false,false,false,false,false,false,,Click,false,false,,false,List,,true,,false,,,,List,,,,,,Renewable,,false,,,,,,,
,,,,,0ff1d685-f411-47aa-afea-8e4575fbb6ef,false,,mooverTest1,,,Default,One per quote line,,,,Quantity,,false,,,,,,,,,,false,,,false,,,1.0,false,,,,false,false,false,false,,false,false,false,false,false,false,false,false,,Click,false,false,,false,List,,true,,false,,,,List,,,,,,Renewable,,false,,,,,,,
,,,,,0ff1d685-f411-47aa-afea-8e4575fbb6ef,false,,mooverTest1,,,Default,One per quote line,,,,Quantity,,false,,,,,,,,,,false,,,false,,,1.0,false,,,,false,false,false,false,,false,false,false,false,false,false,false,false,,Click,false,false,,false,List,,true,,false,,,,List,,,,,,Renewable,,false,,,,,,,
,,,,,0ff1d685-f411-47aa-afea-8e4575fbb6ef,false,,mooverTest1,,,Default,One per quote line,,,,Quantity,,false,,,,,,,,,,false,,,false,,,1.0,false,,,,false,false,false,false,,false,false,false,false,false,false,false,false,,Click,false,false,,false,List,,true,,false,,,,List,,,,,,Renewable,,false,,,,,,,
,,,,,0ff1d685-f411-47aa-afea-8e4575fbb6ef,false,,mooverTest1,,,Default,One per quote line,,,,Quantity,,false,,,,,,,,,,false,,,false,,,1.0,false,,,,false,false,false,false,,false,false,false,false,false,false,false,false,,Click,false,false,,false,List,,true,,false,,,,List,,,,,,Renewable,,false,,,,,,,
,,,,,0ff1d685-f411-47aa-afea-8e4575fbb6ef,false,,mooverTest1,,,Default,One per quote line,,,,Quantity,,false,,,,,,,,,,false,,,false,,,1.0,false,,,,false,false,false,false,,false,false,false,false,false,false,false,false,,Click,false,false,,false,List,,true,,false,,,,List,,,,,,Renewable,,false,,,,,,,
,,,,,0ff1d685-f411-47aa-afea-8e4575fbb6ef,false,,mooverTest1,,,Default,One per quote line,,,,Quantity,,false,,,,,,,,,,false,,,false,,,1.0,false,,,,false,false,false,false,,false,false,false,false,false,false,false,false,,Click,false,false,,false,List,,true,,false,,,,List,,,,,,Renewable,,false,,,,,,,
,,,,,0ff1d685-f411-47aa-afea-8e4575fbb6ef,false,,mooverTest1,,,Default,One per quote line,,,,Quantity,,false,,,,,,,,,,false,,,false,,,1.0,false,,,,false,false,false,false,,false,false,false,false,false,false,false,false,,Click,false,false,,false,List,,true,,false,,,,List,,,,,,Renewable,,false,,,,,,,
,,,,,e30099ef-8cce-4c2c-abf1-cefdbfec73e9,false,,myProduct_edit,,,Default,One per quote line,,,,Quantity,,false,,,,,,,,,,false,,,false,,,1.0,false,,,,false,false,false,false,,false,false,false,false,false,false,false,false,,Click,false,false,,false,List,,true,,false,,,,List,,,,,,Renewable,,false,,,,,,,
,,,,,e30099ef-8cce-4c2c-abf1-cefdbfec73e9,false,,myProduct_edit,,,Default,One per quote line,,,,Quantity,,false,,,,,,,,,,false,,,false,,,1.0,false,,,,false,false,false,false,,false,false,false,false,false,false,false,false,,Click,false,false,,false,List,,true,,false,,,,List,,,,,,Renewable,,false,,,,,,,
,,,,,e30099ef-8cce-4c2c-abf1-cefdbfec73e9,false,,myProduct_edit,,,Default,One per quote line,,,,Quantity,,false,,,,,,,,,,false,,,false,,,1.0,false,,,,false,false,false,false,,false,false,false,false,false,false,false,false,,Click,false,false,,false,List,,true,,false,,,,List,,,,,,Renewable,,false,,,,,,,
,,,,,e30099ef-8cce-4c2c-abf1-cefdbfec73e9,false,,myProduct_edit,,,Default,One per quote line,,,,Quantity,,false,,,,,,,,,,false,,,false,,,1.0,false,,,,false,false,false,false,,false,false,false,false,false,false,false,false,,Click,false,false,,false,List,,true,,false,,,,List,,,,,,Renewable,,false,,,,,,,
,,,,,e30099ef-8cce-4c2c-abf1-cefdbfec73e9,false,,myProduct_edit,,,Default,One per quote line,,,,Quantity,,false,,,,,,,,,,false,,,false,,,1.0,false,,,,false,false,false,false,,false,false,false,false,false,false,false,false,,Click,false,false,,false,List,,true,,false,,,,List,,,,,,Renewable,,false,,,,,,,
,,,,,e30099ef-8cce-4c2c-abf1-cefdbfec73e9,false,,myProduct_edit,,,Default,One per quote line,,,,Quantity,,false,,,,,,,,,,false,,,false,,,1.0,false,,,,false,false,false,false,,false,false,false,false,false,false,false,false,,Click,false,false,,false,List,,true,,false,,,,List,,,,,,Renewable,,false,,,,,,,
,,,,,e30099ef-8cce-4c2c-abf1-cefdbfec73e9,false,,myProduct_edit,,,Default,One per quote line,,,,Quantity,,false,,,,,,,,,,false,,,false,,,1.0,false,,,,false,false,false,false,,false,false,false,false,false,false,false,false,,Click,false,false,,false,List,,true,,false,,,,List,,,,,,Renewable,,false,,,,,,,
,,,,,e30099ef-8cce-4c2c-abf1-cefdbfec73e9,false,,myProduct_edit,,,Default,One per quote line,,,,Quantity,,false,,,,,,,,,,false,,,false,,,1.0,false,,,,false,false,false,false,,false,false,false,false,false,false,false,false,,Click,false,false,,false,List,,true,,false,,,,List,,,,,,Renewable,,false,,,,,,,
,,,,,e30099ef-8cce-4c2c-abf1-cefdbfec73e9,false,,myProduct_edit,,,Default,One per quote line,,,,Quantity,,false,,,,,,,,,,false,,,false,,,1.0,false,,,,false,false,false,false,,false,false,false,false,false,false,false,false,,Click,false,false,,false,List,,true,,false,,,,List,,,,,,Renewable,,false,,,,,,,
,,,,,e30099ef-8cce-4c2c-abf1-cefdbfec73e9,false,,myProduct_edit,,,Default,One per quote line,,,,Quantity,,false,,,,,,,,,,false,,,false,,,1.0,false,,,,false,false,false,false,,false,false,false,false,false,false,false,false,,Click,false,false,,false,List,,true,,false,,,,List,,,,,,Renewable,,false,,,,,,,
,,,,,e30099ef-8cce-4c2c-abf1-cefdbfec73e9,false,,myProduct_edit,,,Default,One per quote line,,,,Quantity,,false,,,,,,,,,,false,,,false,,,1.0,false,,,,false,false,false,false,,false,false,false,false,false,false,false,false,,Click,false,false,,false,List,,true,,false,,,,List,,,,,,Renewable,,false,,,,,,,
,,,,,e30099ef-8cce-4c2c-abf1-cefdbfec73e9,false,,myProduct_edit,,,Default,One per quote line,,,,Quantity,,false,,,,,,,,,,false,,,false,,,1.0,false,,,,false,false,false,false,,false,false,false,false,false,false,false,false,,Click,false,false,,false,List,,true,,false,,,,List,,,,,,Renewable,,false,,,,,,,
,,,,,e30099ef-8cce-4c2c-abf1-cefdbfec73e9,false,,myProduct_edit,,,Default,One per quote line,,,,Quantity,,false,,,,,,,,,,false,,,false,,,1.0,false,,,,false,false,false,false,,false,false,false,false,false,false,false,false,,Click,false,false,,false,List,,true,,false,,,,List,,,,,,Renewable,,false,,,,,,,
,,,,,e30099ef-8cce-4c2c-abf1-cefdbfec73e9,false,,myProduct_edit,,,Default,One per quote line,,,,Quantity,,false,,,,,,,,,,false,,,false,,,1.0,false,,,,false,false,false,false,,false,false,false,false,false,false,false,false,,Click,false,false,,false,List,,true,,false,,,,List,,,,,,Renewable,,false,,,,,,,
,,,,,e30099ef-8cce-4c2c-abf1-cefdbfec73e9,false,,myProduct_edit,,,Default,One per quote line,,,,Quantity,,false,,,,,,,,,,false,,,false,,,1.0,false,,,,false,false,false,false,,false,false,false,false,false,false,false,false,,Click,false,false,,false,List,,true,,false,,,,List,,,,,,Renewable,,false,,,,,,,
,,,,,e30099ef-8cce-4c2c-abf1-cefdbfec73e9,false,,myProduct_edit,,,Default,One per quote line,,,,Quantity,,false,,,,,,,,,,false,,,false,,,1.0,false,,,,false,false,false,false,,false,false,false,false,false,false,false,false,,Click,false,false,,false,List,,true,,false,,,,List,,,,,,Renewable,,false,,,,,,,
,,,,,e30099ef-8cce-4c2c-abf1-cefdbfec73e9,false,,myProduct_edit,,,Default,One per quote line,,,,Quantity,,false,,,,,,,,,,false,,,false,,,1.0,false,,,,false,false,false,false,,false,false,false,false,false,false,false,false,,Click,false,false,,false,List,,true,,false,,,,List,,,,,,Renewable,,false,,,,,,,
,,,,,e30099ef-8cce-4c2c-abf1-cefdbfec73e9,false,,myProduct_edit,,,Default,One per quote line,,,,Quantity,,false,,,,,,,,,,false,,,false,,,1.0,false,,,,false,false,false,false,,false,false,false,false,false,false,false,false,,Click,false,false,,false,List,,true,,false,,,,List,,,,,,Renewable,,false,,,,,,,
,,,,,e30099ef-8cce-4c2c-abf1-cefdbfec73e9,false,,myProduct_edit,,,Default,One per quote line,,,,Quantity,,false,,,,,,,,,,false,,,false,,,1.0,false,,,,false,false,false,false,,false,false,false,false,false,false,false,false,,Click,false,false,,false,List,,true,,false,,,,List,,,,,,Renewable,,false,,,,,,,
,,,,,e30099ef-8cce-4c2c-abf1-cefdbfec73e9,false,,myProduct_edit,,,Default,One per quote line,,,,Quantity,,false,,,,,,,,,,false,,,false,,,1.0,false,,,,false,false,false,false,,false,false,false,false,false,false,false,false,,Click,false,false,,false,List,,true,,false,,,,List,,,,,,Renewable,,false,,,,,,,
,,,,,e30099ef-8cce-4c2c-abf1-cefdbfec73e9,false,,myProduct_edit,,,Default,One per quote line,,,,Quantity,,false,,,,,,,,,,false,,,false,,,1.0,false,,,,false,false,false,false,,false,false,false,false,false,false,false,false,,Click,false,false,,false,List,,true,,false,,,,List,,,,,,Renewable,,false,,,,,,,
,,,,,e30099ef-8cce-4c2c-abf1-cefdbfec73e9,false,,myProduct_edit,,,Default,One per quote line,,,,Quantity,,false,,,,,,,,,,false,,,false,,,1.0,false,,,,false,false,false,false,,false,false,false,false,false,false,false,false,,Click,false,false,,false,List,,true,,false,,,,List,,,,,,Renewable,,false,,,,,,,
,,,,,e30099ef-8cce-4c2c-abf1-cefdbfec73e9,false,,myProduct_edit,,,Default,One per quote line,,,,Quantity,,false,,,,,,,,,,false,,,false,,,1.0,false,,,,false,false,false,false,,false,false,false,false,false,false,false,false,,Click,false,false,,false,List,,true,,false,,,,List,,,,,,Renewable,,false,,,,,,,
,,,,,e30099ef-8cce-4c2c-abf1-cefdbfec73e9,false,,myProduct_edit,,,Default,One per quote line,,,,Quantity,,false,,,,,,,,,,false,,,false,,,1.0,false,,,,false,false,false,false,,false,false,false,false,false,false,false,false,,Click,false,false,,false,List,,true,,false,,,,List,,,,,,Renewable,,false,,,,,,,
,,,,,e30099ef-8cce-4c2c-abf1-cefdbfec73e9,false,,myProduct_edit,,,Default,One per quote line,,,,Quantity,,false,,,,,,,,,,false,,,false,,,1.0,false,,,,false,false,false,false,,false,false,false,false,false,false,false,false,,Click,false,false,,false,List,,true,,false,,,,List,,,,,,Renewable,,false,,,,,,,
,,,,,e30099ef-8cce-4c2c-abf1-cefdbfec73e9,false,,myProduct_edit,,,Default,One per quote line,,,,Quantity,,false,,,,,,,,,,false,,,false,,,1.0,false,,,,false,false,false,false,,false,false,false,false,false,false,false,false,,Click,false,false,,false,List,,true,,false,,,,List,,,,,,Renewable,,false,,,,,,,
,,,,,e30099ef-8cce-4c2c-abf1-cefdbfec73e9,false,,myProduct_edit,,,Default,One per quote line,,,,Quantity,,false,,,,,,,,,,false,,,false,,,1.0,false,,,,false,false,false,false,,false,false,false,false,false,false,false,false,,Click,false,false,,false,List,,true,,false,,,,List,,,,,,Renewable,,false,,,,,,,
,,,,,e30099ef-8cce-4c2c-abf1-cefdbfec73e9,false,,myProduct_edit,,,Default,One per quote line,,,,Quantity,,false,,,,,,,,,,false,,,false,,,1.0,false,,,,false,false,false,false,,false,false,false,false,false,false,false,false,,Click,false,false,,false,List,,true,,false,,,,List,,,,,,Renewable,,false,,,,,,,
,,,,,e30099ef-8cce-4c2c-abf1-cefdbfec73e9,false,,myProduct_edit,,,Default,One per quote line,,,,Quantity,,false,,,,,,,,,,false,,,false,,,1.0,false,,,,false,false,false,false,,false,false,false,false,false,false,false,false,,Click,false,false,,false,List,,true,,false,,,,List,,,,,,Renewable,,false,,,,,,,
,,,,,e30099ef-8cce-4c2c-abf1-cefdbfec73e9,false,,myProduct_edit,,,Default,One per quote line,,,,Quantity,,false,,,,,,,,,,false,,,false,,,1.0,false,,,,false,false,false,false,,false,false,false,false,false,false,false,false,,Click,false,false,,false,List,,true,,false,,,,List,,,,,,Renewable,,false,,,,,,,
,,,,,e30099ef-8cce-4c2c-abf1-cefdbfec73e9,false,,myProduct_edit,,,Default,One per quote line,,,,Quantity,,false,,,,,,,,,,false,,,false,,,1.0,false,,,,false,false,false,false,,false,false,false,false,false,false,false,false,,Click,false,false,,false,List,,true,,false,,,,List,,,,,,Renewable,,false,,,,,,,
,,,,,e30099ef-8cce-4c2c-abf1-cefdbfec73e9,false,,myProduct_edit,,,Default,One per quote line,,,,Quantity,,false,,,,,,,,,,false,,,false,,,1.0,false,,,,false,false,false,false,,false,false,false,false,false,false,false,false,,Click,false,false,,false,List,,true,,false,,,,List,,,,,,Renewable,,false,,,,,,,
,,,,,e30099ef-8cce-4c2c-abf1-cefdbfec73e9,false,,myProduct_edit,,,Default,One per quote line,,,,Quantity,,false,,,,,,,,,,false,,,false,,,1.0,false,,,,false,false,false,false,,false,false,false,false,false,false,false,false,,Click,false,false,,false,List,,true,,false,,,,List,,,,,,Renewable,,false,,,,,,,
,,,,,e30099ef-8cce-4c2c-abf1-cefdbfec73e9,false,,myProduct_edit,,,Default,One per quote line,,,,Quantity,,false,,,,,,,,,,false,,,false,,,1.0,false,,,,false,false,false,false,,false,false,false,false,false,false,false,false,,Click,false,false,,false,List,,true,,false,,,,List,,,,,,Renewable,,false,,,,,,,
,,,,,e30099ef-8cce-4c2c-abf1-cefdbfec73e9,false,,myProduct_edit,,,Default,One per quote line,,,,Quantity,,false,,,,,,,,,,false,,,false,,,1.0,false,,,,false,false,false,false,,false,false,false,false,false,false,false,false,,Click,false,false,,false,List,,true,,false,,,,List,,,,,,Renewable,,false,,,,,,,
,,,,,e30099ef-8cce-4c2c-abf1-cefdbfec73e9,false,,myProduct_edit,,,Default,One per quote line,,,,Quantity,,false,,,,,,,,,,false,,,false,,,1.0,false,,,,false,false,false,false,,false,false,false,false,false,false,false,false,,Click,false,false,,false,List,,true,,false,,,,List,,,,,,Renewable,,false,,,,,,,
,,,,,e30099ef-8cce-4c2c-abf1-cefdbfec73e9,false,,myProduct_edit,,,Default,One per quote line,,,,Quantity,,false,,,,,,,,,,false,,,false,,,1.0,false,,,,false,false,false,false,,false,false,false,false,false,false,false,false,,Click,false,false,,false,List,,true,,false,,,,List,,,,,,Renewable,,false,,,,,,,
,,,,,e30099ef-8cce-4c2c-abf1-cefdbfec73e9,false,,myProduct_edit,,,Default,One per quote line,,,,Quantity,,false,,,,,,,,,,false,,,false,,,1.0,false,,,,false,false,false,false,,false,false,false,false,false,false,false,false,,Click,false,false,,false,List,,true,,false,,,,List,,,,,,Renewable,,false,,,,,,,
,,,,,e30099ef-8cce-4c2c-abf1-cefdbfec73e9,false,,myProduct_edit,,,Default,One per quote line,,,,Quantity,,false,,,,,,,,,,false,,,false,,,1.0,false,,,,false,false,false,false,,false,false,false,false,false,false,false,false,,Click,false,false,,false,List,,true,,false,,,,List,,,,,,Renewable,,false,,,,,,,
,,,,,e30099ef-8cce-4c2c-abf1-cefdbfec73e9,false,,myProduct_edit,,,Default,One per quote line,,,,Quantity,,false,,,,,,,,,,false,,,false,,,1.0,false,,,,false,false,false,false,,false,false,false,false,false,false,false,false,,Click,false,false,,false,List,,true,,false,,,,List,,,,,,Renewable,,false,,,,,,,
,,,,,e30099ef-8cce-4c2c-abf1-cefdbfec73e9,false,,myProduct_edit,,,Default,One per quote line,,,,Quantity,,false,,,,,,,,,,false,,,false,,,1.0,false,,,,false,false,false,false,,false,false,false,false,false,false,false,false,,Click,false,false,,false,List,,true,,false,,,,List,,,,,,Renewable,,false,,,,,,,
,,,,,e30099ef-8cce-4c2c-abf1-cefdbfec73e9,false,,myProduct_edit,,,Default,One per quote line,,,,Quantity,,false,,,,,,,,,,false,,,false,,,1.0,false,,,,false,false,false,false,,false,false,false,false,false,false,false,false,,Click,false,false,,false,List,,true,,false,,,,List,,,,,,Renewable,,false,,,,,,,
,,,,,e30099ef-8cce-4c2c-abf1-cefdbfec73e9,false,,myProduct_edit,,,Default,One per quote line,,,,Quantity,,false,,,,,,,,,,false,,,false,,,1.0,false,,,,false,false,false,false,,false,false,false,false,false,false,false,false,,Click,false,false,,false,List,,true,,false,,,,List,,,,,,Renewable,,false,,,,,,,
,,,,,e30099ef-8cce-4c2c-abf1-cefdbfec73e9,false,,myProduct_edit,,,Default,One per quote line,,,,Quantity,,false,,,,,,,,,,false,,,false,,,1.0,false,,,,false,false,false,false,,false,false,false,false,false,false,false,false,,Click,false,false,,false,List,,true,,false,,,,List,,,,,,Renewable,,false,,,,,,,
,,,,,e30099ef-8cce-4c2c-abf1-cefdbfec73e9,false,,myProduct_edit,,,Default,One per quote line,,,,Quantity,,false,,,,,,,,,,false,,,false,,,1.0,false,,,,false,false,false,false,,false,false,false,false,false,false,false,false,,Click,false,false,,false,List,,true,,false,,,,List,,,,,,Renewable,,false,,,,,,,
,,,,,e30099ef-8cce-4c2c-abf1-cefdbfec73e9,false,,myProduct_edit,,,Default,One per quote line,,,,Quantity,,false,,,,,,,,,,false,,,false,,,1.0,false,,,,false,false,false,false,,false,false,false,false,false,false,false,false,,Click,false,false,,false,List,,true,,false,,,,List,,,,,,Renewable,,false,,,,,,,
,,,,,e30099ef-8cce-4c2c-abf1-cefdbfec73e9,false,,myProduct_edit,,,Default,One per quote line,,,,Quantity,,false,,,,,,,,,,false,,,false,,,1.0,false,,,,false,false,false,false,,false,false,false,false,false,false,false,false,,Click,false,false,,false,List,,true,,false,,,,List,,,,,,Renewable,,false,,,,,,,
,,,,,e30099ef-8cce-4c2c-abf1-cefdbfec73e9,false,,myProduct_edit,,,Default,One per quote line,,,,Quantity,,false,,,,,,,,,,false,,,false,,,1.0,false,,,,false,false,false,false,,false,false,false,false,false,false,false,false,,Click,false,false,,false,List,,true,,false,,,,List,,,,,,Renewable,,false,,,,,,,
,,,,,e30099ef-8cce-4c2c-abf1-cefdbfec73e9,false,,myProduct_edit,,,Default,One per quote line,,,,Quantity,,false,,,,,,,,,,false,,,false,,,1.0,false,,,,false,false,false,false,,false,false,false,false,false,false,false,false,,Click,false,false,,false,List,,true,,false,,,,List,,,,,,Renewable,,false,,,,,,,
,,,,,4360f642-8dee-42c1-82eb-21100c827932,false,,MarkTest1,,,Default,One per quote line,,,,Quantity,,false,,,,,,,,,,false,,,false,,,1.0,false,,,,false,false,false,false,,false,false,false,false,false,false,false,false,,Click,false,false,,false,List,,true,,false,,,,List,,,,,,Renewable,,false,,,,,,,
,,,,,4360f642-8dee-42c1-82eb-21100c827932,false,,MarkTest1,,,Default,One per quote line,,,,Quantity,,false,,,,,,,,,,false,,,false,,,1.0,false,,,,false,false,false,false,,false,false,false,false,false,false,false,false,,Click,false,false,,false,List,,true,,false,,,,List,,,,,,Renewable,,false,,,,,,,
,,,,,4360f642-8dee-42c1-82eb-21100c827932,false,,MarkTest1,,,Default,One per quote line,,,,Quantity,,false,,,,,,,,,,false,,,false,,,1.0,false,,,,false,false,false,false,,false,false,false,false,false,false,false,false,,Click,false,false,,false,List,,true,,false,,,,List,,,,,,Renewable,,false,,,,,,,
,,,,,4360f642-8dee-42c1-82eb-21100c827932,false,,MarkTest1,,,Default,One per quote line,,,,Quantity,,false,,,,,,,,,,false,,,false,,,1.0,false,,,,false,false,false,false,,false,false,false,false,false,false,false,false,,Click,false,false,,false,List,,true,,false,,,,List,,,,,,Renewable,,false,,,,,,,
,,,,,4360f642-8dee-42c1-82eb-21100c827932,false,,MarkTest1,,,Default,One per quote line,,,,Quantity,,false,,,,,,,,,,false,,,false,,,1.0,false,,,,false,false,false,false,,false,false,false,false,false,false,false,false,,Click,false,false,,false,List,,true,,false,,,,List,,,,,,Renewable,,false,,,,,,,
,,,,,4360f642-8dee-42c1-82eb-21100c827932,false,,MarkTest1,,,Default,One per quote line,,,,Quantity,,false,,,,,,,,,,false,,,false,,,1.0,false,,,,false,false,false,false,,false,false,false,false,false,false,false,false,,Click,false,false,,false,List,,true,,false,,,,List,,,,,,Renewable,,false,,,,,,,
,,,,,4360f642-8dee-42c1-82eb-21100c827932,false,,MarkTest1,,,Default,One per quote line,,,,Quantity,,false,,,,,,,,,,false,,,false,,,1.0,false,,,,false,false,false,false,,false,false,false,false,false,false,false,false,,Click,false,false,,false,List,,true,,false,,,,List,,,,,,Renewable,,false,,,,,,,
,,,,,4360f642-8dee-42c1-82eb-21100c827932,false,,MarkTest1,,,Default,One per quote line,,,,Quantity,,false,,,,,,,,,,false,,,false,,,1.0,false,,,,false,false,false,false,,false,false,false,false,false,false,false,false,,Click,false,false,,false,List,,true,,false,,,,List,,,,,,Renewable,,false,,,,,,,
,,,,,4360f642-8dee-42c1-82eb-21100c827932,false,,MarkTest1,,,Default,One per quote line,,,,Quantity,,false,,,,,,,,,,false,,,false,,,1.0,false,,,,false,false,false,false,,false,false,false,false,false,false,false,false,,Click,false,false,,false,List,,true,,false,,,,List,,,,,,Renewable,,false,,,,,,,
,,,,,4360f642-8dee-42c1-82eb-21100c827932,false,,MarkTest1,,,Default,One per quote line,,,,Quantity,,false,,,,,,,,,,false,,,false,,,1.0,false,,,,false,false,false,false,,false,false,false,false,false,false,false,false,,Click,false,false,,false,List,,true,,false,,,,List,,,,,,Renewable,,false,,,,,,,
,,,,,4360f642-8dee-42c1-82eb-21100c827932,false,,MarkTest1,,,Default,One per quote line,,,,Quantity,,false,,,,,,,,,,false,,,false,,,1.0,false,,,,false,false,false,false,,false,false,false,false,false,false,false,false,,Click,false,false,,false,List,,true,,false,,,,List,,,,,,Renewable,,false,,,,,,,
,,,,,4360f642-8dee-42c1-82eb-21100c827932,false,,MarkTest1,,,Default,One per quote line,,,,Quantity,,false,,,,,,,,,,false,,,false,,,1.0,false,,,,false,false,false,false,,false,false,false,false,false,false,false,false,,Click,false,false,,false,List,,true,,false,,,,List,,,,,,Renewable,,false,,,,,,,
,,,,,4360f642-8dee-42c1-82eb-21100c827932,false,,MarkTest1,,,Default,One per quote line,,,,Quantity,,false,,,,,,,,,,false,,,false,,,1.0,false,,,,false,false,false,false,,false,false,false,false,false,false,false,false,,Click,false,false,,false,List,,true,,false,,,,List,,,,,,Renewable,,false,,,,,,,
,,,,,4360f642-8dee-42c1-82eb-21100c827932,false,,MarkTest1,,,Default,One per quote line,,,,Quantity,,false,,,,,,,,,,false,,,false,,,1.0,false,,,,false,false,false,false,,false,false,false,false,false,false,false,false,,Click,false,false,,false,List,,true,,false,,,,List,,,,,,Renewable,,false,,,,,,,
,,,,,4360f642-8dee-42c1-82eb-21100c827932,false,,MarkTest1,,,Default,One per quote line,,,,Quantity,,false,,,,,,,,,,false,,,false,,,1.0,false,,,,false,false,false,false,,false,false,false,false,false,false,false,false,,Click,false,false,,false,List,,true,,false,,,,List,,,,,,Renewable,,false,,,,,,,
,,,,,4360f642-8dee-42c1-82eb-21100c827932,false,,MarkTest1,,,Default,One per quote line,,,,Quantity,,false,,,,,,,,,,false,,,false,,,1.0,false,,,,false,false,false,false,,false,false,false,false,false,false,false,false,,Click,false,false,,false,List,,true,,false,,,,List,,,,,,Renewable,,false,,,,,,,
,,,,,4360f642-8dee-42c1-82eb-21100c827932,false,,MarkTest1,,,Default,One per quote line,,,,Quantity,,false,,,,,,,,,,false,,,false,,,1.0,false,,,,false,false,false,false,,false,false,false,false,false,false,false,false,,Click,false,false,,false,List,,true,,false,,,,List,,,,,,Renewable,,false,,,,,,,
,,,,,4360f642-8dee-42c1-82eb-21100c827932,false,,MarkTest1,,,Default,One per quote line,,,,Quantity,,false,,,,,,,,,,false,,,false,,,1.0,false,,,,false,false,false,false,,false,false,false,false,false,false,false,false,,Click,false,false,,false,List,,true,,false,,,,List,,,,,,Renewable,,false,,,,,,,
,,,,,4360f642-8dee-42c1-82eb-21100c827932,false,,MarkTest1,,,Default,One per quote line,,,,Quantity,,false,,,,,,,,,,false,,,false,,,1.0,false,,,,false,false,false,false,,false,false,false,false,false,false,false,false,,Click,false,false,,false,List,,true,,false,,,,List,,,,,,Renewable,,false,,,,,,,
,,,,,4360f642-8dee-42c1-82eb-21100c827932,false,,MarkTest1,,,Default,One per quote line,,,,Quantity,,false,,,,,,,,,,false,,,false,,,1.0,false,,,,false,false,false,false,,false,false,false,false,false,false,false,false,,Click,false,false,,false,List,,true,,false,,,,List,,,,,,Renewable,,false,,,,,,,
,,,,,4360f642-8dee-42c1-82eb-21100c827932,false,,MarkTest1,,,Default,One per quote line,,,,Quantity,,false,,,,,,,,,,false,,,false,,,1.0,false,,,,false,false,false,false,,false,false,false,false,false,false,false,false,,Click,false,false,,false,List,,true,,false,,,,List,,,,,,Renewable,,false,,,,,,,
,,,,,4360f642-8dee-42c1-82eb-21100c827932,false,,MarkTest1,,,Default,One per quote line,,,,Quantity,,false,,,,,,,,,,false,,,false,,,1.0,false,,,,false,false,false,false,,false,false,false,false,false,false,false,false,,Click,false,false,,false,List,,true,,false,,,,List,,,,,,Renewable,,false,,,,,,,
,,,,,4360f642-8dee-42c1-82eb-21100c827932,false,,MarkTest1,,,Default,One per quote line,,,,Quantity,,false,,,,,,,,,,false,,,false,,,1.0,false,,,,false,false,false,false,,false,false,false,false,false,false,false,false,,Click,false,false,,false,List,,true,,false,,,,List,,,,,,Renewable,,false,,,,,,,
,,,,,4360f642-8dee-42c1-82eb-21100c827932,false,,MarkTest1,,,Default,One per quote line,,,,Quantity,,false,,,,,,,,,,false,,,false,,,1.0,false,,,,false,false,false,false,,false,false,false,false,false,false,false,false,,Click,false,false,,false,List,,true,,false,,,,List,,,,,,Renewable,,false,,,,,,,
,,,,,4360f642-8dee-42c1-82eb-21100c827932,false,,MarkTest1,,,Default,One per quote line,,,,Quantity,,false,,,,,,,,,,false,,,false,,,1.0,false,,,,false,false,false,false,,false,false,false,false,false,false,false,false,,Click,false,false,,false,List,,true,,false,,,,List,,,,,,Renewable,,false,,,,,,,
,,,,,4360f642-8dee-42c1-82eb-21100c827932,false,,MarkTest1,,,Default,One per quote line,,,,Quantity,,false,,,,,,,,,,false,,,false,,,1.0,false,,,,false,false,false,false,,false,false,false,false,false,false,false,false,,Click,false,false,,false,List,,true,,false,,,,List,,,,,,Renewable,,false,,,,,,,
,,,,,4360f642-8dee-42c1-82eb-21100c827932,false,,MarkTest1,,,Default,One per quote line,,,,Quantity,,false,,,,,,,,,,false,,,false,,,1.0,false,,,,false,false,false,false,,false,false,false,false,false,false,false,false,,Click,false,false,,false,List,,true,,false,,,,List,,,,,,Renewable,,false,,,,,,,
,,,,,4360f642-8dee-42c1-82eb-21100c827932,false,,MarkTest1,,,Default,One per quote line,,,,Quantity,,false,,,,,,,,,,false,,,false,,,1.0,false,,,,false,false,false,false,,false,false,false,false,false,false,false,false,,Click,false,false,,false,List,,true,,false,,,,List,,,,,,Renewable,,false,,,,,,,
,,,,,4360f642-8dee-42c1-82eb-21100c827932,false,,MarkTest1,,,Default,One per quote line,,,,Quantity,,false,,,,,,,,,,false,,,false,,,1.0,false,,,,false,false,false,false,,false,false,false,false,false,false,false,false,,Click,false,false,,false,List,,true,,false,,,,List,,,,,,Renewable,,false,,,,,,,
,,,,,4360f642-8dee-42c1-82eb-21100c827932,false,,MarkTest1,,,Default,One per quote line,,,,Quantity,,false,,,,,,,,,,false,,,false,,,1.0,false,,,,false,false,false,false,,false,false,false,false,false,false,false,false,,Click,false,false,,false,List,,true,,false,,,,List,,,,,,Renewable,,false,,,,,,,
,,,,,4360f642-8dee-42c1-82eb-21100c827932,false,,MarkTest1,,,Default,One per quote line,,,,Quantity,,false,,,,,,,,,,false,,,false,,,1.0,false,,,,false,false,false,false,,false,false,false,false,false,false,false,false,,Click,false,false,,false,List,,true,,false,,,,List,,,,,,Renewable,,false,,,,,,,
,,,,,4360f642-8dee-42c1-82eb-21100c827932,false,,MarkTest1,,,Default,One per quote line,,,,Quantity,,false,,,,,,,,,,false,,,false,,,1.0,false,,,,false,false,false,false,,false,false,false,false,false,false,false,false,,Click,false,false,,false,List,,true,,false,,,,List,,,,,,Renewable,,false,,,,,,,
,,,,,4360f642-8dee-42c1-82eb-21100c827932,false,,MarkTest1,,,Default,One per quote line,,,,Quantity,,false,,,,,,,,,,false,,,false,,,1.0,false,,,,false,false,false,false,,false,false,false,false,false,false,false,false,,Click,false,false,,false,List,,true,,false,,,,List,,,,,,Renewable,,false,,,,,,,
,,,,,4360f642-8dee-42c1-82eb-21100c827932,false,,MarkTest1,,,Default,One per quote line,,,,Quantity,,false,,,,,,,,,,false,,,false,,,1.0,false,,,,false,false,false,false,,false,false,false,false,false,false,false,false,,Click,false,false,,false,List,,true,,false,,,,List,,,,,,Renewable,,false,,,,,,,
,,,,,4360f642-8dee-42c1-82eb-21100c827932,false,,MarkTest1,,,Default,One per quote line,,,,Quantity,,false,,,,,,,,,,false,,,false,,,1.0,false,,,,false,false,false,false,,false,false,false,false,false,false,false,false,,Click,false,false,,false,List,,true,,false,,,,List,,,,,,Renewable,,false,,,,,,,
,,,,,4360f642-8dee-42c1-82eb-21100c827932,false,,MarkTest1,,,Default,One per quote line,,,,Quantity,,false,,,,,,,,,,false,,,false,,,1.0,false,,,,false,false,false,false,,false,false,false,false,false,false,false,false,,Click,false,false,,false,List,,true,,false,,,,List,,,,,,Renewable,,false,,,,,,,
,,,,,4360f642-8dee-42c1-82eb-21100c827932,false,,MarkTest1,,,Default,One per quote line,,,,Quantity,,false,,,,,,,,,,false,,,false,,,1.0,false,,,,false,false,false,false,,false,false,false,false,false,false,false,false,,Click,false,false,,false,List,,true,,false,,,,List,,,,,,Renewable,,false,,,,,,,
,,,,,4360f642-8dee-42c1-82eb-21100c827932,false,,MarkTest1,,,Default,One per quote line,,,,Quantity,,false,,,,,,,,,,false,,,false,,,1.0,false,,,,false,false,false,false,,false,false,false,false,false,false,false,false,,Click,false,false,,false,List,,true,,false,,,,List,,,,,,Renewable,,false,,,,,,,
,,,,,4360f642-8dee-42c1-82eb-21100c827932,false,,MarkTest1,,,Default,One per quote line,,,,Quantity,,false,,,,,,,,,,false,,,false,,,1.0,false,,,,false,false,false,false,,false,false,false,false,false,false,false,false,,Click,false,false,,false,List,,true,,false,,,,List,,,,,,Renewable,,false,,,,,,,
,,,,,4360f642-8dee-42c1-82eb-21100c827932,false,,MarkTest1,,,Default,One per quote line,,,,Quantity,,false,,,,,,,,,,false,,,false,,,1.0,false,,,,false,false,false,false,,false,false,false,false,false,false,false,false,,Click,false,false,,false,List,,true,,false,,,,List,,,,,,Renewable,,false,,,,,,,
,,,,,4360f642-8dee-42c1-82eb-21100c827932,false,,MarkTest1,,,Default,One per quote line,,,,Quantity,,false,,,,,,,,,,false,,,false,,,1.0,false,,,,false,false,false,false,,false,false,false,false,false,false,false,false,,Click,false,false,,false,List,,true,,false,,,,List,,,,,,Renewable,,false,,,,,,,
,,,,,4360f642-8dee-42c1-82eb-21100c827932,false,,MarkTest1,,,Default,One per quote line,,,,Quantity,,false,,,,,,,,,,false,,,false,,,1.0,false,,,,false,false,false,false,,false,false,false,false,false,false,false,false,,Click,false,false,,false,List,,true,,false,,,,List,,,,,,Renewable,,false,,,,,,,
,,,,,4360f642-8dee-42c1-82eb-21100c827932,false,,MarkTest1,,,Default,One per quote line,,,,Quantity,,false,,,,,,,,,,false,,,false,,,1.0,false,,,,false,false,false,false,,false,false,false,false,false,false,false,false,,Click,false,false,,false,List,,true,,false,,,,List,,,,,,Renewable,,false,,,,,,,
,,,,,4360f642-8dee-42c1-82eb-21100c827932,false,,MarkTest1,,,Default,One per quote line,,,,Quantity,,false,,,,,,,,,,false,,,false,,,1.0,false,,,,false,false,false,false,,false,false,false,false,false,false,false,false,,Click,false,false,,false,List,,true,,false,,,,List,,,,,,Renewable,,false,,,,,,,
,,,,,4360f642-8dee-42c1-82eb-21100c827932,false,,MarkTest1,,,Default,One per quote line,,,,Quantity,,false,,,,,,,,,,false,,,false,,,1.0,false,,,,false,false,false,false,,false,false,false,false,false,false,false,false,,Click,false,false,,false,List,,true,,false,,,,List,,,,,,Renewable,,false,,,,,,,
,,,,,4360f642-8dee-42c1-82eb-21100c827932,false,,MarkTest1,,,Default,One per quote line,,,,Quantity,,false,,,,,,,,,,false,,,false,,,1.0,false,,,,false,false,false,false,,false,false,false,false,false,false,false,false,,Click,false,false,,false,List,,true,,false,,,,List,,,,,,Renewable,,false,,,,,,,
,,,,,4360f642-8dee-42c1-82eb-21100c827932,false,,MarkTest1,,,Default,One per quote line,,,,Quantity,,false,,,,,,,,,,false,,,false,,,1.0,false,,,,false,false,false,false,,false,false,false,false,false,false,false,false,,Click,false,false,,false,List,,true,,false,,,,List,,,,,,Renewable,,false,,,,,,,
,,,,,4360f642-8dee-42c1-82eb-21100c827932,false,,MarkTest1,,,Default,One per quote line,,,,Quantity,,false,,,,,,,,,,false,,,false,,,1.0,false,,,,false,false,false,false,,false,false,false,false,false,false,false,false,,Click,false,false,,false,List,,true,,false,,,,List,,,,,,Renewable,,false,,,,,,,
,,,,,4360f642-8dee-42c1-82eb-21100c827932,false,,MarkTest1,,,Default,One per quote line,,,,Quantity,,false,,,,,,,,,,false,,,false,,,1.0,false,,,,false,false,false,false,,false,false,false,false,false,false,false,false,,Click,false,false,,false,List,,true,,false,,,,List,,,,,,Renewable,,false,,,,,,,
,,,,,96b80843-53b4-4af6-86b2-d777a23df814,false,,mooverTest,,,Default,One per quote line,,,,Quantity,,false,,,,,,,,,,false,,,false,,,1.0,false,,,,false,false,false,false,,false,false,false,false,false,false,false,false,,Click,false,false,,false,List,,true,,false,,,,List,,,,,,Renewable,,false,,,,,,,
,,,,,96b80843-53b4-4af6-86b2-d777a23df814,false,,mooverTest,,,Default,One per quote line,,,,Quantity,,false,,,,,,,,,,false,,,false,,,1.0,false,,,,false,false,false,false,,false,false,false,false,false,false,false,false,,Click,false,false,,false,List,,true,,false,,,,List,,,,,,Renewable,,false,,,,,,,
,,,,,96b80843-53b4-4af6-86b2-d777a23df814,false,,mooverTest,,,Default,One per quote line,,,,Quantity,,false,,,,,,,,,,false,,,false,,,1.0,false,,,,false,false,false,false,,false,false,false,false,false,false,false,false,,Click,false,false,,false,List,,true,,false,,,,List,,,,,,Renewable,,false,,,,,,,
,,,,,96b80843-53b4-4af6-86b2-d777a23df814,false,,mooverTest,,,Default,One per quote line,,,,Quantity,,false,,,,,,,,,,false,,,false,,,1.0,false,,,,false,false,false,false,,false,false,false,false,false,false,false,false,,Click,false,false,,false,List,,true,,false,,,,List,,,,,,Renewable,,false,,,,,,,
,,,,,96b80843-53b4-4af6-86b2-d777a23df814,false,,mooverTest,,,Default,One per quote line,,,,Quantity,,false,,,,,,,,,,false,,,false,,,1.0,false,,,,false,false,false,false,,false,false,false,false,false,false,false,false,,Click,false,false,,false,List,,true,,false,,,,List,,,,,,Renewable,,false,,,,,,,
,,,,,96b80843-53b4-4af6-86b2-d777a23df814,false,,mooverTest,,,Default,One per quote line,,,,Quantity,,false,,,,,,,,,,false,,,false,,,1.0,false,,,,false,false,false,false,,false,false,false,false,false,false,false,false,,Click,false,false,,false,List,,true,,false,,,,List,,,,,,Renewable,,false,,,,,,,
,,,,,96b80843-53b4-4af6-86b2-d777a23df814,false,,mooverTest,,,Default,One per quote line,,,,Quantity,,false,,,,,,,,,,false,,,false,,,1.0,false,,,,false,false,false,false,,false,false,false,false,false,false,false,false,,Click,false,false,,false,List,,true,,false,,,,List,,,,,,Renewable,,false,,,,,,,
,,,,,96b80843-53b4-4af6-86b2-d777a23df814,false,,mooverTest,,,Default,One per quote line,,,,Quantity,,false,,,,,,,,,,false,,,false,,,1.0,false,,,,false,false,false,false,,false,false,false,false,false,false,false,false,,Click,false,false,,false,List,,true,,false,,,,List,,,,,,Renewable,,false,,,,,,,
,,,,,96b80843-53b4-4af6-86b2-d777a23df814,false,,mooverTest,,,Default,One per quote line,,,,Quantity,,false,,,,,,,,,,false,,,false,,,1.0,false,,,,false,false,false,false,,false,false,false,false,false,false,false,false,,Click,false,false,,false,List,,true,,false,,,,List,,,,,,Renewable,,false,,,,,,,
,,,,,96b80843-53b4-4af6-86b2-d777a23df814,false,,mooverTest,,,Default,One per quote line,,,,Quantity,,false,,,,,,,,,,false,,,false,,,1.0,false,,,,false,false,false,false,,false,false,false,false,false,false,false,false,,Click,false,false,,false,List,,true,,false,,,,List,,,,,,Renewable,,false,,,,,,,
,,,,,96b80843-53b4-4af6-86b2-d777a23df814,false,,mooverTest,,,Default,One per quote line,,,,Quantity,,false,,,,,,,,,,false,,,false,,,1.0,false,,,,false,false,false,false,,false,false,false,false,false,false,false,false,,Click,false,false,,false,List,,true,,false,,,,List,,,,,,Renewable,,false,,,,,,,
,,,,,96b80843-53b4-4af6-86b2-d777a23df814,false,,mooverTest,,,Default,One per quote line,,,,Quantity,,false,,,,,,,,,,false,,,false,,,1.0,false,,,,false,false,false,false,,false,false,false,false,false,false,false,false,,Click,false,false,,false,List,,true,,false,,,,List,,,,,,Renewable,,false,,,,,,,
,,,,,96b80843-53b4-4af6-86b2-d777a23df814,false,,mooverTest,,,Default,One per quote line,,,,Quantity,,false,,,,,,,,,,false,,,false,,,1.0,false,,,,false,false,false,false,,false,false,false,false,false,false,false,false,,Click,false,false,,false,List,,true,,false,,,,List,,,,,,Renewable,,false,,,,,,,
,,,,,96b80843-53b4-4af6-86b2-d777a23df814,false,,mooverTest,,,Default,One per quote line,,,,Quantity,,false,,,,,,,,,,false,,,false,,,1.0,false,,,,false,false,false,false,,false,false,false,false,false,false,false,false,,Click,false,false,,false,List,,true,,false,,,,List,,,,,,Renewable,,false,,,,,,,
,,,,,96b80843-53b4-4af6-86b2-d777a23df814,false,,mooverTest,,,Default,One per quote line,,,,Quantity,,false,,,,,,,,,,false,,,false,,,1.0,false,,,,false,false,false,false,,false,false,false,false,false,false,false,false,,Click,false,false,,false,List,,true,,false,,,,List,,,,,,Renewable,,false,,,,,,,
,,,,,96b80843-53b4-4af6-86b2-d777a23df814,false,,mooverTest,,,Default,One per quote line,,,,Quantity,,false,,,,,,,,,,false,,,false,,,1.0,false,,,,false,false,false,false,,false,false,false,false,false,false,false,false,,Click,false,false,,false,List,,true,,false,,,,List,,,,,,Renewable,,false,,,,,,,
,,,,,96b80843-53b4-4af6-86b2-d777a23df814,false,,mooverTest,,,Default,One per quote line,,,,Quantity,,false,,,,,,,,,,false,,,false,,,1.0,false,,,,false,false,false,false,,false,false,false,false,false,false,false,false,,Click,false,false,,false,List,,true,,false,,,,List,,,,,,Renewable,,false,,,,,,,
,,,,,96b80843-53b4-4af6-86b2-d777a23df814,false,,mooverTest,,,Default,One per quote line,,,,Quantity,,false,,,,,,,,,,false,,,false,,,1.0,false,,,,false,false,false,false,,false,false,false,false,false,false,false,false,,Click,false,false,,false,List,,true,,false,,,,List,,,,,,Renewable,,false,,,,,,,
,,,,,96b80843-53b4-4af6-86b2-d777a23df814,false,,mooverTest,,,Default,One per quote line,,,,Quantity,,false,,,,,,,,,,false,,,false,,,1.0,false,,,,false,false,false,false,,false,false,false,false,false,false,false,false,,Click,false,false,,false,List,,true,,false,,,,List,,,,,,Renewable,,false,,,,,,,
,,,,,96b80843-53b4-4af6-86b2-d777a23df814,false,,mooverTest,,,Default,One per quote line,,,,Quantity,,false,,,,,,,,,,false,,,false,,,1.0,false,,,,false,false,false,false,,false,false,false,false,false,false,false,false,,Click,false,false,,false,List,,true,,false,,,,List,,,,,,Renewable,,false,,,,,,,
,,,,,96b80843-53b4-4af6-86b2-d777a23df814,false,,mooverTest,,,Default,One per quote line,,,,Quantity,,false,,,,,,,,,,false,,,false,,,1.0,false,,,,false,false,false,false,,false,false,false,false,false,false,false,false,,Click,false,false,,false,List,,true,,false,,,,List,,,,,,Renewable,,false,,,,,,,
,,,,,96b80843-53b4-4af6-86b2-d777a23df814,false,,mooverTest,,,Default,One per quote line,,,,Quantity,,false,,,,,,,,,,false,,,false,,,1.0,false,,,,false,false,false,false,,false,false,false,false,false,false,false,false,,Click,false,false,,false,List,,true,,false,,,,List,,,,,,Renewable,,false,,,,,,,
,,,,,96b80843-53b4-4af6-86b2-d777a23df814,false,,mooverTest,,,Default,One per quote line,,,,Quantity,,false,,,,,,,,,,false,,,false,,,1.0,false,,,,false,false,false,false,,false,false,false,false,false,false,false,false,,Click,false,false,,false,List,,true,,false,,,,List,,,,,,Renewable,,false,,,,,,,
,,,,,96b80843-53b4-4af6-86b2-d777a23df814,false,,mooverTest,,,Default,One per quote line,,,,Quantity,,false,,,,,,,,,,false,,,false,,,1.0,false,,,,false,false,false,false,,false,false,false,false,false,false,false,false,,Click,false,false,,false,List,,true,,false,,,,List,,,,,,Renewable,,false,,,,,,,
,,,,,96b80843-53b4-4af6-86b2-d777a23df814,false,,mooverTest,,,Default,One per quote line,,,,Quantity,,false,,,,,,,,,,false,,,false,,,1.0,false,,,,false,false,false,false,,false,false,false,false,false,false,false,false,,Click,false,false,,false,List,,true,,false,,,,List,,,,,,Renewable,,false,,,,,,,
,,,,,96b80843-53b4-4af6-86b2-d777a23df814,false,,mooverTest,,,Default,One per quote line,,,,Quantity,,false,,,,,,,,,,false,,,false,,,1.0,false,,,,false,false,false,false,,false,false,false,false,false,false,false,false,,Click,false,false,,false,List,,true,,false,,,,List,,,,,,Renewable,,false,,,,,,,
,,,,,96b80843-53b4-4af6-86b2-d777a23df814,false,,mooverTest,,,Default,One per quote line,,,,Quantity,,false,,,,,,,,,,false,,,false,,,1.0,false,,,,false,false,false,false,,false,false,false,false,false,false,false,false,,Click,false,false,,false,List,,true,,false,,,,List,,,,,,Renewable,,false,,,,,,,
,,,,,96b80843-53b4-4af6-86b2-d777a23df814,false,,mooverTest,,,Default,One per quote line,,,,Quantity,,false,,,,,,,,,,false,,,false,,,1.0,false,,,,false,false,false,false,,false,false,false,false,false,false,false,false,,Click,false,false,,false,List,,true,,false,,,,List,,,,,,Renewable,,false,,,,,,,
,,,,,96b80843-53b4-4af6-86b2-d777a23df814,false,,mooverTest,,,Default,One per quote line,,,,Quantity,,false,,,,,,,,,,false,,,false,,,1.0,false,,,,false,false,false,false,,false,false,false,false,false,false,false,false,,Click,false,false,,false,List,,true,,false,,,,List,,,,,,Renewable,,false,,,,,,,
,,,,,96b80843-53b4-4af6-86b2-d777a23df814,false,,mooverTest,,,Default,One per quote line,,,,Quantity,,false,,,,,,,,,,false,,,false,,,1.0,false,,,,false,false,false,false,,false,false,false,false,false,false,false,false,,Click,false,false,,false,List,,true,,false,,,,List,,,,,,Renewable,,false,,,,,,,
,,,,,96b80843-53b4-4af6-86b2-d777a23df814,false,,mooverTest,,,Default,One per quote line,,,,Quantity,,false,,,,,,,,,,false,,,false,,,1.0,false,,,,false,false,false,false,,false,false,false,false,false,false,false,false,,Click,false,false,,false,List,,true,,false,,,,List,,,,,,Renewable,,false,,,,,,,
,,,,,96b80843-53b4-4af6-86b2-d777a23df814,false,,mooverTest,,,Default,One per quote line,,,,Quantity,,false,,,,,,,,,,false,,,false,,,1.0,false,,,,false,false,false,false,,false,false,false,false,false,false,false,false,,Click,false,false,,false,List,,true,,false,,,,List,,,,,,Renewable,,false,,,,,,,
,,,,,96b80843-53b4-4af6-86b2-d777a23df814,false,,mooverTest,,,Default,One per quote line,,,,Quantity,,false,,,,,,,,,,false,,,false,,,1.0,false,,,,false,false,false,false,,false,false,false,false,false,false,false,false,,Click,false,false,,false,List,,true,,false,,,,List,,,,,,Renewable,,false,,,,,,,
,,,,,96b80843-53b4-4af6-86b2-d777a23df814,false,,mooverTest,,,Default,One per quote line,,,,Quantity,,false,,,,,,,,,,false,,,false,,,1.0,false,,,,false,false,false,false,,false,false,false,false,false,false,false,false,,Click,false,false,,false,List,,true,,false,,,,List,,,,,,Renewable,,false,,,,,,,
,,,,,96b80843-53b4-4af6-86b2-d777a23df814,false,,mooverTest,,,Default,One per quote line,,,,Quantity,,false,,,,,,,,,,false,,,false,,,1.0,false,,,,false,false,false,false,,false,false,false,false,false,false,false,false,,Click,false,false,,false,List,,true,,false,,,,List,,,,,,Renewable,,false,,,,,,,
,,,,,96b80843-53b4-4af6-86b2-d777a23df814,false,,mooverTest,,,Default,One per quote line,,,,Quantity,,false,,,,,,,,,,false,,,false,,,1.0,false,,,,false,false,false,false,,false,false,false,false,false,false,false,false,,Click,false,false,,false,List,,true,,false,,,,List,,,,,,Renewable,,false,,,,,,,
,,,,,96b80843-53b4-4af6-86b2-d777a23df814,false,,mooverTest,,,Default,One per quote line,,,,Quantity,,false,,,,,,,,,,false,,,false,,,1.0,false,,,,false,false,false,false,,false,false,false,false,false,false,false,false,,Click,false,false,,false,List,,true,,false,,,,List,,,,,,Renewable,,false,,,,,,,
,,,,,96b80843-53b4-4af6-86b2-d777a23df814,false,,mooverTest,,,Default,One per quote line,,,,Quantity,,false,,,,,,,,,,false,,,false,,,1.0,false,,,,false,false,false,false,,false,false,false,false,false,false,false,false,,Click,false,false,,false,List,,true,,false,,,,List,,,,,,Renewable,,false,,,,,,,
,,,,,96b80843-53b4-4af6-86b2-d777a23df814,false,,mooverTest,,,Default,One per quote line,,,,Quantity,,false,,,,,,,,,,false,,,false,,,1.0,false,,,,false,false,false,false,,false,false,false,false,false,false,false,false,,Click,false,false,,false,List,,true,,false,,,,List,,,,,,Renewable,,false,,,,,,,
,,,,,96b80843-53b4-4af6-86b2-d777a23df814,false,,mooverTest,,,Default,One per quote line,,,,Quantity,,false,,,,,,,,,,false,,,false,,,1.0,false,,,,false,false,false,false,,false,false,false,false,false,false,false,false,,Click,false,false,,false,List,,true,,false,,,,List,,,,,,Renewable,,false,,,,,,,
,,,,,96b80843-53b4-4af6-86b2-d777a23df814,false,,mooverTest,,,Default,One per quote line,,,,Quantity,,false,,,,,,,,,,false,,,false,,,1.0,false,,,,false,false,false,false,,false,false,false,false,false,false,false,false,,Click,false,false,,false,List,,true,,false,,,,List,,,,,,Renewable,,false,,,,,,,
,,,,,96b80843-53b4-4af6-86b2-d777a23df814,false,,mooverTest,,,Default,One per quote line,,,,Quantity,,false,,,,,,,,,,false,,,false,,,1.0,false,,,,false,false,false,false,,false,false,false,false,false,false,false,false,,Click,false,false,,false,List,,true,,false,,,,List,,,,,,Renewable,,false,,,,,,,
,,,,,96b80843-53b4-4af6-86b2-d777a23df814,false,,mooverTest,,,Default,One per quote line,,,,Quantity,,false,,,,,,,,,,false,,,false,,,1.0,false,,,,false,false,false,false,,false,false,false,false,false,false,false,false,,Click,false,false,,false,List,,true,,false,,,,List,,,,,,Renewable,,false,,,,,,,
,,,,,96b80843-53b4-4af6-86b2-d777a23df814,false,,mooverTest,,,Default,One per quote line,,,,Quantity,,false,,,,,,,,,,false,,,false,,,1.0,false,,,,false,false,false,false,,false,false,false,false,false,false,false,false,,Click,false,false,,false,List,,true,,false,,,,List,,,,,,Renewable,,false,,,,,,,
,,,,,96b80843-53b4-4af6-86b2-d777a23df814,false,,mooverTest,,,Default,One per quote line,,,,Quantity,,false,,,,,,,,,,false,,,false,,,1.0,false,,,,false,false,false,false,,false,false,false,false,false,false,false,false,,Click,false,false,,false,List,,true,,false,,,,List,,,,,,Renewable,,false,,,,,,,
,,,,,96b80843-53b4-4af6-86b2-d777a23df814,false,,mooverTest,,,Default,One per quote line,,,,Quantity,,false,,,,,,,,,,false,,,false,,,1.0,false,,,,false,false,false,false,,false,false,false,false,false,false,false,false,,Click,false,false,,false,List,,true,,false,,,,List,,,,,,Renewable,,false,,,,,,,
,,,,,96b80843-53b4-4af6-86b2-d777a23df814,false,,mooverTest,,,Default,One per quote line,,,,Quantity,,false,,,,,,,,,,false,,,false,,,1.0,false,,,,false,false,false,false,,false,false,false,false,false,false,false,false,,Click,false,false,,false,List,,true,,false,,,,List,,,,,,Renewable,,false,,,,,,,
,,,,,96b80843-53b4-4af6-86b2-d777a23df814,false,,mooverTest,,,Default,One per quote line,,,,Quantity,,false,,,,,,,,,,false,,,false,,,1.0,false,,,,false,false,false,false,,false,false,false,false,false,false,false,false,,Click,false,false,,false,List,,true,,false,,,,List,,,,,,Renewable,,false,,,,,,,
,,,,,96b80843-53b4-4af6-86b2-d777a23df814,false,,mooverTest,,,Default,One per quote line,,,,Quantity,,false,,,,,,,,,,false,,,false,,,1.0,false,,,,false,false,false,false,,false,false,false,false,false,false,false,false,,Click,false,false,,false,List,,true,,false,,,,List,,,,,,Renewable,,false,,,,,,,
,,,,None,3f520dfa-ad65-4b4e-b5d5-c5382e4dd9da,true,,Prod New 22222,123abcd,,Allow Refund,One per quote line,,,,Quantity,,true,12.0,Always,,,,Required,,,,false,,,false,,,100.0,false,,,,false,false,true,false,,false,false,false,true,false,false,false,false,Tabs,Click,false,false,,false,List,,true,,false,,12.0,<p>spec here</p>,List,,,,,,Renewable,,false,,,,,,,
,,,,None,3f520dfa-ad65-4b4e-b5d5-c5382e4dd9da,true,,Prod New 22222,123abcd,,Allow Refund,One per quote line,,,,Quantity,,true,12.0,Always,,,,Required,,,,false,,,false,,,100.0,false,,,,false,false,true,false,,false,false,false,true,false,false,false,false,Tabs,Click,false,false,,false,List,,true,,false,,12.0,<p>spec here</p>,List,,,,,,Renewable,,false,,,,,,,
,,,,None,3f520dfa-ad65-4b4e-b5d5-c5382e4dd9da,true,,Prod New 22222,123abcd,,Allow Refund,One per quote line,,,,Quantity,,true,12.0,Always,,,,Required,,,,false,,,false,,,100.0,false,,,,false,false,true,false,,false,false,false,true,false,false,false,false,Tabs,Click,false,false,,false,List,,true,,false,,12.0,<p>spec here</p>,List,,,,,,Renewable,,false,,,,,,,
,,,,None,3f520dfa-ad65-4b4e-b5d5-c5382e4dd9da,true,,Prod New 22222,123abcd,,Allow Refund,One per quote line,,,,Quantity,,true,12.0,Always,,,,Required,,,,false,,,false,,,100.0,false,,,,false,false,true,false,,false,false,false,true,false,false,false,false,Tabs,Click,false,false,,false,List,,true,,false,,12.0,<p>spec here</p>,List,,,,,,Renewable,,false,,,,,,,
,,,,None,3f520dfa-ad65-4b4e-b5d5-c5382e4dd9da,true,,Prod New 22222,123abcd,,Allow Refund,One per quote line,,,,Quantity,,true,12.0,Always,,,,Required,,,,false,,,false,,,100.0,false,,,,false,false,true,false,,false,false,false,true,false,false,false,false,Tabs,Click,false,false,,false,List,,true,,false,,12.0,<p>spec here</p>,List,,,,,,Renewable,,false,,,,,,,
,,,,None,3f520dfa-ad65-4b4e-b5d5-c5382e4dd9da,true,,Prod New 22222,123abcd,,Allow Refund,One per quote line,,,,Quantity,,true,12.0,Always,,,,Required,,,,false,,,false,,,100.0,false,,,,false,false,true,false,,false,false,false,true,false,false,false,false,Tabs,Click,false,false,,false,List,,true,,false,,12.0,<p>spec here</p>,List,,,,,,Renewable,,false,,,,,,,
,,,,None,3f520dfa-ad65-4b4e-b5d5-c5382e4dd9da,true,,Prod New 22222,123abcd,,Allow Refund,One per quote line,,,,Quantity,,true,12.0,Always,,,,Required,,,,false,,,false,,,100.0,false,,,,false,false,true,false,,false,false,false,true,false,false,false,false,Tabs,Click,false,false,,false,List,,true,,false,,12.0,<p>spec here</p>,List,,,,,,Renewable,,false,,,,,,,
,,,,None,3f520dfa-ad65-4b4e-b5d5-c5382e4dd9da,true,,Prod New 22222,123abcd,,Allow Refund,One per quote line,,,,Quantity,,true,12.0,Always,,,,Required,,,,false,,,false,,,100.0,false,,,,false,false,true,false,,false,false,false,true,false,false,false,false,Tabs,Click,false,false,,false,List,,true,,false,,12.0,<p>spec here</p>,List,,,,,,Renewable,,false,,,,,,,
,,,,None,3f520dfa-ad65-4b4e-b5d5-c5382e4dd9da,true,,Prod New 22222,123abcd,,Allow Refund,One per quote line,,,,Quantity,,true,12.0,Always,,,,Required,,,,false,,,false,,,100.0,false,,,,false,false,true,false,,false,false,false,true,false,false,false,false,Tabs,Click,false,false,,false,List,,true,,false,,12.0,<p>spec here</p>,List,,,,,,Renewable,,false,,,,,,,
,,,,None,3f520dfa-ad65-4b4e-b5d5-c5382e4dd9da,true,,Prod New 22222,123abcd,,Allow Refund,One per quote line,,,,Quantity,,true,12.0,Always,,,,Required,,,,false,,,false,,,100.0,false,,,,false,false,true,false,,false,false,false,true,false,false,false,false,Tabs,Click,false,false,,false,List,,true,,false,,12.0,<p>spec here</p>,List,,,,,,Renewable,,false,,,,,,,
,,,,None,3f520dfa-ad65-4b4e-b5d5-c5382e4dd9da,true,,Prod New 22222,123abcd,,Allow Refund,One per quote line,,,,Quantity,,true,12.0,Always,,,,Required,,,,false,,,false,,,100.0,false,,,,false,false,true,false,,false,false,false,true,false,false,false,false,Tabs,Click,false,false,,false,List,,true,,false,,12.0,<p>spec here</p>,List,,,,,,Renewable,,false,,,,,,,
,,,,None,3f520dfa-ad65-4b4e-b5d5-c5382e4dd9da,true,,Prod New 22222,123abcd,,Allow Refund,One per quote line,,,,Quantity,,true,12.0,Always,,,,Required,,,,false,,,false,,,100.0,false,,,,false,false,true,false,,false,false,false,true,false,false,false,false,Tabs,Click,false,false,,false,List,,true,,false,,12.0,<p>spec here</p>,List,,,,,,Renewable,,false,,,,,,,
,,,,None,3f520dfa-ad65-4b4e-b5d5-c5382e4dd9da,true,,Prod New 22222,123abcd,,Allow Refund,One per quote line,,,,Quantity,,true,12.0,Always,,,,Required,,,,false,,,false,,,100.0,false,,,,false,false,true,false,,false,false,false,true,false,false,false,false,Tabs,Click,false,false,,false,List,,true,,false,,12.0,<p>spec here</p>,List,,,,,,Renewable,,false,,,,,,,
,,,,None,3f520dfa-ad65-4b4e-b5d5-c5382e4dd9da,true,,Prod New 22222,123abcd,,Allow Refund,One per quote line,,,,Quantity,,true,12.0,Always,,,,Required,,,,false,,,false,,,100.0,false,,,,false,false,true,false,,false,false,false,true,false,false,false,false,Tabs,Click,false,false,,false,List,,true,,false,,12.0,<p>spec here</p>,List,,,,,,Renewable,,false,,,,,,,
,,,,None,3f520dfa-ad65-4b4e-b5d5-c5382e4dd9da,true,,Prod New 22222,123abcd,,Allow Refund,One per quote line,,,,Quantity,,true,12.0,Always,,,,Required,,,,false,,,false,,,100.0,false,,,,false,false,true,false,,false,false,false,true,false,false,false,false,Tabs,Click,false,false,,false,List,,true,,false,,12.0,<p>spec here</p>,List,,,,,,Renewable,,false,,,,,,,
,,,,None,3f520dfa-ad65-4b4e-b5d5-c5382e4dd9da,true,,Prod New 22222,123abcd,,Allow Refund,One per quote line,,,,Quantity,,true,12.0,Always,,,,Required,,,,false,,,false,,,100.0,false,,,,false,false,true,false,,false,false,false,true,false,false,false,false,Tabs,Click,false,false,,false,List,,true,,false,,12.0,<p>spec here</p>,List,,,,,,Renewable,,false,,,,,,,
,,,,None,3f520dfa-ad65-4b4e-b5d5-c5382e4dd9da,true,,Prod New 22222,123abcd,,Allow Refund,One per quote line,,,,Quantity,,true,12.0,Always,,,,Required,,,,false,,,false,,,100.0,false,,,,false,false,true,false,,false,false,false,true,false,false,false,false,Tabs,Click,false,false,,false,List,,true,,false,,12.0,<p>spec here</p>,List,,,,,,Renewable,,false,,,,,,,
,,,,None,3f520dfa-ad65-4b4e-b5d5-c5382e4dd9da,true,,Prod New 22222,123abcd,,Allow Refund,One per quote line,,,,Quantity,,true,12.0,Always,,,,Required,,,,false,,,false,,,100.0,false,,,,false,false,true,false,,false,false,false,true,false,false,false,false,Tabs,Click,false,false,,false,List,,true,,false,,12.0,<p>spec here</p>,List,,,,,,Renewable,,false,,,,,,,
,,,,None,3f520dfa-ad65-4b4e-b5d5-c5382e4dd9da,true,,Prod New 22222,123abcd,,Allow Refund,One per quote line,,,,Quantity,,true,12.0,Always,,,,Required,,,,false,,,false,,,100.0,false,,,,false,false,true,false,,false,false,false,true,false,false,false,false,Tabs,Click,false,false,,false,List,,true,,false,,12.0,<p>spec here</p>,List,,,,,,Renewable,,false,,,,,,,
,,,,None,3f520dfa-ad65-4b4e-b5d5-c5382e4dd9da,true,,Prod New 22222,123abcd,,Allow Refund,One per quote line,,,,Quantity,,true,12.0,Always,,,,Required,,,,false,,,false,,,100.0,false,,,,false,false,true,false,,false,false,false,true,false,false,false,false,Tabs,Click,false,false,,false,List,,true,,false,,12.0,<p>spec here</p>,List,,,,,,Renewable,,false,,,,,,,
,,,,None,3f520dfa-ad65-4b4e-b5d5-c5382e4dd9da,true,,Prod New 22222,123abcd,,Allow Refund,One per quote line,,,,Quantity,,true,12.0,Always,,,,Required,,,,false,,,false,,,100.0,false,,,,false,false,true,false,,false,false,false,true,false,false,false,false,Tabs,Click,false,false,,false,List,,true,,false,,12.0,<p>spec here</p>,List,,,,,,Renewable,,false,,,,,,,
,,,,None,3f520dfa-ad65-4b4e-b5d5-c5382e4dd9da,true,,Prod New 22222,123abcd,,Allow Refund,One per quote line,,,,Quantity,,true,12.0,Always,,,,Required,,,,false,,,false,,,100.0,false,,,,false,false,true,false,,false,false,false,true,false,false,false,false,Tabs,Click,false,false,,false,List,,true,,false,,12.0,<p>spec here</p>,List,,,,,,Renewable,,false,,,,,,,
,,,,None,3f520dfa-ad65-4b4e-b5d5-c5382e4dd9da,true,,Prod New 22222,123abcd,,Allow Refund,One per quote line,,,,Quantity,,true,12.0,Always,,,,Required,,,,false,,,false,,,100.0,false,,,,false,false,true,false,,false,false,false,true,false,false,false,false,Tabs,Click,false,false,,false,List,,true,,false,,12.0,<p>spec here</p>,List,,,,,,Renewable,,false,,,,,,,
,,,,None,3f520dfa-ad65-4b4e-b5d5-c5382e4dd9da,true,,Prod New 22222,123abcd,,Allow Refund,One per quote line,,,,Quantity,,true,12.0,Always,,,,Required,,,,false,,,false,,,100.0,false,,,,false,false,true,false,,false,false,false,true,false,false,false,false,Tabs,Click,false,false,,false,List,,true,,false,,12.0,<p>spec here</p>,List,,,,,,Renewable,,false,,,,,,,
,,,,None,3f520dfa-ad65-4b4e-b5d5-c5382e4dd9da,true,,Prod New 22222,123abcd,,Allow Refund,One per quote line,,,,Quantity,,true,12.0,Always,,,,Required,,,,false,,,false,,,100.0,false,,,,false,false,true,false,,false,false,false,true,false,false,false,false,Tabs,Click,false,false,,false,List,,true,,false,,12.0,<p>spec here</p>,List,,,,,,Renewable,,false,,,,,,,
,,,,None,3f520dfa-ad65-4b4e-b5d5-c5382e4dd9da,true,,Prod New 22222,123abcd,,Allow Refund,One per quote line,,,,Quantity,,true,12.0,Always,,,,Required,,,,false,,,false,,,100.0,false,,,,false,false,true,false,,false,false,false,true,false,false,false,false,Tabs,Click,false,false,,false,List,,true,,false,,12.0,<p>spec here</p>,List,,,,,,Renewable,,false,,,,,,,
,,,,None,3f520dfa-ad65-4b4e-b5d5-c5382e4dd9da,true,,Prod New 22222,123abcd,,Allow Refund,One per quote line,,,,Quantity,,true,12.0,Always,,,,Required,,,,false,,,false,,,100.0,false,,,,false,false,true,false,,false,false,false,true,false,false,false,false,Tabs,Click,false,false,,false,List,,true,,false,,12.0,<p>spec here</p>,List,,,,,,Renewable,,false,,,,,,,
,,,,None,3f520dfa-ad65-4b4e-b5d5-c5382e4dd9da,true,,Prod New 22222,123abcd,,Allow Refund,One per quote line,,,,Quantity,,true,12.0,Always,,,,Required,,,,false,,,false,,,100.0,false,,,,false,false,true,false,,false,false,false,true,false,false,false,false,Tabs,Click,false,false,,false,List,,true,,false,,12.0,<p>spec here</p>,List,,,,,,Renewable,,false,,,,,,,
,,,,None,3f520dfa-ad65-4b4e-b5d5-c5382e4dd9da,true,,Prod New 22222,123abcd,,Allow Refund,One per quote line,,,,Quantity,,true,12.0,Always,,,,Required,,,,false,,,false,,,100.0,false,,,,false,false,true,false,,false,false,false,true,false,false,false,false,Tabs,Click,false,false,,false,List,,true,,false,,12.0,<p>spec here</p>,List,,,,,,Renewable,,false,,,,,,,
,,,,None,3f520dfa-ad65-4b4e-b5d5-c5382e4dd9da,true,,Prod New 22222,123abcd,,Allow Refund,One per quote line,,,,Quantity,,true,12.0,Always,,,,Required,,,,false,,,false,,,100.0,false,,,,false,false,true,false,,false,false,false,true,false,false,false,false,Tabs,Click,false,false,,false,List,,true,,false,,12.0,<p>spec here</p>,List,,,,,,Renewable,,false,,,,,,,
,,,,None,3f520dfa-ad65-4b4e-b5d5-c5382e4dd9da,true,,Prod New 22222,123abcd,,Allow Refund,One per quote line,,,,Quantity,,true,12.0,Always,,,,Required,,,,false,,,false,,,100.0,false,,,,false,false,true,false,,false,false,false,true,false,false,false,false,Tabs,Click,false,false,,false,List,,true,,false,,12.0,<p>spec here</p>,List,,,,,,Renewable,,false,,,,,,,
,,,,None,3f520dfa-ad65-4b4e-b5d5-c5382e4dd9da,true,,Prod New 22222,123abcd,,Allow Refund,One per quote line,,,,Quantity,,true,12.0,Always,,,,Required,,,,false,,,false,,,100.0,false,,,,false,false,true,false,,false,false,false,true,false,false,false,false,Tabs,Click,false,false,,false,List,,true,,false,,12.0,<p>spec here</p>,List,,,,,,Renewable,,false,,,,,,,
,,,,None,3f520dfa-ad65-4b4e-b5d5-c5382e4dd9da,true,,Prod New 22222,123abcd,,Allow Refund,One per quote line,,,,Quantity,,true,12.0,Always,,,,Required,,,,false,,,false,,,100.0,false,,,,false,false,true,false,,false,false,false,true,false,false,false,false,Tabs,Click,false,false,,false,List,,true,,false,,12.0,<p>spec here</p>,List,,,,,,Renewable,,false,,,,,,,
,,,,None,3f520dfa-ad65-4b4e-b5d5-c5382e4dd9da,true,,Prod New 22222,123abcd,,Allow Refund,One per quote line,,,,Quantity,,true,12.0,Always,,,,Required,,,,false,,,false,,,100.0,false,,,,false,false,true,false,,false,false,false,true,false,false,false,false,Tabs,Click,false,false,,false,List,,true,,false,,12.0,<p>spec here</p>,List,,,,,,Renewable,,false,,,,,,,
,,,,None,3f520dfa-ad65-4b4e-b5d5-c5382e4dd9da,true,,Prod New 22222,123abcd,,Allow Refund,One per quote line,,,,Quantity,,true,12.0,Always,,,,Required,,,,false,,,false,,,100.0,false,,,,false,false,true,false,,false,false,false,true,false,false,false,false,Tabs,Click,false,false,,false,List,,true,,false,,12.0,<p>spec here</p>,List,,,,,,Renewable,,false,,,,,,,
,,,,None,3f520dfa-ad65-4b4e-b5d5-c5382e4dd9da,true,,Prod New 22222,123abcd,,Allow Refund,One per quote line,,,,Quantity,,true,12.0,Always,,,,Required,,,,false,,,false,,,100.0,false,,,,false,false,true,false,,false,false,false,true,false,false,false,false,Tabs,Click,false,false,,false,List,,true,,false,,12.0,<p>spec here</p>,List,,,,,,Renewable,,false,,,,,,,
,,,,None,3f520dfa-ad65-4b4e-b5d5-c5382e4dd9da,true,,Prod New 22222,123abcd,,Allow Refund,One per quote line,,,,Quantity,,true,12.0,Always,,,,Required,,,,false,,,false,,,100.0,false,,,,false,false,true,false,,false,false,false,true,false,false,false,false,Tabs,Click,false,false,,false,List,,true,,false,,12.0,<p>spec here</p>,List,,,,,,Renewable,,false,,,,,,,
,,,,None,3f520dfa-ad65-4b4e-b5d5-c5382e4dd9da,true,,Prod New 22222,123abcd,,Allow Refund,One per quote line,,,,Quantity,,true,12.0,Always,,,,Required,,,,false,,,false,,,100.0,false,,,,false,false,true,false,,false,false,false,true,false,false,false,false,Tabs,Click,false,false,,false,List,,true,,false,,12.0,<p>spec here</p>,List,,,,,,Renewable,,false,,,,,,,
,,,,None,3f520dfa-ad65-4b4e-b5d5-c5382e4dd9da,true,,Prod New 22222,123abcd,,Allow Refund,One per quote line,,,,Quantity,,true,12.0,Always,,,,Required,,,,false,,,false,,,100.0,false,,,,false,false,true,false,,false,false,false,true,false,false,false,false,Tabs,Click,false,false,,false,List,,true,,false,,12.0,<p>spec here</p>,List,,,,,,Renewable,,false,,,,,,,
,,,,None,3f520dfa-ad65-4b4e-b5d5-c5382e4dd9da,true,,Prod New 22222,123abcd,,Allow Refund,One per quote line,,,,Quantity,,true,12.0,Always,,,,Required,,,,false,,,false,,,100.0,false,,,,false,false,true,false,,false,false,false,true,false,false,false,false,Tabs,Click,false,false,,false,List,,true,,false,,12.0,<p>spec here</p>,List,,,,,,Renewable,,false,,,,,,,
,,,,None,3f520dfa-ad65-4b4e-b5d5-c5382e4dd9da,true,,Prod New 22222,123abcd,,Allow Refund,One per quote line,,,,Quantity,,true,12.0,Always,,,,Required,,,,false,,,false,,,100.0,false,,,,false,false,true,false,,false,false,false,true,false,false,false,false,Tabs,Click,false,false,,false,List,,true,,false,,12.0,<p>spec here</p>,List,,,,,,Renewable,,false,,,,,,,
,,,,None,3f520dfa-ad65-4b4e-b5d5-c5382e4dd9da,true,,Prod New 22222,123abcd,,Allow Refund,One per quote line,,,,Quantity,,true,12.0,Always,,,,Required,,,,false,,,false,,,100.0,false,,,,false,false,true,false,,false,false,false,true,false,false,false,false,Tabs,Click,false,false,,false,List,,true,,false,,12.0,<p>spec here</p>,List,,,,,,Renewable,,false,,,,,,,
,,,,None,3f520dfa-ad65-4b4e-b5d5-c5382e4dd9da,true,,Prod New 22222,123abcd,,Allow Refund,One per quote line,,,,Quantity,,true,12.0,Always,,,,Required,,,,false,,,false,,,100.0,false,,,,false,false,true,false,,false,false,false,true,false,false,false,false,Tabs,Click,false,false,,false,List,,true,,false,,12.0,<p>spec here</p>,List,,,,,,Renewable,,false,,,,,,,
,,,,None,3f520dfa-ad65-4b4e-b5d5-c5382e4dd9da,true,,Prod New 22222,123abcd,,Allow Refund,One per quote line,,,,Quantity,,true,12.0,Always,,,,Required,,,,false,,,false,,,100.0,false,,,,false,false,true,false,,false,false,false,true,false,false,false,false,Tabs,Click,false,false,,false,List,,true,,false,,12.0,<p>spec here</p>,List,,,,,,Renewable,,false,,,,,,,
,,,,None,3f520dfa-ad65-4b4e-b5d5-c5382e4dd9da,true,,Prod New 22222,123abcd,,Allow Refund,One per quote line,,,,Quantity,,true,12.0,Always,,,,Required,,,,false,,,false,,,100.0,false,,,,false,false,true,false,,false,false,false,true,false,false,false,false,Tabs,Click,false,false,,false,List,,true,,false,,12.0,<p>spec here</p>,List,,,,,,Renewable,,false,,,,,,,
,,,,None,3f520dfa-ad65-4b4e-b5d5-c5382e4dd9da,true,,Prod New 22222,123abcd,,Allow Refund,One per quote line,,,,Quantity,,true,12.0,Always,,,,Required,,,,false,,,false,,,100.0,false,,,,false,false,true,false,,false,false,false,true,false,false,false,false,Tabs,Click,false,false,,false,List,,true,,false,,12.0,<p>spec here</p>,List,,,,,,Renewable,,false,,,,,,,
,,,,None,3f520dfa-ad65-4b4e-b5d5-c5382e4dd9da,true,,Prod New 22222,123abcd,,Allow Refund,One per quote line,,,,Quantity,,true,12.0,Always,,,,Required,,,,false,,,false,,,100.0,false,,,,false,false,true,false,,false,false,false,true,false,false,false,false,Tabs,Click,false,false,,false,List,,true,,false,,12.0,<p>spec here</p>,List,,,,,,Renewable,,false,,,,,,,
,,,,None,3f520dfa-ad65-4b4e-b5d5-c5382e4dd9da,true,,Prod New 22222,123abcd,,Allow Refund,One per quote line,,,,Quantity,,true,12.0,Always,,,,Required,,,,false,,,false,,,100.0,false,,,,false,false,true,false,,false,false,false,true,false,false,false,false,Tabs,Click,false,false,,false,List,,true,,false,,12.0,<p>spec here</p>,List,,,,,,Renewable,,false,,,,,,,
,,,,None,3f520dfa-ad65-4b4e-b5d5-c5382e4dd9da,true,,Prod New 22222,123abcd,,Allow Refund,One per quote line,,,,Quantity,,true,12.0,Always,,,,Required,,,,false,,,false,,,100.0,false,,,,false,false,true,false,,false,false,false,true,false,false,false,false,Tabs,Click,false,false,,false,List,,true,,false,,12.0,<p>spec here</p>,List,,,,,,Renewable,,false,,,,,,,
,,,,,e5c27308-1f9d-469b-b250-e7c7d4455716,false,,mooverTest2,,,Default,One per quote line,,,,Quantity,,false,,,,,,,,,,false,,,false,,,1.0,false,,,,false,false,false,false,,false,false,false,false,false,false,false,false,,Click,false,false,,false,List,,true,,false,,,,List,,,,,,Renewable,,false,,,,,,,
,,,,,e5c27308-1f9d-469b-b250-e7c7d4455716,false,,mooverTest2,,,Default,One per quote line,,,,Quantity,,false,,,,,,,,,,false,,,false,,,1.0,false,,,,false,false,false,false,,false,false,false,false,false,false,false,false,,Click,false,false,,false,List,,true,,false,,,,List,,,,,,Renewable,,false,,,,,,,
,,,,,e5c27308-1f9d-469b-b250-e7c7d4455716,false,,mooverTest2,,,Default,One per quote line,,,,Quantity,,false,,,,,,,,,,false,,,false,,,1.0,false,,,,false,false,false,false,,false,false,false,false,false,false,false,false,,Click,false,false,,false,List,,true,,false,,,,List,,,,,,Renewable,,false,,,,,,,
,,,,,e5c27308-1f9d-469b-b250-e7c7d4455716,false,,mooverTest2,,,Default,One per quote line,,,,Quantity,,false,,,,,,,,,,false,,,false,,,1.0,false,,,,false,false,false,false,,false,false,false,false,false,false,false,false,,Click,false,false,,false,List,,true,,false,,,,List,,,,,,Renewable,,false,,,,,,,
,,,,,e5c27308-1f9d-469b-b250-e7c7d4455716,false,,mooverTest2,,,Default,One per quote line,,,,Quantity,,false,,,,,,,,,,false,,,false,,,1.0,false,,,,false,false,false,false,,false,false,false,false,false,false,false,false,,Click,false,false,,false,List,,true,,false,,,,List,,,,,,Renewable,,false,,,,,,,
,,,,,e5c27308-1f9d-469b-b250-e7c7d4455716,false,,mooverTest2,,,Default,One per quote line,,,,Quantity,,false,,,,,,,,,,false,,,false,,,1.0,false,,,,false,false,false,false,,false,false,false,false,false,false,false,false,,Click,false,false,,false,List,,true,,false,,,,List,,,,,,Renewable,,false,,,,,,,
,,,,,e5c27308-1f9d-469b-b250-e7c7d4455716,false,,mooverTest2,,,Default,One per quote line,,,,Quantity,,false,,,,,,,,,,false,,,false,,,1.0,false,,,,false,false,false,false,,false,false,false,false,false,false,false,false,,Click,false,false,,false,List,,true,,false,,,,List,,,,,,Renewable,,false,,,,,,,
,,,,,e5c27308-1f9d-469b-b250-e7c7d4455716,false,,mooverTest2,,,Default,One per quote line,,,,Quantity,,false,,,,,,,,,,false,,,false,,,1.0,false,,,,false,false,false,false,,false,false,false,false,false,false,false,false,,Click,false,false,,false,List,,true,,false,,,,List,,,,,,Renewable,,false,,,,,,,
,,,,,e5c27308-1f9d-469b-b250-e7c7d4455716,false,,mooverTest2,,,Default,One per quote line,,,,Quantity,,false,,,,,,,,,,false,,,false,,,1.0,false,,,,false,false,false,false,,false,false,false,false,false,false,false,false,,Click,false,false,,false,List,,true,,false,,,,List,,,,,,Renewable,,false,,,,,,,
,,,,,e5c27308-1f9d-469b-b250-e7c7d4455716,false,,mooverTest2,,,Default,One per quote line,,,,Quantity,,false,,,,,,,,,,false,,,false,,,1.0,false,,,,false,false,false,false,,false,false,false,false,false,false,false,false,,Click,false,false,,false,List,,true,,false,,,,List,,,,,,Renewable,,false,,,,,,,
,,,,,e5c27308-1f9d-469b-b250-e7c7d4455716,false,,mooverTest2,,,Default,One per quote line,,,,Quantity,,false,,,,,,,,,,false,,,false,,,1.0,false,,,,false,false,false,false,,false,false,false,false,false,false,false,false,,Click,false,false,,false,List,,true,,false,,,,List,,,,,,Renewable,,false,,,,,,,
,,,,,e5c27308-1f9d-469b-b250-e7c7d4455716,false,,mooverTest2,,,Default,One per quote line,,,,Quantity,,false,,,,,,,,,,false,,,false,,,1.0,false,,,,false,false,false,false,,false,false,false,false,false,false,false,false,,Click,false,false,,false,List,,true,,false,,,,List,,,,,,Renewable,,false,,,,,,,
,,,,,e5c27308-1f9d-469b-b250-e7c7d4455716,false,,mooverTest2,,,Default,One per quote line,,,,Quantity,,false,,,,,,,,,,false,,,false,,,1.0,false,,,,false,false,false,false,,false,false,false,false,false,false,false,false,,Click,false,false,,false,List,,true,,false,,,,List,,,,,,Renewable,,false,,,,,,,
,,,,,e5c27308-1f9d-469b-b250-e7c7d4455716,false,,mooverTest2,,,Default,One per quote line,,,,Quantity,,false,,,,,,,,,,false,,,false,,,1.0,false,,,,false,false,false,false,,false,false,false,false,false,false,false,false,,Click,false,false,,false,List,,true,,false,,,,List,,,,,,Renewable,,false,,,,,,,
,,,,,e5c27308-1f9d-469b-b250-e7c7d4455716,false,,mooverTest2,,,Default,One per quote line,,,,Quantity,,false,,,,,,,,,,false,,,false,,,1.0,false,,,,false,false,false,false,,false,false,false,false,false,false,false,false,,Click,false,false,,false,List,,true,,false,,,,List,,,,,,Renewable,,false,,,,,,,
,,,,,e5c27308-1f9d-469b-b250-e7c7d4455716,false,,mooverTest2,,,Default,One per quote line,,,,Quantity,,false,,,,,,,,,,false,,,false,,,1.0,false,,,,false,false,false,false,,false,false,false,false,false,false,false,false,,Click,false,false,,false,List,,true,,false,,,,List,,,,,,Renewable,,false,,,,,,,
,,,,,e5c27308-1f9d-469b-b250-e7c7d4455716,false,,mooverTest2,,,Default,One per quote line,,,,Quantity,,false,,,,,,,,,,false,,,false,,,1.0,false,,,,false,false,false,false,,false,false,false,false,false,false,false,false,,Click,false,false,,false,List,,true,,false,,,,List,,,,,,Renewable,,false,,,,,,,
,,,,,e5c27308-1f9d-469b-b250-e7c7d4455716,false,,mooverTest2,,,Default,One per quote line,,,,Quantity,,false,,,,,,,,,,false,,,false,,,1.0,false,,,,false,false,false,false,,false,false,false,false,false,false,false,false,,Click,false,false,,false,List,,true,,false,,,,List,,,,,,Renewable,,false,,,,,,,
,,,,,e5c27308-1f9d-469b-b250-e7c7d4455716,false,,mooverTest2,,,Default,One per quote line,,,,Quantity,,false,,,,,,,,,,false,,,false,,,1.0,false,,,,false,false,false,false,,false,false,false,false,false,false,false,false,,Click,false,false,,false,List,,true,,false,,,,List,,,,,,Renewable,,false,,,,,,,
,,,,,e5c27308-1f9d-469b-b250-e7c7d4455716,false,,mooverTest2,,,Default,One per quote line,,,,Quantity,,false,,,,,,,,,,false,,,false,,,1.0,false,,,,false,false,false,false,,false,false,false,false,false,false,false,false,,Click,false,false,,false,List,,true,,false,,,,List,,,,,,Renewable,,false,,,,,,,
,,,,,e5c27308-1f9d-469b-b250-e7c7d4455716,false,,mooverTest2,,,Default,One per quote line,,,,Quantity,,false,,,,,,,,,,false,,,false,,,1.0,false,,,,false,false,false,false,,false,false,false,false,false,false,false,false,,Click,false,false,,false,List,,true,,false,,,,List,,,,,,Renewable,,false,,,,,,,
,,,,,e5c27308-1f9d-469b-b250-e7c7d4455716,false,,mooverTest2,,,Default,One per quote line,,,,Quantity,,false,,,,,,,,,,false,,,false,,,1.0,false,,,,false,false,false,false,,false,false,false,false,false,false,false,false,,Click,false,false,,false,List,,true,,false,,,,List,,,,,,Renewable,,false,,,,,,,
,,,,,e5c27308-1f9d-469b-b250-e7c7d4455716,false,,mooverTest2,,,Default,One per quote line,,,,Quantity,,false,,,,,,,,,,false,,,false,,,1.0,false,,,,false,false,false,false,,false,false,false,false,false,false,false,false,,Click,false,false,,false,List,,true,,false,,,,List,,,,,,Renewable,,false,,,,,,,
,,,,,e5c27308-1f9d-469b-b250-e7c7d4455716,false,,mooverTest2,,,Default,One per quote line,,,,Quantity,,false,,,,,,,,,,false,,,false,,,1.0,false,,,,false,false,false,false,,false,false,false,false,false,false,false,false,,Click,false,false,,false,List,,true,,false,,,,List,,,,,,Renewable,,false,,,,,,,
,,,,,e5c27308-1f9d-469b-b250-e7c7d4455716,false,,mooverTest2,,,Default,One per quote line,,,,Quantity,,false,,,,,,,,,,false,,,false,,,1.0,false,,,,false,false,false,false,,false,false,false,false,false,false,false,false,,Click,false,false,,false,List,,true,,false,,,,List,,,,,,Renewable,,false,,,,,,,
,,,,,e5c27308-1f9d-469b-b250-e7c7d4455716,false,,mooverTest2,,,Default,One per quote line,,,,Quantity,,false,,,,,,,,,,false,,,false,,,1.0,false,,,,false,false,false,false,,false,false,false,false,false,false,false,false,,Click,false,false,,false,List,,true,,false,,,,List,,,,,,Renewable,,false,,,,,,,
,,,,,e5c27308-1f9d-469b-b250-e7c7d4455716,false,,mooverTest2,,,Default,One per quote line,,,,Quantity,,false,,,,,,,,,,false,,,false,,,1.0,false,,,,false,false,false,false,,false,false,false,false,false,false,false,false,,Click,false,false,,false,List,,true,,false,,,,List,,,,,,Renewable,,false,,,,,,,
,,,,,e5c27308-1f9d-469b-b250-e7c7d4455716,false,,mooverTest2,,,Default,One per quote line,,,,Quantity,,false,,,,,,,,,,false,,,false,,,1.0,false,,,,false,false,false,false,,false,false,false,false,false,false,false,false,,Click,false,false,,false,List,,true,,false,,,,List,,,,,,Renewable,,false,,,,,,,
,,,,,e5c27308-1f9d-469b-b250-e7c7d4455716,false,,mooverTest2,,,Default,One per quote line,,,,Quantity,,false,,,,,,,,,,false,,,false,,,1.0,false,,,,false,false,false,false,,false,false,false,false,false,false,false,false,,Click,false,false,,false,List,,true,,false,,,,List,,,,,,Renewable,,false,,,,,,,
,,,,,e5c27308-1f9d-469b-b250-e7c7d4455716,false,,mooverTest2,,,Default,One per quote line,,,,Quantity,,false,,,,,,,,,,false,,,false,,,1.0,false,,,,false,false,false,false,,false,false,false,false,false,false,false,false,,Click,false,false,,false,List,,true,,false,,,,List,,,,,,Renewable,,false,,,,,,,
,,,,,e5c27308-1f9d-469b-b250-e7c7d4455716,false,,mooverTest2,,,Default,One per quote line,,,,Quantity,,false,,,,,,,,,,false,,,false,,,1.0,false,,,,false,false,false,false,,false,false,false,false,false,false,false,false,,Click,false,false,,false,List,,true,,false,,,,List,,,,,,Renewable,,false,,,,,,,
,,,,,e5c27308-1f9d-469b-b250-e7c7d4455716,false,,mooverTest2,,,Default,One per quote line,,,,Quantity,,false,,,,,,,,,,false,,,false,,,1.0,false,,,,false,false,false,false,,false,false,false,false,false,false,false,false,,Click,false,false,,false,List,,true,,false,,,,List,,,,,,Renewable,,false,,,,,,,
,,,,,e5c27308-1f9d-469b-b250-e7c7d4455716,false,,mooverTest2,,,Default,One per quote line,,,,Quantity,,false,,,,,,,,,,false,,,false,,,1.0,false,,,,false,false,false,false,,false,false,false,false,false,false,false,false,,Click,false,false,,false,List,,true,,false,,,,List,,,,,,Renewable,,false,,,,,,,
,,,,,e5c27308-1f9d-469b-b250-e7c7d4455716,false,,mooverTest2,,,Default,One per quote line,,,,Quantity,,false,,,,,,,,,,false,,,false,,,1.0,false,,,,false,false,false,false,,false,false,false,false,false,false,false,false,,Click,false,false,,false,List,,true,,false,,,,List,,,,,,Renewable,,false,,,,,,,
,,,,,e5c27308-1f9d-469b-b250-e7c7d4455716,false,,mooverTest2,,,Default,One per quote line,,,,Quantity,,false,,,,,,,,,,false,,,false,,,1.0,false,,,,false,false,false,false,,false,false,false,false,false,false,false,false,,Click,false,false,,false,List,,true,,false,,,,List,,,,,,Renewable,,false,,,,,,,
,,,,,e5c27308-1f9d-469b-b250-e7c7d4455716,false,,mooverTest2,,,Default,One per quote line,,,,Quantity,,false,,,,,,,,,,false,,,false,,,1.0,false,,,,false,false,false,false,,false,false,false,false,false,false,false,false,,Click,false,false,,false,List,,true,,false,,,,List,,,,,,Renewable,,false,,,,,,,
,,,,,e5c27308-1f9d-469b-b250-e7c7d4455716,false,,mooverTest2,,,Default,One per quote line,,,,Quantity,,false,,,,,,,,,,false,,,false,,,1.0,false,,,,false,false,false,false,,false,false,false,false,false,false,false,false,,Click,false,false,,false,List,,true,,false,,,,List,,,,,,Renewable,,false,,,,,,,
,,,,,e5c27308-1f9d-469b-b250-e7c7d4455716,false,,mooverTest2,,,Default,One per quote line,,,,Quantity,,false,,,,,,,,,,false,,,false,,,1.0,false,,,,false,false,false,false,,false,false,false,false,false,false,false,false,,Click,false,false,,false,List,,true,,false,,,,List,,,,,,Renewable,,false,,,,,,,
,,,,,e5c27308-1f9d-469b-b250-e7c7d4455716,false,,mooverTest2,,,Default,One per quote line,,,,Quantity,,false,,,,,,,,,,false,,,false,,,1.0,false,,,,false,false,false,false,,false,false,false,false,false,false,false,false,,Click,false,false,,false,List,,true,,false,,,,List,,,,,,Renewable,,false,,,,,,,
,,,,,e5c27308-1f9d-469b-b250-e7c7d4455716,false,,mooverTest2,,,Default,One per quote line,,,,Quantity,,false,,,,,,,,,,false,,,false,,,1.0,false,,,,false,false,false,false,,false,false,false,false,false,false,false,false,,Click,false,false,,false,List,,true,,false,,,,List,,,,,,Renewable,,false,,,,,,,
,,,,,e5c27308-1f9d-469b-b250-e7c7d4455716,false,,mooverTest2,,,Default,One per quote line,,,,Quantity,,false,,,,,,,,,,false,,,false,,,1.0,false,,,,false,false,false,false,,false,false,false,false,false,false,false,false,,Click,false,false,,false,List,,true,,false,,,,List,,,,,,Renewable,,false,,,,,,,
,,,,,e5c27308-1f9d-469b-b250-e7c7d4455716,false,,mooverTest2,,,Default,One per quote line,,,,Quantity,,false,,,,,,,,,,false,,,false,,,1.0,false,,,,false,false,false,false,,false,false,false,false,false,false,false,false,,Click,false,false,,false,List,,true,,false,,,,List,,,,,,Renewable,,false,,,,,,,
,,,,,e5c27308-1f9d-469b-b250-e7c7d4455716,false,,mooverTest2,,,Default,One per quote line,,,,Quantity,,false,,,,,,,,,,false,,,false,,,1.0,false,,,,false,false,false,false,,false,false,false,false,false,false,false,false,,Click,false,false,,false,List,,true,,false,,,,List,,,,,,Renewable,,false,,,,,,,
,,,,,e5c27308-1f9d-469b-b250-e7c7d4455716,false,,mooverTest2,,,Default,One per quote line,,,,Quantity,,false,,,,,,,,,,false,,,false,,,1.0,false,,,,false,false,false,false,,false,false,false,false,false,false,false,false,,Click,false,false,,false,List,,true,,false,,,,List,,,,,,Renewable,,false,,,,,,,
,,,,,e5c27308-1f9d-469b-b250-e7c7d4455716,false,,mooverTest2,,,Default,One per quote line,,,,Quantity,,false,,,,,,,,,,false,,,false,,,1.0,false,,,,false,false,false,false,,false,false,false,false,false,false,false,false,,Click,false,false,,false,List,,true,,false,,,,List,,,,,,Renewable,,false,,,,,,,
,,,,,e5c27308-1f9d-469b-b250-e7c7d4455716,false,,mooverTest2,,,Default,One per quote line,,,,Quantity,,false,,,,,,,,,,false,,,false,,,1.0,false,,,,false,false,false,false,,false,false,false,false,false,false,false,false,,Click,false,false,,false,List,,true,,false,,,,List,,,,,,Renewable,,false,,,,,,,
,,,,,e5c27308-1f9d-469b-b250-e7c7d4455716,false,,mooverTest2,,,Default,One per quote line,,,,Quantity,,false,,,,,,,,,,false,,,false,,,1.0,false,,,,false,false,false,false,,false,false,false,false,false,false,false,false,,Click,false,false,,false,List,,true,,false,,,,List,,,,,,Renewable,,false,,,,,,,
,,,,,e5c27308-1f9d-469b-b250-e7c7d4455716,false,,mooverTest2,,,Default,One per quote line,,,,Quantity,,false,,,,,,,,,,false,,,false,,,1.0,false,,,,false,false,false,false,,false,false,false,false,false,false,false,false,,Click,false,false,,false,List,,true,,false,,,,List,,,,,,Renewable,,false,,,,,,,
,,,,,e5c27308-1f9d-469b-b250-e7c7d4455716,false,,mooverTest2,,,Default,One per quote line,,,,Quantity,,false,,,,,,,,,,false,,,false,,,1.0,false,,,,false,false,false,false,,false,false,false,false,false,false,false,false,,Click,false,false,,false,List,,true,,false,,,,List,,,,,,Renewable,,false,,,,,,,
,,,,,20fcd4d7-9c0b-4f33-86dc-b6a92a3dd10e,false,,iTravel® | Additional Language,,,Default,One per quote line,,,,Quantity,,false,,,,,,,,,,false,,,false,,,1.0,false,,,,false,false,false,false,,false,false,false,false,false,false,false,false,,Click,false,false,,false,List,,true,,false,,,,List,,,,,,Renewable,,false,,,,,,,
,,,,,20fcd4d7-9c0b-4f33-86dc-b6a92a3dd10e,false,,iTravel® | Additional Language,,,Default,One per quote line,,,,Quantity,,false,,,,,,,,,,false,,,false,,,1.0,false,,,,false,false,false,false,,false,false,false,false,false,false,false,false,,Click,false,false,,false,List,,true,,false,,,,List,,,,,,Renewable,,false,,,,,,,
,,,,,20fcd4d7-9c0b-4f33-86dc-b6a92a3dd10e,false,,iTravel® | Additional Language,,,Default,One per quote line,,,,Quantity,,false,,,,,,,,,,false,,,false,,,1.0,false,,,,false,false,false,false,,false,false,false,false,false,false,false,false,,Click,false,false,,false,List,,true,,false,,,,List,,,,,,Renewable,,false,,,,,,,
,,,,,20fcd4d7-9c0b-4f33-86dc-b6a92a3dd10e,false,,iTravel® | Additional Language,,,Default,One per quote line,,,,Quantity,,false,,,,,,,,,,false,,,false,,,1.0,false,,,,false,false,false,false,,false,false,false,false,false,false,false,false,,Click,false,false,,false,List,,true,,false,,,,List,,,,,,Renewable,,false,,,,,,,
,,,,,20fcd4d7-9c0b-4f33-86dc-b6a92a3dd10e,false,,iTravel® | Additional Language,,,Default,One per quote line,,,,Quantity,,false,,,,,,,,,,false,,,false,,,1.0,false,,,,false,false,false,false,,false,false,false,false,false,false,false,false,,Click,false,false,,false,List,,true,,false,,,,List,,,,,,Renewable,,false,,,,,,,
,,,,,20fcd4d7-9c0b-4f33-86dc-b6a92a3dd10e,false,,iTravel® | Additional Language,,,Default,One per quote line,,,,Quantity,,false,,,,,,,,,,false,,,false,,,1.0,false,,,,false,false,false,false,,false,false,false,false,false,false,false,false,,Click,false,false,,false,List,,true,,false,,,,List,,,,,,Renewable,,false,,,,,,,
,,,,,20fcd4d7-9c0b-4f33-86dc-b6a92a3dd10e,false,,iTravel® | Additional Language,,,Default,One per quote line,,,,Quantity,,false,,,,,,,,,,false,,,false,,,1.0,false,,,,false,false,false,false,,false,false,false,false,false,false,false,false,,Click,false,false,,false,List,,true,,false,,,,List,,,,,,Renewable,,false,,,,,,,
,,,,,20fcd4d7-9c0b-4f33-86dc-b6a92a3dd10e,false,,iTravel® | Additional Language,,,Default,One per quote line,,,,Quantity,,false,,,,,,,,,,false,,,false,,,1.0,false,,,,false,false,false,false,,false,false,false,false,false,false,false,false,,Click,false,false,,false,List,,true,,false,,,,List,,,,,,Renewable,,false,,,,,,,
,,,,,20fcd4d7-9c0b-4f33-86dc-b6a92a3dd10e,false,,iTravel® | Additional Language,,,Default,One per quote line,,,,Quantity,,false,,,,,,,,,,false,,,false,,,1.0,false,,,,false,false,false,false,,false,false,false,false,false,false,false,false,,Click,false,false,,false,List,,true,,false,,,,List,,,,,,Renewable,,false,,,,,,,
,,,,,20fcd4d7-9c0b-4f33-86dc-b6a92a3dd10e,false,,iTravel® | Additional Language,,,Default,One per quote line,,,,Quantity,,false,,,,,,,,,,false,,,false,,,1.0,false,,,,false,false,false,false,,false,false,false,false,false,false,false,false,,Click,false,false,,false,List,,true,,false,,,,List,,,,,,Renewable,,false,,,,,,,
,,,,,20fcd4d7-9c0b-4f33-86dc-b6a92a3dd10e,false,,iTravel® | Additional Language,,,Default,One per quote line,,,,Quantity,,false,,,,,,,,,,false,,,false,,,1.0,false,,,,false,false,false,false,,false,false,false,false,false,false,false,false,,Click,false,false,,false,List,,true,,false,,,,List,,,,,,Renewable,,false,,,,,,,
,,,,,20fcd4d7-9c0b-4f33-86dc-b6a92a3dd10e,false,,iTravel® | Additional Language,,,Default,One per quote line,,,,Quantity,,false,,,,,,,,,,false,,,false,,,1.0,false,,,,false,false,false,false,,false,false,false,false,false,false,false,false,,Click,false,false,,false,List,,true,,false,,,,List,,,,,,Renewable,,false,,,,,,,
,,,,,20fcd4d7-9c0b-4f33-86dc-b6a92a3dd10e,false,,iTravel® | Additional Language,,,Default,One per quote line,,,,Quantity,,false,,,,,,,,,,false,,,false,,,1.0,false,,,,false,false,false,false,,false,false,false,false,false,false,false,false,,Click,false,false,,false,List,,true,,false,,,,List,,,,,,Renewable,,false,,,,,,,
,,,,,20fcd4d7-9c0b-4f33-86dc-b6a92a3dd10e,false,,iTravel® | Additional Language,,,Default,One per quote line,,,,Quantity,,false,,,,,,,,,,false,,,false,,,1.0,false,,,,false,false,false,false,,false,false,false,false,false,false,false,false,,Click,false,false,,false,List,,true,,false,,,,List,,,,,,Renewable,,false,,,,,,,
,,,,,20fcd4d7-9c0b-4f33-86dc-b6a92a3dd10e,false,,iTravel® | Additional Language,,,Default,One per quote line,,,,Quantity,,false,,,,,,,,,,false,,,false,,,1.0,false,,,,false,false,false,false,,false,false,false,false,false,false,false,false,,Click,false,false,,false,List,,true,,false,,,,List,,,,,,Renewable,,false,,,,,,,
,,,,,20fcd4d7-9c0b-4f33-86dc-b6a92a3dd10e,false,,iTravel® | Additional Language,,,Default,One per quote line,,,,Quantity,,false,,,,,,,,,,false,,,false,,,1.0,false,,,,false,false,false,false,,false,false,false,false,false,false,false,false,,Click,false,false,,false,List,,true,,false,,,,List,,,,,,Renewable,,false,,,,,,,
,,,,,20fcd4d7-9c0b-4f33-86dc-b6a92a3dd10e,false,,iTravel® | Additional Language,,,Default,One per quote line,,,,Quantity,,false,,,,,,,,,,false,,,false,,,1.0,false,,,,false,false,false,false,,false,false,false,false,false,false,false,false,,Click,false,false,,false,List,,true,,false,,,,List,,,,,,Renewable,,false,,,,,,,
,,,,,20fcd4d7-9c0b-4f33-86dc-b6a92a3dd10e,false,,iTravel® | Additional Language,,,Default,One per quote line,,,,Quantity,,false,,,,,,,,,,false,,,false,,,1.0,false,,,,false,false,false,false,,false,false,false,false,false,false,false,false,,Click,false,false,,false,List,,true,,false,,,,List,,,,,,Renewable,,false,,,,,,,
,,,,,20fcd4d7-9c0b-4f33-86dc-b6a92a3dd10e,false,,iTravel® | Additional Language,,,Default,One per quote line,,,,Quantity,,false,,,,,,,,,,false,,,false,,,1.0,false,,,,false,false,false,false,,false,false,false,false,false,false,false,false,,Click,false,false,,false,List,,true,,false,,,,List,,,,,,Renewable,,false,,,,,,,
,,,,,20fcd4d7-9c0b-4f33-86dc-b6a92a3dd10e,false,,iTravel® | Additional Language,,,Default,One per quote line,,,,Quantity,,false,,,,,,,,,,false,,,false,,,1.0,false,,,,false,false,false,false,,false,false,false,false,false,false,false,false,,Click,false,false,,false,List,,true,,false,,,,List,,,,,,Renewable,,false,,,,,,,
,,,,,20fcd4d7-9c0b-4f33-86dc-b6a92a3dd10e,false,,iTravel® | Additional Language,,,Default,One per quote line,,,,Quantity,,false,,,,,,,,,,false,,,false,,,1.0,false,,,,false,false,false,false,,false,false,false,false,false,false,false,false,,Click,false,false,,false,List,,true,,false,,,,List,,,,,,Renewable,,false,,,,,,,
,,,,,20fcd4d7-9c0b-4f33-86dc-b6a92a3dd10e,false,,iTravel® | Additional Language,,,Default,One per quote line,,,,Quantity,,false,,,,,,,,,,false,,,false,,,1.0,false,,,,false,false,false,false,,false,false,false,false,false,false,false,false,,Click,false,false,,false,List,,true,,false,,,,List,,,,,,Renewable,,false,,,,,,,
,,,,,20fcd4d7-9c0b-4f33-86dc-b6a92a3dd10e,false,,iTravel® | Additional Language,,,Default,One per quote line,,,,Quantity,,false,,,,,,,,,,false,,,false,,,1.0,false,,,,false,false,false,false,,false,false,false,false,false,false,false,false,,Click,false,false,,false,List,,true,,false,,,,List,,,,,,Renewable,,false,,,,,,,
,,,,,20fcd4d7-9c0b-4f33-86dc-b6a92a3dd10e,false,,iTravel® | Additional Language,,,Default,One per quote line,,,,Quantity,,false,,,,,,,,,,false,,,false,,,1.0,false,,,,false,false,false,false,,false,false,false,false,false,false,false,false,,Click,false,false,,false,List,,true,,false,,,,List,,,,,,Renewable,,false,,,,,,,
,,,,,20fcd4d7-9c0b-4f33-86dc-b6a92a3dd10e,false,,iTravel® | Additional Language,,,Default,One per quote line,,,,Quantity,,false,,,,,,,,,,false,,,false,,,1.0,false,,,,false,false,false,false,,false,false,false,false,false,false,false,false,,Click,false,false,,false,List,,true,,false,,,,List,,,,,,Renewable,,false,,,,,,,
,,,,,20fcd4d7-9c0b-4f33-86dc-b6a92a3dd10e,false,,iTravel® | Additional Language,,,Default,One per quote line,,,,Quantity,,false,,,,,,,,,,false,,,false,,,1.0,false,,,,false,false,false,false,,false,false,false,false,false,false,false,false,,Click,false,false,,false,List,,true,,false,,,,List,,,,,,Renewable,,false,,,,,,,
,,,,,20fcd4d7-9c0b-4f33-86dc-b6a92a3dd10e,false,,iTravel® | Additional Language,,,Default,One per quote line,,,,Quantity,,false,,,,,,,,,,false,,,false,,,1.0,false,,,,false,false,false,false,,false,false,false,false,false,false,false,false,,Click,false,false,,false,List,,true,,false,,,,List,,,,,,Renewable,,false,,,,,,,
,,,,,20fcd4d7-9c0b-4f33-86dc-b6a92a3dd10e,false,,iTravel® | Additional Language,,,Default,One per quote line,,,,Quantity,,false,,,,,,,,,,false,,,false,,,1.0,false,,,,false,false,false,false,,false,false,false,false,false,false,false,false,,Click,false,false,,false,List,,true,,false,,,,List,,,,,,Renewable,,false,,,,,,,
,,,,,20fcd4d7-9c0b-4f33-86dc-b6a92a3dd10e,false,,iTravel® | Additional Language,,,Default,One per quote line,,,,Quantity,,false,,,,,,,,,,false,,,false,,,1.0,false,,,,false,false,false,false,,false,false,false,false,false,false,false,false,,Click,false,false,,false,List,,true,,false,,,,List,,,,,,Renewable,,false,,,,,,,
,,,,,20fcd4d7-9c0b-4f33-86dc-b6a92a3dd10e,false,,iTravel® | Additional Language,,,Default,One per quote line,,,,Quantity,,false,,,,,,,,,,false,,,false,,,1.0,false,,,,false,false,false,false,,false,false,false,false,false,false,false,false,,Click,false,false,,false,List,,true,,false,,,,List,,,,,,Renewable,,false,,,,,,,
,,,,,20fcd4d7-9c0b-4f33-86dc-b6a92a3dd10e,false,,iTravel® | Additional Language,,,Default,One per quote line,,,,Quantity,,false,,,,,,,,,,false,,,false,,,1.0,false,,,,false,false,false,false,,false,false,false,false,false,false,false,false,,Click,false,false,,false,List,,true,,false,,,,List,,,,,,Renewable,,false,,,,,,,
,,,,,20fcd4d7-9c0b-4f33-86dc-b6a92a3dd10e,false,,iTravel® | Additional Language,,,Default,One per quote line,,,,Quantity,,false,,,,,,,,,,false,,,false,,,1.0,false,,,,false,false,false,false,,false,false,false,false,false,false,false,false,,Click,false,false,,false,List,,true,,false,,,,List,,,,,,Renewable,,false,,,,,,,
,,,,,20fcd4d7-9c0b-4f33-86dc-b6a92a3dd10e,false,,iTravel® | Additional Language,,,Default,One per quote line,,,,Quantity,,false,,,,,,,,,,false,,,false,,,1.0,false,,,,false,false,false,false,,false,false,false,false,false,false,false,false,,Click,false,false,,false,List,,true,,false,,,,List,,,,,,Renewable,,false,,,,,,,
,,,,,20fcd4d7-9c0b-4f33-86dc-b6a92a3dd10e,false,,iTravel® | Additional Language,,,Default,One per quote line,,,,Quantity,,false,,,,,,,,,,false,,,false,,,1.0,false,,,,false,false,false,false,,false,false,false,false,false,false,false,false,,Click,false,false,,false,List,,true,,false,,,,List,,,,,,Renewable,,false,,,,,,,
,,,,,20fcd4d7-9c0b-4f33-86dc-b6a92a3dd10e,false,,iTravel® | Additional Language,,,Default,One per quote line,,,,Quantity,,false,,,,,,,,,,false,,,false,,,1.0,false,,,,false,false,false,false,,false,false,false,false,false,false,false,false,,Click,false,false,,false,List,,true,,false,,,,List,,,,,,Renewable,,false,,,,,,,
,,,,,20fcd4d7-9c0b-4f33-86dc-b6a92a3dd10e,false,,iTravel® | Additional Language,,,Default,One per quote line,,,,Quantity,,false,,,,,,,,,,false,,,false,,,1.0,false,,,,false,false,false,false,,false,false,false,false,false,false,false,false,,Click,false,false,,false,List,,true,,false,,,,List,,,,,,Renewable,,false,,,,,,,
,,,,,20fcd4d7-9c0b-4f33-86dc-b6a92a3dd10e,false,,iTravel® | Additional Language,,,Default,One per quote line,,,,Quantity,,false,,,,,,,,,,false,,,false,,,1.0,false,,,,false,false,false,false,,false,false,false,false,false,false,false,false,,Click,false,false,,false,List,,true,,false,,,,List,,,,,,Renewable,,false,,,,,,,
,,,,,20fcd4d7-9c0b-4f33-86dc-b6a92a3dd10e,false,,iTravel® | Additional Language,,,Default,One per quote line,,,,Quantity,,false,,,,,,,,,,false,,,false,,,1.0,false,,,,false,false,false,false,,false,false,false,false,false,false,false,false,,Click,false,false,,false,List,,true,,false,,,,List,,,,,,Renewable,,false,,,,,,,
,,,,,20fcd4d7-9c0b-4f33-86dc-b6a92a3dd10e,false,,iTravel® | Additional Language,,,Default,One per quote line,,,,Quantity,,false,,,,,,,,,,false,,,false,,,1.0,false,,,,false,false,false,false,,false,false,false,false,false,false,false,false,,Click,false,false,,false,List,,true,,false,,,,List,,,,,,Renewable,,false,,,,,,,
,,,,,20fcd4d7-9c0b-4f33-86dc-b6a92a3dd10e,false,,iTravel® | Additional Language,,,Default,One per quote line,,,,Quantity,,false,,,,,,,,,,false,,,false,,,1.0,false,,,,false,false,false,false,,false,false,false,false,false,false,false,false,,Click,false,false,,false,List,,true,,false,,,,List,,,,,,Renewable,,false,,,,,,,
,,,,,20fcd4d7-9c0b-4f33-86dc-b6a92a3dd10e,false,,iTravel® | Additional Language,,,Default,One per quote line,,,,Quantity,,false,,,,,,,,,,false,,,false,,,1.0,false,,,,false,false,false,false,,false,false,false,false,false,false,false,false,,Click,false,false,,false,List,,true,,false,,,,List,,,,,,Renewable,,false,,,,,,,
,,,,,20fcd4d7-9c0b-4f33-86dc-b6a92a3dd10e,false,,iTravel® | Additional Language,,,Default,One per quote line,,,,Quantity,,false,,,,,,,,,,false,,,false,,,1.0,false,,,,false,false,false,false,,false,false,false,false,false,false,false,false,,Click,false,false,,false,List,,true,,false,,,,List,,,,,,Renewable,,false,,,,,,,
,,,,,20fcd4d7-9c0b-4f33-86dc-b6a92a3dd10e,false,,iTravel® | Additional Language,,,Default,One per quote line,,,,Quantity,,false,,,,,,,,,,false,,,false,,,1.0,false,,,,false,false,false,false,,false,false,false,false,false,false,false,false,,Click,false,false,,false,List,,true,,false,,,,List,,,,,,Renewable,,false,,,,,,,
,,,,,20fcd4d7-9c0b-4f33-86dc-b6a92a3dd10e,false,,iTravel® | Additional Language,,,Default,One per quote line,,,,Quantity,,false,,,,,,,,,,false,,,false,,,1.0,false,,,,false,false,false,false,,false,false,false,false,false,false,false,false,,Click,false,false,,false,List,,true,,false,,,,List,,,,,,Renewable,,false,,,,,,,
,,,,,20fcd4d7-9c0b-4f33-86dc-b6a92a3dd10e,false,,iTravel® | Additional Language,,,Default,One per quote line,,,,Quantity,,false,,,,,,,,,,false,,,false,,,1.0,false,,,,false,false,false,false,,false,false,false,false,false,false,false,false,,Click,false,false,,false,List,,true,,false,,,,List,,,,,,Renewable,,false,,,,,,,
,,,,,20fcd4d7-9c0b-4f33-86dc-b6a92a3dd10e,false,,iTravel® | Additional Language,,,Default,One per quote line,,,,Quantity,,false,,,,,,,,,,false,,,false,,,1.0,false,,,,false,false,false,false,,false,false,false,false,false,false,false,false,,Click,false,false,,false,List,,true,,false,,,,List,,,,,,Renewable,,false,,,,,,,
,,,,,20fcd4d7-9c0b-4f33-86dc-b6a92a3dd10e,false,,iTravel® | Additional Language,,,Default,One per quote line,,,,Quantity,,false,,,,,,,,,,false,,,false,,,1.0,false,,,,false,false,false,false,,false,false,false,false,false,false,false,false,,Click,false,false,,false,List,,true,,false,,,,List,,,,,,Renewable,,false,,,,,,,
,,,,,20fcd4d7-9c0b-4f33-86dc-b6a92a3dd10e,false,,iTravel® | Additional Language,,,Default,One per quote line,,,,Quantity,,false,,,,,,,,,,false,,,false,,,1.0,false,,,,false,false,false,false,,false,false,false,false,false,false,false,false,,Click,false,false,,false,List,,true,,false,,,,List,,,,,,Renewable,,false,,,,,,,
,,,,,20fcd4d7-9c0b-4f33-86dc-b6a92a3dd10e,false,,iTravel® | Additional Language,,,Default,One per quote line,,,,Quantity,,false,,,,,,,,,,false,,,false,,,1.0,false,,,,false,false,false,false,,false,false,false,false,false,false,false,false,,Click,false,false,,false,List,,true,,false,,,,List,,,,,,Renewable,,false,,,,,,,
,,,,,694de05a-c1c9-427a-91cc-fc395bad1407,true,,Everything Plan,,,Default,One per quote line,,,,Quantity,,false,,,,,,,,,,false,,,false,,,1.0,false,,,,false,false,false,false,,false,false,false,false,false,false,false,false,,Click,false,false,,false,List,,true,,false,,,,List,,,Fixed Price,,12.0,Renewable,,false,,,,,,,
,,,,,694de05a-c1c9-427a-91cc-fc395bad1407,true,,Everything Plan,,,Default,One per quote line,,,,Quantity,,false,,,,,,,,,,false,,,false,,,1.0,false,,,,false,false,false,false,,false,false,false,false,false,false,false,false,,Click,false,false,,false,List,,true,,false,,,,List,,,Fixed Price,,12.0,Renewable,,false,,,,,,,
,,,,,694de05a-c1c9-427a-91cc-fc395bad1407,true,,Everything Plan,,,Default,One per quote line,,,,Quantity,,false,,,,,,,,,,false,,,false,,,1.0,false,,,,false,false,false,false,,false,false,false,false,false,false,false,false,,Click,false,false,,false,List,,true,,false,,,,List,,,Fixed Price,,12.0,Renewable,,false,,,,,,,
,,,,,694de05a-c1c9-427a-91cc-fc395bad1407,true,,Everything Plan,,,Default,One per quote line,,,,Quantity,,false,,,,,,,,,,false,,,false,,,1.0,false,,,,false,false,false,false,,false,false,false,false,false,false,false,false,,Click,false,false,,false,List,,true,,false,,,,List,,,Fixed Price,,12.0,Renewable,,false,,,,,,,
,,,,,694de05a-c1c9-427a-91cc-fc395bad1407,true,,Everything Plan,,,Default,One per quote line,,,,Quantity,,false,,,,,,,,,,false,,,false,,,1.0,false,,,,false,false,false,false,,false,false,false,false,false,false,false,false,,Click,false,false,,false,List,,true,,false,,,,List,,,Fixed Price,,12.0,Renewable,,false,,,,,,,
,,,,,694de05a-c1c9-427a-91cc-fc395bad1407,true,,Everything Plan,,,Default,One per quote line,,,,Quantity,,false,,,,,,,,,,false,,,false,,,1.0,false,,,,false,false,false,false,,false,false,false,false,false,false,false,false,,Click,false,false,,false,List,,true,,false,,,,List,,,Fixed Price,,12.0,Renewable,,false,,,,,,,
,,,,,694de05a-c1c9-427a-91cc-fc395bad1407,true,,Everything Plan,,,Default,One per quote line,,,,Quantity,,false,,,,,,,,,,false,,,false,,,1.0,false,,,,false,false,false,false,,false,false,false,false,false,false,false,false,,Click,false,false,,false,List,,true,,false,,,,List,,,Fixed Price,,12.0,Renewable,,false,,,,,,,
,,,,,694de05a-c1c9-427a-91cc-fc395bad1407,true,,Everything Plan,,,Default,One per quote line,,,,Quantity,,false,,,,,,,,,,false,,,false,,,1.0,false,,,,false,false,false,false,,false,false,false,false,false,false,false,false,,Click,false,false,,false,List,,true,,false,,,,List,,,Fixed Price,,12.0,Renewable,,false,,,,,,,
,,,,,694de05a-c1c9-427a-91cc-fc395bad1407,true,,Everything Plan,,,Default,One per quote line,,,,Quantity,,false,,,,,,,,,,false,,,false,,,1.0,false,,,,false,false,false,false,,false,false,false,false,false,false,false,false,,Click,false,false,,false,List,,true,,false,,,,List,,,Fixed Price,,12.0,Renewable,,false,,,,,,,
,,,,,694de05a-c1c9-427a-91cc-fc395bad1407,true,,Everything Plan,,,Default,One per quote line,,,,Quantity,,false,,,,,,,,,,false,,,false,,,1.0,false,,,,false,false,false,false,,false,false,false,false,false,false,false,false,,Click,false,false,,false,List,,true,,false,,,,List,,,Fixed Price,,12.0,Renewable,,false,,,,,,,
,,,,,694de05a-c1c9-427a-91cc-fc395bad1407,true,,Everything Plan,,,Default,One per quote line,,,,Quantity,,false,,,,,,,,,,false,,,false,,,1.0,false,,,,false,false,false,false,,false,false,false,false,false,false,false,false,,Click,false,false,,false,List,,true,,false,,,,List,,,Fixed Price,,12.0,Renewable,,false,,,,,,,
,,,,,694de05a-c1c9-427a-91cc-fc395bad1407,true,,Everything Plan,,,Default,One per quote line,,,,Quantity,,false,,,,,,,,,,false,,,false,,,1.0,false,,,,false,false,false,false,,false,false,false,false,false,false,false,false,,Click,false,false,,false,List,,true,,false,,,,List,,,Fixed Price,,12.0,Renewable,,false,,,,,,,
,,,,,694de05a-c1c9-427a-91cc-fc395bad1407,true,,Everything Plan,,,Default,One per quote line,,,,Quantity,,false,,,,,,,,,,false,,,false,,,1.0,false,,,,false,false,false,false,,false,false,false,false,false,false,false,false,,Click,false,false,,false,List,,true,,false,,,,List,,,Fixed Price,,12.0,Renewable,,false,,,,,,,
,,,,,694de05a-c1c9-427a-91cc-fc395bad1407,true,,Everything Plan,,,Default,One per quote line,,,,Quantity,,false,,,,,,,,,,false,,,false,,,1.0,false,,,,false,false,false,false,,false,false,false,false,false,false,false,false,,Click,false,false,,false,List,,true,,false,,,,List,,,Fixed Price,,12.0,Renewable,,false,,,,,,,
,,,,,694de05a-c1c9-427a-91cc-fc395bad1407,true,,Everything Plan,,,Default,One per quote line,,,,Quantity,,false,,,,,,,,,,false,,,false,,,1.0,false,,,,false,false,false,false,,false,false,false,false,false,false,false,false,,Click,false,false,,false,List,,true,,false,,,,List,,,Fixed Price,,12.0,Renewable,,false,,,,,,,
,,,,,694de05a-c1c9-427a-91cc-fc395bad1407,true,,Everything Plan,,,Default,One per quote line,,,,Quantity,,false,,,,,,,,,,false,,,false,,,1.0,false,,,,false,false,false,false,,false,false,false,false,false,false,false,false,,Click,false,false,,false,List,,true,,false,,,,List,,,Fixed Price,,12.0,Renewable,,false,,,,,,,
,,,,,694de05a-c1c9-427a-91cc-fc395bad1407,true,,Everything Plan,,,Default,One per quote line,,,,Quantity,,false,,,,,,,,,,false,,,false,,,1.0,false,,,,false,false,false,false,,false,false,false,false,false,false,false,false,,Click,false,false,,false,List,,true,,false,,,,List,,,Fixed Price,,12.0,Renewable,,false,,,,,,,
,,,,,694de05a-c1c9-427a-91cc-fc395bad1407,true,,Everything Plan,,,Default,One per quote line,,,,Quantity,,false,,,,,,,,,,false,,,false,,,1.0,false,,,,false,false,false,false,,false,false,false,false,false,false,false,false,,Click,false,false,,false,List,,true,,false,,,,List,,,Fixed Price,,12.0,Renewable,,false,,,,,,,
,,,,,694de05a-c1c9-427a-91cc-fc395bad1407,true,,Everything Plan,,,Default,One per quote line,,,,Quantity,,false,,,,,,,,,,false,,,false,,,1.0,false,,,,false,false,false,false,,false,false,false,false,false,false,false,false,,Click,false,false,,false,List,,true,,false,,,,List,,,Fixed Price,,12.0,Renewable,,false,,,,,,,
,,,,,694de05a-c1c9-427a-91cc-fc395bad1407,true,,Everything Plan,,,Default,One per quote line,,,,Quantity,,false,,,,,,,,,,false,,,false,,,1.0,false,,,,false,false,false,false,,false,false,false,false,false,false,false,false,,Click,false,false,,false,List,,true,,false,,,,List,,,Fixed Price,,12.0,Renewable,,false,,,,,,,
,,,,,694de05a-c1c9-427a-91cc-fc395bad1407,true,,Everything Plan,,,Default,One per quote line,,,,Quantity,,false,,,,,,,,,,false,,,false,,,1.0,false,,,,false,false,false,false,,false,false,false,false,false,false,false,false,,Click,false,false,,false,List,,true,,false,,,,List,,,Fixed Price,,12.0,Renewable,,false,,,,,,,
,,,,,694de05a-c1c9-427a-91cc-fc395bad1407,true,,Everything Plan,,,Default,One per quote line,,,,Quantity,,false,,,,,,,,,,false,,,false,,,1.0,false,,,,false,false,false,false,,false,false,false,false,false,false,false,false,,Click,false,false,,false,List,,true,,false,,,,List,,,Fixed Price,,12.0,Renewable,,false,,,,,,,
,,,,,694de05a-c1c9-427a-91cc-fc395bad1407,true,,Everything Plan,,,Default,One per quote line,,,,Quantity,,false,,,,,,,,,,false,,,false,,,1.0,false,,,,false,false,false,false,,false,false,false,false,false,false,false,false,,Click,false,false,,false,List,,true,,false,,,,List,,,Fixed Price,,12.0,Renewable,,false,,,,,,,
,,,,,694de05a-c1c9-427a-91cc-fc395bad1407,true,,Everything Plan,,,Default,One per quote line,,,,Quantity,,false,,,,,,,,,,false,,,false,,,1.0,false,,,,false,false,false,false,,false,false,false,false,false,false,false,false,,Click,false,false,,false,List,,true,,false,,,,List,,,Fixed Price,,12.0,Renewable,,false,,,,,,,
,,,,,694de05a-c1c9-427a-91cc-fc395bad1407,true,,Everything Plan,,,Default,One per quote line,,,,Quantity,,false,,,,,,,,,,false,,,false,,,1.0,false,,,,false,false,false,false,,false,false,false,false,false,false,false,false,,Click,false,false,,false,List,,true,,false,,,,List,,,Fixed Price,,12.0,Renewable,,false,,,,,,,
,,,,,694de05a-c1c9-427a-91cc-fc395bad1407,true,,Everything Plan,,,Default,One per quote line,,,,Quantity,,false,,,,,,,,,,false,,,false,,,1.0,false,,,,false,false,false,false,,false,false,false,false,false,false,false,false,,Click,false,false,,false,List,,true,,false,,,,List,,,Fixed Price,,12.0,Renewable,,false,,,,,,,
,,,,,694de05a-c1c9-427a-91cc-fc395bad1407,true,,Everything Plan,,,Default,One per quote line,,,,Quantity,,false,,,,,,,,,,false,,,false,,,1.0,false,,,,false,false,false,false,,false,false,false,false,false,false,false,false,,Click,false,false,,false,List,,true,,false,,,,List,,,Fixed Price,,12.0,Renewable,,false,,,,,,,
,,,,,694de05a-c1c9-427a-91cc-fc395bad1407,true,,Everything Plan,,,Default,One per quote line,,,,Quantity,,false,,,,,,,,,,false,,,false,,,1.0,false,,,,false,false,false,false,,false,false,false,false,false,false,false,false,,Click,false,false,,false,List,,true,,false,,,,List,,,Fixed Price,,12.0,Renewable,,false,,,,,,,
,,,,,694de05a-c1c9-427a-91cc-fc395bad1407,true,,Everything Plan,,,Default,One per quote line,,,,Quantity,,false,,,,,,,,,,false,,,false,,,1.0,false,,,,false,false,false,false,,false,false,false,false,false,false,false,false,,Click,false,false,,false,List,,true,,false,,,,List,,,Fixed Price,,12.0,Renewable,,false,,,,,,,
,,,,,694de05a-c1c9-427a-91cc-fc395bad1407,true,,Everything Plan,,,Default,One per quote line,,,,Quantity,,false,,,,,,,,,,false,,,false,,,1.0,false,,,,false,false,false,false,,false,false,false,false,false,false,false,false,,Click,false,false,,false,List,,true,,false,,,,List,,,Fixed Price,,12.0,Renewable,,false,,,,,,,
,,,,,694de05a-c1c9-427a-91cc-fc395bad1407,true,,Everything Plan,,,Default,One per quote line,,,,Quantity,,false,,,,,,,,,,false,,,false,,,1.0,false,,,,false,false,false,false,,false,false,false,false,false,false,false,false,,Click,false,false,,false,List,,true,,false,,,,List,,,Fixed Price,,12.0,Renewable,,false,,,,,,,
,,,,,694de05a-c1c9-427a-91cc-fc395bad1407,true,,Everything Plan,,,Default,One per quote line,,,,Quantity,,false,,,,,,,,,,false,,,false,,,1.0,false,,,,false,false,false,false,,false,false,false,false,false,false,false,false,,Click,false,false,,false,List,,true,,false,,,,List,,,Fixed Price,,12.0,Renewable,,false,,,,,,,
,,,,,694de05a-c1c9-427a-91cc-fc395bad1407,true,,Everything Plan,,,Default,One per quote line,,,,Quantity,,false,,,,,,,,,,false,,,false,,,1.0,false,,,,false,false,false,false,,false,false,false,false,false,false,false,false,,Click,false,false,,false,List,,true,,false,,,,List,,,Fixed Price,,12.0,Renewable,,false,,,,,,,
,,,,,694de05a-c1c9-427a-91cc-fc395bad1407,true,,Everything Plan,,,Default,One per quote line,,,,Quantity,,false,,,,,,,,,,false,,,false,,,1.0,false,,,,false,false,false,false,,false,false,false,false,false,false,false,false,,Click,false,false,,false,List,,true,,false,,,,List,,,Fixed Price,,12.0,Renewable,,false,,,,,,,
,,,,,694de05a-c1c9-427a-91cc-fc395bad1407,true,,Everything Plan,,,Default,One per quote line,,,,Quantity,,false,,,,,,,,,,false,,,false,,,1.0,false,,,,false,false,false,false,,false,false,false,false,false,false,false,false,,Click,false,false,,false,List,,true,,false,,,,List,,,Fixed Price,,12.0,Renewable,,false,,,,,,,
,,,,,694de05a-c1c9-427a-91cc-fc395bad1407,true,,Everything Plan,,,Default,One per quote line,,,,Quantity,,false,,,,,,,,,,false,,,false,,,1.0,false,,,,false,false,false,false,,false,false,false,false,false,false,false,false,,Click,false,false,,false,List,,true,,false,,,,List,,,Fixed Price,,12.0,Renewable,,false,,,,,,,
,,,,,694de05a-c1c9-427a-91cc-fc395bad1407,true,,Everything Plan,,,Default,One per quote line,,,,Quantity,,false,,,,,,,,,,false,,,false,,,1.0,false,,,,false,false,false,false,,false,false,false,false,false,false,false,false,,Click,false,false,,false,List,,true,,false,,,,List,,,Fixed Price,,12.0,Renewable,,false,,,,,,,
,,,,,694de05a-c1c9-427a-91cc-fc395bad1407,true,,Everything Plan,,,Default,One per quote line,,,,Quantity,,false,,,,,,,,,,false,,,false,,,1.0,false,,,,false,false,false,false,,false,false,false,false,false,false,false,false,,Click,false,false,,false,List,,true,,false,,,,List,,,Fixed Price,,12.0,Renewable,,false,,,,,,,
,,,,,694de05a-c1c9-427a-91cc-fc395bad1407,true,,Everything Plan,,,Default,One per quote line,,,,Quantity,,false,,,,,,,,,,false,,,false,,,1.0,false,,,,false,false,false,false,,false,false,false,false,false,false,false,false,,Click,false,false,,false,List,,true,,false,,,,List,,,Fixed Price,,12.0,Renewable,,false,,,,,,,
,,,,,694de05a-c1c9-427a-91cc-fc395bad1407,true,,Everything Plan,,,Default,One per quote line,,,,Quantity,,false,,,,,,,,,,false,,,false,,,1.0,false,,,,false,false,false,false,,false,false,false,false,false,false,false,false,,Click,false,false,,false,List,,true,,false,,,,List,,,Fixed Price,,12.0,Renewable,,false,,,,,,,
,,,,,694de05a-c1c9-427a-91cc-fc395bad1407,true,,Everything Plan,,,Default,One per quote line,,,,Quantity,,false,,,,,,,,,,false,,,false,,,1.0,false,,,,false,false,false,false,,false,false,false,false,false,false,false,false,,Click,false,false,,false,List,,true,,false,,,,List,,,Fixed Price,,12.0,Renewable,,false,,,,,,,
,,,,,694de05a-c1c9-427a-91cc-fc395bad1407,true,,Everything Plan,,,Default,One per quote line,,,,Quantity,,false,,,,,,,,,,false,,,false,,,1.0,false,,,,false,false,false,false,,false,false,false,false,false,false,false,false,,Click,false,false,,false,List,,true,,false,,,,List,,,Fixed Price,,12.0,Renewable,,false,,,,,,,
,,,,,694de05a-c1c9-427a-91cc-fc395bad1407,true,,Everything Plan,,,Default,One per quote line,,,,Quantity,,false,,,,,,,,,,false,,,false,,,1.0,false,,,,false,false,false,false,,false,false,false,false,false,false,false,false,,Click,false,false,,false,List,,true,,false,,,,List,,,Fixed Price,,12.0,Renewable,,false,,,,,,,
,,,,,694de05a-c1c9-427a-91cc-fc395bad1407,true,,Everything Plan,,,Default,One per quote line,,,,Quantity,,false,,,,,,,,,,false,,,false,,,1.0,false,,,,false,false,false,false,,false,false,false,false,false,false,false,false,,Click,false,false,,false,List,,true,,false,,,,List,,,Fixed Price,,12.0,Renewable,,false,,,,,,,
,,,,,694de05a-c1c9-427a-91cc-fc395bad1407,true,,Everything Plan,,,Default,One per quote line,,,,Quantity,,false,,,,,,,,,,false,,,false,,,1.0,false,,,,false,false,false,false,,false,false,false,false,false,false,false,false,,Click,false,false,,false,List,,true,,false,,,,List,,,Fixed Price,,12.0,Renewable,,false,,,,,,,
,,,,,694de05a-c1c9-427a-91cc-fc395bad1407,true,,Everything Plan,,,Default,One per quote line,,,,Quantity,,false,,,,,,,,,,false,,,false,,,1.0,false,,,,false,false,false,false,,false,false,false,false,false,false,false,false,,Click,false,false,,false,List,,true,,false,,,,List,,,Fixed Price,,12.0,Renewable,,false,,,,,,,
,,,,,694de05a-c1c9-427a-91cc-fc395bad1407,true,,Everything Plan,,,Default,One per quote line,,,,Quantity,,false,,,,,,,,,,false,,,false,,,1.0,false,,,,false,false,false,false,,false,false,false,false,false,false,false,false,,Click,false,false,,false,List,,true,,false,,,,List,,,Fixed Price,,12.0,Renewable,,false,,,,,,,
,,,,,694de05a-c1c9-427a-91cc-fc395bad1407,true,,Everything Plan,,,Default,One per quote line,,,,Quantity,,false,,,,,,,,,,false,,,false,,,1.0,false,,,,false,false,false,false,,false,false,false,false,false,false,false,false,,Click,false,false,,false,List,,true,,false,,,,List,,,Fixed Price,,12.0,Renewable,,false,,,,,,,
,,,,,694de05a-c1c9-427a-91cc-fc395bad1407,true,,Everything Plan,,,Default,One per quote line,,,,Quantity,,false,,,,,,,,,,false,,,false,,,1.0,false,,,,false,false,false,false,,false,false,false,false,false,false,false,false,,Click,false,false,,false,List,,true,,false,,,,List,,,Fixed Price,,12.0,Renewable,,false,,,,,,,
,,,,,18b36a96-5f67-4bce-98b0-40489cefe2a5,false,,myProduct1_edit 2,,,Default,One per quote line,,,,Quantity,,false,10.0,Always,,,,Required,,,,false,,,false,Always,,1.0,false,,a1T4x000009YrqWEAS,List price is minimum,false,false,false,false,,false,false,false,false,false,false,false,false,,Add,false,false,,true,Cost,,true,,false,,,,List,,,,,,Renewable,,false,Line,,,,,,
,,,,,18b36a96-5f67-4bce-98b0-40489cefe2a5,false,,myProduct1_edit 2,,,Default,One per quote line,,,,Quantity,,false,10.0,Always,,,,Required,,,,false,,,false,Always,,1.0,false,,a1T4x000009YrqWEAS,List price is minimum,false,false,false,false,,false,false,false,false,false,false,false,false,,Add,false,false,,true,Cost,,true,,false,,,,List,,,,,,Renewable,,false,Line,,,,,,
,,,,,18b36a96-5f67-4bce-98b0-40489cefe2a5,false,,myProduct1_edit 2,,,Default,One per quote line,,,,Quantity,,false,10.0,Always,,,,Required,,,,false,,,false,Always,,1.0,false,,a1T4x000009YrqWEAS,List price is minimum,false,false,false,false,,false,false,false,false,false,false,false,false,,Add,false,false,,true,Cost,,true,,false,,,,List,,,,,,Renewable,,false,Line,,,,,,
,,,,,18b36a96-5f67-4bce-98b0-40489cefe2a5,false,,myProduct1_edit 2,,,Default,One per quote line,,,,Quantity,,false,10.0,Always,,,,Required,,,,false,,,false,Always,,1.0,false,,a1T4x000009YrqWEAS,List price is minimum,false,false,false,false,,false,false,false,false,false,false,false,false,,Add,false,false,,true,Cost,,true,,false,,,,List,,,,,,Renewable,,false,Line,,,,,,
,,,,,18b36a96-5f67-4bce-98b0-40489cefe2a5,false,,myProduct1_edit 2,,,Default,One per quote line,,,,Quantity,,false,10.0,Always,,,,Required,,,,false,,,false,Always,,1.0,false,,a1T4x000009YrqWEAS,List price is minimum,false,false,false,false,,false,false,false,false,false,false,false,false,,Add,false,false,,true,Cost,,true,,false,,,,List,,,,,,Renewable,,false,Line,,,,,,
,,,,,18b36a96-5f67-4bce-98b0-40489cefe2a5,false,,myProduct1_edit 2,,,Default,One per quote line,,,,Quantity,,false,10.0,Always,,,,Required,,,,false,,,false,Always,,1.0,false,,a1T4x000009YrqWEAS,List price is minimum,false,false,false,false,,false,false,false,false,false,false,false,false,,Add,false,false,,true,Cost,,true,,false,,,,List,,,,,,Renewable,,false,Line,,,,,,
,,,,,18b36a96-5f67-4bce-98b0-40489cefe2a5,false,,myProduct1_edit 2,,,Default,One per quote line,,,,Quantity,,false,10.0,Always,,,,Required,,,,false,,,false,Always,,1.0,false,,a1T4x000009YrqWEAS,List price is minimum,false,false,false,false,,false,false,false,false,false,false,false,false,,Add,false,false,,true,Cost,,true,,false,,,,List,,,,,,Renewable,,false,Line,,,,,,
,,,,,18b36a96-5f67-4bce-98b0-40489cefe2a5,false,,myProduct1_edit 2,,,Default,One per quote line,,,,Quantity,,false,10.0,Always,,,,Required,,,,false,,,false,Always,,1.0,false,,a1T4x000009YrqWEAS,List price is minimum,false,false,false,false,,false,false,false,false,false,false,false,false,,Add,false,false,,true,Cost,,true,,false,,,,List,,,,,,Renewable,,false,Line,,,,,,
,,,,,18b36a96-5f67-4bce-98b0-40489cefe2a5,false,,myProduct1_edit 2,,,Default,One per quote line,,,,Quantity,,false,10.0,Always,,,,Required,,,,false,,,false,Always,,1.0,false,,a1T4x000009YrqWEAS,List price is minimum,false,false,false,false,,false,false,false,false,false,false,false,false,,Add,false,false,,true,Cost,,true,,false,,,,List,,,,,,Renewable,,false,Line,,,,,,
,,,,,18b36a96-5f67-4bce-98b0-40489cefe2a5,false,,myProduct1_edit 2,,,Default,One per quote line,,,,Quantity,,false,10.0,Always,,,,Required,,,,false,,,false,Always,,1.0,false,,a1T4x000009YrqWEAS,List price is minimum,false,false,false,false,,false,false,false,false,false,false,false,false,,Add,false,false,,true,Cost,,true,,false,,,,List,,,,,,Renewable,,false,Line,,,,,,
,,,,,18b36a96-5f67-4bce-98b0-40489cefe2a5,false,,myProduct1_edit 2,,,Default,One per quote line,,,,Quantity,,false,10.0,Always,,,,Required,,,,false,,,false,Always,,1.0,false,,a1T4x000009YrqWEAS,List price is minimum,false,false,false,false,,false,false,false,false,false,false,false,false,,Add,false,false,,true,Cost,,true,,false,,,,List,,,,,,Renewable,,false,Line,,,,,,
,,,,,18b36a96-5f67-4bce-98b0-40489cefe2a5,false,,myProduct1_edit 2,,,Default,One per quote line,,,,Quantity,,false,10.0,Always,,,,Required,,,,false,,,false,Always,,1.0,false,,a1T4x000009YrqWEAS,List price is minimum,false,false,false,false,,false,false,false,false,false,false,false,false,,Add,false,false,,true,Cost,,true,,false,,,,List,,,,,,Renewable,,false,Line,,,,,,
,,,,,18b36a96-5f67-4bce-98b0-40489cefe2a5,false,,myProduct1_edit 2,,,Default,One per quote line,,,,Quantity,,false,10.0,Always,,,,Required,,,,false,,,false,Always,,1.0,false,,a1T4x000009YrqWEAS,List price is minimum,false,false,false,false,,false,false,false,false,false,false,false,false,,Add,false,false,,true,Cost,,true,,false,,,,List,,,,,,Renewable,,false,Line,,,,,,
,,,,,18b36a96-5f67-4bce-98b0-40489cefe2a5,false,,myProduct1_edit 2,,,Default,One per quote line,,,,Quantity,,false,10.0,Always,,,,Required,,,,false,,,false,Always,,1.0,false,,a1T4x000009YrqWEAS,List price is minimum,false,false,false,false,,false,false,false,false,false,false,false,false,,Add,false,false,,true,Cost,,true,,false,,,,List,,,,,,Renewable,,false,Line,,,,,,
,,,,,18b36a96-5f67-4bce-98b0-40489cefe2a5,false,,myProduct1_edit 2,,,Default,One per quote line,,,,Quantity,,false,10.0,Always,,,,Required,,,,false,,,false,Always,,1.0,false,,a1T4x000009YrqWEAS,List price is minimum,false,false,false,false,,false,false,false,false,false,false,false,false,,Add,false,false,,true,Cost,,true,,false,,,,List,,,,,,Renewable,,false,Line,,,,,,
,,,,,18b36a96-5f67-4bce-98b0-40489cefe2a5,false,,myProduct1_edit 2,,,Default,One per quote line,,,,Quantity,,false,10.0,Always,,,,Required,,,,false,,,false,Always,,1.0,false,,a1T4x000009YrqWEAS,List price is minimum,false,false,false,false,,false,false,false,false,false,false,false,false,,Add,false,false,,true,Cost,,true,,false,,,,List,,,,,,Renewable,,false,Line,,,,,,
,,,,,18b36a96-5f67-4bce-98b0-40489cefe2a5,false,,myProduct1_edit 2,,,Default,One per quote line,,,,Quantity,,false,10.0,Always,,,,Required,,,,false,,,false,Always,,1.0,false,,a1T4x000009YrqWEAS,List price is minimum,false,false,false,false,,false,false,false,false,false,false,false,false,,Add,false,false,,true,Cost,,true,,false,,,,List,,,,,,Renewable,,false,Line,,,,,,
,,,,,18b36a96-5f67-4bce-98b0-40489cefe2a5,false,,myProduct1_edit 2,,,Default,One per quote line,,,,Quantity,,false,10.0,Always,,,,Required,,,,false,,,false,Always,,1.0,false,,a1T4x000009YrqWEAS,List price is minimum,false,false,false,false,,false,false,false,false,false,false,false,false,,Add,false,false,,true,Cost,,true,,false,,,,List,,,,,,Renewable,,false,Line,,,,,,
,,,,,18b36a96-5f67-4bce-98b0-40489cefe2a5,false,,myProduct1_edit 2,,,Default,One per quote line,,,,Quantity,,false,10.0,Always,,,,Required,,,,false,,,false,Always,,1.0,false,,a1T4x000009YrqWEAS,List price is minimum,false,false,false,false,,false,false,false,false,false,false,false,false,,Add,false,false,,true,Cost,,true,,false,,,,List,,,,,,Renewable,,false,Line,,,,,,
,,,,,18b36a96-5f67-4bce-98b0-40489cefe2a5,false,,myProduct1_edit 2,,,Default,One per quote line,,,,Quantity,,false,10.0,Always,,,,Required,,,,false,,,false,Always,,1.0,false,,a1T4x000009YrqWEAS,List price is minimum,false,false,false,false,,false,false,false,false,false,false,false,false,,Add,false,false,,true,Cost,,true,,false,,,,List,,,,,,Renewable,,false,Line,,,,,,
,,,,,18b36a96-5f67-4bce-98b0-40489cefe2a5,false,,myProduct1_edit 2,,,Default,One per quote line,,,,Quantity,,false,10.0,Always,,,,Required,,,,false,,,false,Always,,1.0,false,,a1T4x000009YrqWEAS,List price is minimum,false,false,false,false,,false,false,false,false,false,false,false,false,,Add,false,false,,true,Cost,,true,,false,,,,List,,,,,,Renewable,,false,Line,,,,,,
,,,,,18b36a96-5f67-4bce-98b0-40489cefe2a5,false,,myProduct1_edit 2,,,Default,One per quote line,,,,Quantity,,false,10.0,Always,,,,Required,,,,false,,,false,Always,,1.0,false,,a1T4x000009YrqWEAS,List price is minimum,false,false,false,false,,false,false,false,false,false,false,false,false,,Add,false,false,,true,Cost,,true,,false,,,,List,,,,,,Renewable,,false,Line,,,,,,
,,,,,18b36a96-5f67-4bce-98b0-40489cefe2a5,false,,myProduct1_edit 2,,,Default,One per quote line,,,,Quantity,,false,10.0,Always,,,,Required,,,,false,,,false,Always,,1.0,false,,a1T4x000009YrqWEAS,List price is minimum,false,false,false,false,,false,false,false,false,false,false,false,false,,Add,false,false,,true,Cost,,true,,false,,,,List,,,,,,Renewable,,false,Line,,,,,,
,,,,,18b36a96-5f67-4bce-98b0-40489cefe2a5,false,,myProduct1_edit 2,,,Default,One per quote line,,,,Quantity,,false,10.0,Always,,,,Required,,,,false,,,false,Always,,1.0,false,,a1T4x000009YrqWEAS,List price is minimum,false,false,false,false,,false,false,false,false,false,false,false,false,,Add,false,false,,true,Cost,,true,,false,,,,List,,,,,,Renewable,,false,Line,,,,,,
,,,,,18b36a96-5f67-4bce-98b0-40489cefe2a5,false,,myProduct1_edit 2,,,Default,One per quote line,,,,Quantity,,false,10.0,Always,,,,Required,,,,false,,,false,Always,,1.0,false,,a1T4x000009YrqWEAS,List price is minimum,false,false,false,false,,false,false,false,false,false,false,false,false,,Add,false,false,,true,Cost,,true,,false,,,,List,,,,,,Renewable,,false,Line,,,,,,
,,,,,18b36a96-5f67-4bce-98b0-40489cefe2a5,false,,myProduct1_edit 2,,,Default,One per quote line,,,,Quantity,,false,10.0,Always,,,,Required,,,,false,,,false,Always,,1.0,false,,a1T4x000009YrqWEAS,List price is minimum,false,false,false,false,,false,false,false,false,false,false,false,false,,Add,false,false,,true,Cost,,true,,false,,,,List,,,,,,Renewable,,false,Line,,,,,,
,,,,,18b36a96-5f67-4bce-98b0-40489cefe2a5,false,,myProduct1_edit 2,,,Default,One per quote line,,,,Quantity,,false,10.0,Always,,,,Required,,,,false,,,false,Always,,1.0,false,,a1T4x000009YrqWEAS,List price is minimum,false,false,false,false,,false,false,false,false,false,false,false,false,,Add,false,false,,true,Cost,,true,,false,,,,List,,,,,,Renewable,,false,Line,,,,,,
,,,,,18b36a96-5f67-4bce-98b0-40489cefe2a5,false,,myProduct1_edit 2,,,Default,One per quote line,,,,Quantity,,false,10.0,Always,,,,Required,,,,false,,,false,Always,,1.0,false,,a1T4x000009YrqWEAS,List price is minimum,false,false,false,false,,false,false,false,false,false,false,false,false,,Add,false,false,,true,Cost,,true,,false,,,,List,,,,,,Renewable,,false,Line,,,,,,
,,,,,18b36a96-5f67-4bce-98b0-40489cefe2a5,false,,myProduct1_edit 2,,,Default,One per quote line,,,,Quantity,,false,10.0,Always,,,,Required,,,,false,,,false,Always,,1.0,false,,a1T4x000009YrqWEAS,List price is minimum,false,false,false,false,,false,false,false,false,false,false,false,false,,Add,false,false,,true,Cost,,true,,false,,,,List,,,,,,Renewable,,false,Line,,,,,,
,,,,,18b36a96-5f67-4bce-98b0-40489cefe2a5,false,,myProduct1_edit 2,,,Default,One per quote line,,,,Quantity,,false,10.0,Always,,,,Required,,,,false,,,false,Always,,1.0,false,,a1T4x000009YrqWEAS,List price is minimum,false,false,false,false,,false,false,false,false,false,false,false,false,,Add,false,false,,true,Cost,,true,,false,,,,List,,,,,,Renewable,,false,Line,,,,,,
,,,,,18b36a96-5f67-4bce-98b0-40489cefe2a5,false,,myProduct1_edit 2,,,Default,One per quote line,,,,Quantity,,false,10.0,Always,,,,Required,,,,false,,,false,Always,,1.0,false,,a1T4x000009YrqWEAS,List price is minimum,false,false,false,false,,false,false,false,false,false,false,false,false,,Add,false,false,,true,Cost,,true,,false,,,,List,,,,,,Renewable,,false,Line,,,,,,
,,,,,18b36a96-5f67-4bce-98b0-40489cefe2a5,false,,myProduct1_edit 2,,,Default,One per quote line,,,,Quantity,,false,10.0,Always,,,,Required,,,,false,,,false,Always,,1.0,false,,a1T4x000009YrqWEAS,List price is minimum,false,false,false,false,,false,false,false,false,false,false,false,false,,Add,false,false,,true,Cost,,true,,false,,,,List,,,,,,Renewable,,false,Line,,,,,,
,,,,,18b36a96-5f67-4bce-98b0-40489cefe2a5,false,,myProduct1_edit 2,,,Default,One per quote line,,,,Quantity,,false,10.0,Always,,,,Required,,,,false,,,false,Always,,1.0,false,,a1T4x000009YrqWEAS,List price is minimum,false,false,false,false,,false,false,false,false,false,false,false,false,,Add,false,false,,true,Cost,,true,,false,,,,List,,,,,,Renewable,,false,Line,,,,,,
,,,,,18b36a96-5f67-4bce-98b0-40489cefe2a5,false,,myProduct1_edit 2,,,Default,One per quote line,,,,Quantity,,false,10.0,Always,,,,Required,,,,false,,,false,Always,,1.0,false,,a1T4x000009YrqWEAS,List price is minimum,false,false,false,false,,false,false,false,false,false,false,false,false,,Add,false,false,,true,Cost,,true,,false,,,,List,,,,,,Renewable,,false,Line,,,,,,
,,,,,18b36a96-5f67-4bce-98b0-40489cefe2a5,false,,myProduct1_edit 2,,,Default,One per quote line,,,,Quantity,,false,10.0,Always,,,,Required,,,,false,,,false,Always,,1.0,false,,a1T4x000009YrqWEAS,List price is minimum,false,false,false,false,,false,false,false,false,false,false,false,false,,Add,false,false,,true,Cost,,true,,false,,,,List,,,,,,Renewable,,false,Line,,,,,,
,,,,,18b36a96-5f67-4bce-98b0-40489cefe2a5,false,,myProduct1_edit 2,,,Default,One per quote line,,,,Quantity,,false,10.0,Always,,,,Required,,,,false,,,false,Always,,1.0,false,,a1T4x000009YrqWEAS,List price is minimum,false,false,false,false,,false,false,false,false,false,false,false,false,,Add,false,false,,true,Cost,,true,,false,,,,List,,,,,,Renewable,,false,Line,,,,,,
,,,,,18b36a96-5f67-4bce-98b0-40489cefe2a5,false,,myProduct1_edit 2,,,Default,One per quote line,,,,Quantity,,false,10.0,Always,,,,Required,,,,false,,,false,Always,,1.0,false,,a1T4x000009YrqWEAS,List price is minimum,false,false,false,false,,false,false,false,false,false,false,false,false,,Add,false,false,,true,Cost,,true,,false,,,,List,,,,,,Renewable,,false,Line,,,,,,
,,,,,18b36a96-5f67-4bce-98b0-40489cefe2a5,false,,myProduct1_edit 2,,,Default,One per quote line,,,,Quantity,,false,10.0,Always,,,,Required,,,,false,,,false,Always,,1.0,false,,a1T4x000009YrqWEAS,List price is minimum,false,false,false,false,,false,false,false,false,false,false,false,false,,Add,false,false,,true,Cost,,true,,false,,,,List,,,,,,Renewable,,false,Line,,,,,,
,,,,,18b36a96-5f67-4bce-98b0-40489cefe2a5,false,,myProduct1_edit 2,,,Default,One per quote line,,,,Quantity,,false,10.0,Always,,,,Required,,,,false,,,false,Always,,1.0,false,,a1T4x000009YrqWEAS,List price is minimum,false,false,false,false,,false,false,false,false,false,false,false,false,,Add,false,false,,true,Cost,,true,,false,,,,List,,,,,,Renewable,,false,Line,,,,,,
,,,,,18b36a96-5f67-4bce-98b0-40489cefe2a5,false,,myProduct1_edit 2,,,Default,One per quote line,,,,Quantity,,false,10.0,Always,,,,Required,,,,false,,,false,Always,,1.0,false,,a1T4x000009YrqWEAS,List price is minimum,false,false,false,false,,false,false,false,false,false,false,false,false,,Add,false,false,,true,Cost,,true,,false,,,,List,,,,,,Renewable,,false,Line,,,,,,
,,,,,18b36a96-5f67-4bce-98b0-40489cefe2a5,false,,myProduct1_edit 2,,,Default,One per quote line,,,,Quantity,,false,10.0,Always,,,,Required,,,,false,,,false,Always,,1.0,false,,a1T4x000009YrqWEAS,List price is minimum,false,false,false,false,,false,false,false,false,false,false,false,false,,Add,false,false,,true,Cost,,true,,false,,,,List,,,,,,Renewable,,false,Line,,,,,,
,,,,,18b36a96-5f67-4bce-98b0-40489cefe2a5,false,,myProduct1_edit 2,,,Default,One per quote line,,,,Quantity,,false,10.0,Always,,,,Required,,,,false,,,false,Always,,1.0,false,,a1T4x000009YrqWEAS,List price is minimum,false,false,false,false,,false,false,false,false,false,false,false,false,,Add,false,false,,true,Cost,,true,,false,,,,List,,,,,,Renewable,,false,Line,,,,,,
,,,,,18b36a96-5f67-4bce-98b0-40489cefe2a5,false,,myProduct1_edit 2,,,Default,One per quote line,,,,Quantity,,false,10.0,Always,,,,Required,,,,false,,,false,Always,,1.0,false,,a1T4x000009YrqWEAS,List price is minimum,false,false,false,false,,false,false,false,false,false,false,false,false,,Add,false,false,,true,Cost,,true,,false,,,,List,,,,,,Renewable,,false,Line,,,,,,
,,,,,18b36a96-5f67-4bce-98b0-40489cefe2a5,false,,myProduct1_edit 2,,,Default,One per quote line,,,,Quantity,,false,10.0,Always,,,,Required,,,,false,,,false,Always,,1.0,false,,a1T4x000009YrqWEAS,List price is minimum,false,false,false,false,,false,false,false,false,false,false,false,false,,Add,false,false,,true,Cost,,true,,false,,,,List,,,,,,Renewable,,false,Line,,,,,,
,,,,,18b36a96-5f67-4bce-98b0-40489cefe2a5,false,,myProduct1_edit 2,,,Default,One per quote line,,,,Quantity,,false,10.0,Always,,,,Required,,,,false,,,false,Always,,1.0,false,,a1T4x000009YrqWEAS,List price is minimum,false,false,false,false,,false,false,false,false,false,false,false,false,,Add,false,false,,true,Cost,,true,,false,,,,List,,,,,,Renewable,,false,Line,,,,,,
,,,,,18b36a96-5f67-4bce-98b0-40489cefe2a5,false,,myProduct1_edit 2,,,Default,One per quote line,,,,Quantity,,false,10.0,Always,,,,Required,,,,false,,,false,Always,,1.0,false,,a1T4x000009YrqWEAS,List price is minimum,false,false,false,false,,false,false,false,false,false,false,false,false,,Add,false,false,,true,Cost,,true,,false,,,,List,,,,,,Renewable,,false,Line,,,,,,
,,,,,18b36a96-5f67-4bce-98b0-40489cefe2a5,false,,myProduct1_edit 2,,,Default,One per quote line,,,,Quantity,,false,10.0,Always,,,,Required,,,,false,,,false,Always,,1.0,false,,a1T4x000009YrqWEAS,List price is minimum,false,false,false,false,,false,false,false,false,false,false,false,false,,Add,false,false,,true,Cost,,true,,false,,,,List,,,,,,Renewable,,false,Line,,,,,,
,,,,,18b36a96-5f67-4bce-98b0-40489cefe2a5,false,,myProduct1_edit 2,,,Default,One per quote line,,,,Quantity,,false,10.0,Always,,,,Required,,,,false,,,false,Always,,1.0,false,,a1T4x000009YrqWEAS,List price is minimum,false,false,false,false,,false,false,false,false,false,false,false,false,,Add,false,false,,true,Cost,,true,,false,,,,List,,,,,,Renewable,,false,Line,,,,,,
,,,,,18b36a96-5f67-4bce-98b0-40489cefe2a5,false,,myProduct1_edit 2,,,Default,One per quote line,,,,Quantity,,false,10.0,Always,,,,Required,,,,false,,,false,Always,,1.0,false,,a1T4x000009YrqWEAS,List price is minimum,false,false,false,false,,false,false,false,false,false,false,false,false,,Add,false,false,,true,Cost,,true,,false,,,,List,,,,,,Renewable,,false,Line,,,,,,
,,,,,51167a30-b0d1-44f0-a1ca-b8f020bbab04,false,,mooverTest1,,,Default,One per quote line,,,,Quantity,,false,,,,,,,,,,false,,,false,,,1.0,false,,,,false,false,false,false,,false,false,false,false,false,false,false,false,,Click,false,false,,false,List,,true,,false,,,,List,,,,,,Renewable,,false,,,,,,,
,,,,,51167a30-b0d1-44f0-a1ca-b8f020bbab04,false,,mooverTest1,,,Default,One per quote line,,,,Quantity,,false,,,,,,,,,,false,,,false,,,1.0,false,,,,false,false,false,false,,false,false,false,false,false,false,false,false,,Click,false,false,,false,List,,true,,false,,,,List,,,,,,Renewable,,false,,,,,,,
,,,,,51167a30-b0d1-44f0-a1ca-b8f020bbab04,false,,mooverTest1,,,Default,One per quote line,,,,Quantity,,false,,,,,,,,,,false,,,false,,,1.0,false,,,,false,false,false,false,,false,false,false,false,false,false,false,false,,Click,false,false,,false,List,,true,,false,,,,List,,,,,,Renewable,,false,,,,,,,
,,,,,51167a30-b0d1-44f0-a1ca-b8f020bbab04,false,,mooverTest1,,,Default,One per quote line,,,,Quantity,,false,,,,,,,,,,false,,,false,,,1.0,false,,,,false,false,false,false,,false,false,false,false,false,false,false,false,,Click,false,false,,false,List,,true,,false,,,,List,,,,,,Renewable,,false,,,,,,,
,,,,,51167a30-b0d1-44f0-a1ca-b8f020bbab04,false,,mooverTest1,,,Default,One per quote line,,,,Quantity,,false,,,,,,,,,,false,,,false,,,1.0,false,,,,false,false,false,false,,false,false,false,false,false,false,false,false,,Click,false,false,,false,List,,true,,false,,,,List,,,,,,Renewable,,false,,,,,,,
,,,,,51167a30-b0d1-44f0-a1ca-b8f020bbab04,false,,mooverTest1,,,Default,One per quote line,,,,Quantity,,false,,,,,,,,,,false,,,false,,,1.0,false,,,,false,false,false,false,,false,false,false,false,false,false,false,false,,Click,false,false,,false,List,,true,,false,,,,List,,,,,,Renewable,,false,,,,,,,
,,,,,51167a30-b0d1-44f0-a1ca-b8f020bbab04,false,,mooverTest1,,,Default,One per quote line,,,,Quantity,,false,,,,,,,,,,false,,,false,,,1.0,false,,,,false,false,false,false,,false,false,false,false,false,false,false,false,,Click,false,false,,false,List,,true,,false,,,,List,,,,,,Renewable,,false,,,,,,,
,,,,,51167a30-b0d1-44f0-a1ca-b8f020bbab04,false,,mooverTest1,,,Default,One per quote line,,,,Quantity,,false,,,,,,,,,,false,,,false,,,1.0,false,,,,false,false,false,false,,false,false,false,false,false,false,false,false,,Click,false,false,,false,List,,true,,false,,,,List,,,,,,Renewable,,false,,,,,,,
,,,,,51167a30-b0d1-44f0-a1ca-b8f020bbab04,false,,mooverTest1,,,Default,One per quote line,,,,Quantity,,false,,,,,,,,,,false,,,false,,,1.0,false,,,,false,false,false,false,,false,false,false,false,false,false,false,false,,Click,false,false,,false,List,,true,,false,,,,List,,,,,,Renewable,,false,,,,,,,
,,,,,51167a30-b0d1-44f0-a1ca-b8f020bbab04,false,,mooverTest1,,,Default,One per quote line,,,,Quantity,,false,,,,,,,,,,false,,,false,,,1.0,false,,,,false,false,false,false,,false,false,false,false,false,false,false,false,,Click,false,false,,false,List,,true,,false,,,,List,,,,,,Renewable,,false,,,,,,,
,,,,,51167a30-b0d1-44f0-a1ca-b8f020bbab04,false,,mooverTest1,,,Default,One per quote line,,,,Quantity,,false,,,,,,,,,,false,,,false,,,1.0,false,,,,false,false,false,false,,false,false,false,false,false,false,false,false,,Click,false,false,,false,List,,true,,false,,,,List,,,,,,Renewable,,false,,,,,,,
,,,,,51167a30-b0d1-44f0-a1ca-b8f020bbab04,false,,mooverTest1,,,Default,One per quote line,,,,Quantity,,false,,,,,,,,,,false,,,false,,,1.0,false,,,,false,false,false,false,,false,false,false,false,false,false,false,false,,Click,false,false,,false,List,,true,,false,,,,List,,,,,,Renewable,,false,,,,,,,
,,,,,51167a30-b0d1-44f0-a1ca-b8f020bbab04,false,,mooverTest1,,,Default,One per quote line,,,,Quantity,,false,,,,,,,,,,false,,,false,,,1.0,false,,,,false,false,false,false,,false,false,false,false,false,false,false,false,,Click,false,false,,false,List,,true,,false,,,,List,,,,,,Renewable,,false,,,,,,,
,,,,,51167a30-b0d1-44f0-a1ca-b8f020bbab04,false,,mooverTest1,,,Default,One per quote line,,,,Quantity,,false,,,,,,,,,,false,,,false,,,1.0,false,,,,false,false,false,false,,false,false,false,false,false,false,false,false,,Click,false,false,,false,List,,true,,false,,,,List,,,,,,Renewable,,false,,,,,,,
,,,,,51167a30-b0d1-44f0-a1ca-b8f020bbab04,false,,mooverTest1,,,Default,One per quote line,,,,Quantity,,false,,,,,,,,,,false,,,false,,,1.0,false,,,,false,false,false,false,,false,false,false,false,false,false,false,false,,Click,false,false,,false,List,,true,,false,,,,List,,,,,,Renewable,,false,,,,,,,
,,,,,51167a30-b0d1-44f0-a1ca-b8f020bbab04,false,,mooverTest1,,,Default,One per quote line,,,,Quantity,,false,,,,,,,,,,false,,,false,,,1.0,false,,,,false,false,false,false,,false,false,false,false,false,false,false,false,,Click,false,false,,false,List,,true,,false,,,,List,,,,,,Renewable,,false,,,,,,,
,,,,,51167a30-b0d1-44f0-a1ca-b8f020bbab04,false,,mooverTest1,,,Default,One per quote line,,,,Quantity,,false,,,,,,,,,,false,,,false,,,1.0,false,,,,false,false,false,false,,false,false,false,false,false,false,false,false,,Click,false,false,,false,List,,true,,false,,,,List,,,,,,Renewable,,false,,,,,,,
,,,,,51167a30-b0d1-44f0-a1ca-b8f020bbab04,false,,mooverTest1,,,Default,One per quote line,,,,Quantity,,false,,,,,,,,,,false,,,false,,,1.0,false,,,,false,false,false,false,,false,false,false,false,false,false,false,false,,Click,false,false,,false,List,,true,,false,,,,List,,,,,,Renewable,,false,,,,,,,
,,,,,51167a30-b0d1-44f0-a1ca-b8f020bbab04,false,,mooverTest1,,,Default,One per quote line,,,,Quantity,,false,,,,,,,,,,false,,,false,,,1.0,false,,,,false,false,false,false,,false,false,false,false,false,false,false,false,,Click,false,false,,false,List,,true,,false,,,,List,,,,,,Renewable,,false,,,,,,,
,,,,,51167a30-b0d1-44f0-a1ca-b8f020bbab04,false,,mooverTest1,,,Default,One per quote line,,,,Quantity,,false,,,,,,,,,,false,,,false,,,1.0,false,,,,false,false,false,false,,false,false,false,false,false,false,false,false,,Click,false,false,,false,List,,true,,false,,,,List,,,,,,Renewable,,false,,,,,,,
,,,,,51167a30-b0d1-44f0-a1ca-b8f020bbab04,false,,mooverTest1,,,Default,One per quote line,,,,Quantity,,false,,,,,,,,,,false,,,false,,,1.0,false,,,,false,false,false,false,,false,false,false,false,false,false,false,false,,Click,false,false,,false,List,,true,,false,,,,List,,,,,,Renewable,,false,,,,,,,
,,,,,51167a30-b0d1-44f0-a1ca-b8f020bbab04,false,,mooverTest1,,,Default,One per quote line,,,,Quantity,,false,,,,,,,,,,false,,,false,,,1.0,false,,,,false,false,false,false,,false,false,false,false,false,false,false,false,,Click,false,false,,false,List,,true,,false,,,,List,,,,,,Renewable,,false,,,,,,,
,,,,,51167a30-b0d1-44f0-a1ca-b8f020bbab04,false,,mooverTest1,,,Default,One per quote line,,,,Quantity,,false,,,,,,,,,,false,,,false,,,1.0,false,,,,false,false,false,false,,false,false,false,false,false,false,false,false,,Click,false,false,,false,List,,true,,false,,,,List,,,,,,Renewable,,false,,,,,,,
,,,,,51167a30-b0d1-44f0-a1ca-b8f020bbab04,false,,mooverTest1,,,Default,One per quote line,,,,Quantity,,false,,,,,,,,,,false,,,false,,,1.0,false,,,,false,false,false,false,,false,false,false,false,false,false,false,false,,Click,false,false,,false,List,,true,,false,,,,List,,,,,,Renewable,,false,,,,,,,
,,,,,51167a30-b0d1-44f0-a1ca-b8f020bbab04,false,,mooverTest1,,,Default,One per quote line,,,,Quantity,,false,,,,,,,,,,false,,,false,,,1.0,false,,,,false,false,false,false,,false,false,false,false,false,false,false,false,,Click,false,false,,false,List,,true,,false,,,,List,,,,,,Renewable,,false,,,,,,,
,,,,,51167a30-b0d1-44f0-a1ca-b8f020bbab04,false,,mooverTest1,,,Default,One per quote line,,,,Quantity,,false,,,,,,,,,,false,,,false,,,1.0,false,,,,false,false,false,false,,false,false,false,false,false,false,false,false,,Click,false,false,,false,List,,true,,false,,,,List,,,,,,Renewable,,false,,,,,,,
,,,,,51167a30-b0d1-44f0-a1ca-b8f020bbab04,false,,mooverTest1,,,Default,One per quote line,,,,Quantity,,false,,,,,,,,,,false,,,false,,,1.0,false,,,,false,false,false,false,,false,false,false,false,false,false,false,false,,Click,false,false,,false,List,,true,,false,,,,List,,,,,,Renewable,,false,,,,,,,
,,,,,51167a30-b0d1-44f0-a1ca-b8f020bbab04,false,,mooverTest1,,,Default,One per quote line,,,,Quantity,,false,,,,,,,,,,false,,,false,,,1.0,false,,,,false,false,false,false,,false,false,false,false,false,false,false,false,,Click,false,false,,false,List,,true,,false,,,,List,,,,,,Renewable,,false,,,,,,,
,,,,,51167a30-b0d1-44f0-a1ca-b8f020bbab04,false,,mooverTest1,,,Default,One per quote line,,,,Quantity,,false,,,,,,,,,,false,,,false,,,1.0,false,,,,false,false,false,false,,false,false,false,false,false,false,false,false,,Click,false,false,,false,List,,true,,false,,,,List,,,,,,Renewable,,false,,,,,,,
,,,,,51167a30-b0d1-44f0-a1ca-b8f020bbab04,false,,mooverTest1,,,Default,One per quote line,,,,Quantity,,false,,,,,,,,,,false,,,false,,,1.0,false,,,,false,false,false,false,,false,false,false,false,false,false,false,false,,Click,false,false,,false,List,,true,,false,,,,List,,,,,,Renewable,,false,,,,,,,
,,,,,51167a30-b0d1-44f0-a1ca-b8f020bbab04,false,,mooverTest1,,,Default,One per quote line,,,,Quantity,,false,,,,,,,,,,false,,,false,,,1.0,false,,,,false,false,false,false,,false,false,false,false,false,false,false,false,,Click,false,false,,false,List,,true,,false,,,,List,,,,,,Renewable,,false,,,,,,,
,,,,,51167a30-b0d1-44f0-a1ca-b8f020bbab04,false,,mooverTest1,,,Default,One per quote line,,,,Quantity,,false,,,,,,,,,,false,,,false,,,1.0,false,,,,false,false,false,false,,false,false,false,false,false,false,false,false,,Click,false,false,,false,List,,true,,false,,,,List,,,,,,Renewable,,false,,,,,,,
,,,,,51167a30-b0d1-44f0-a1ca-b8f020bbab04,false,,mooverTest1,,,Default,One per quote line,,,,Quantity,,false,,,,,,,,,,false,,,false,,,1.0,false,,,,false,false,false,false,,false,false,false,false,false,false,false,false,,Click,false,false,,false,List,,true,,false,,,,List,,,,,,Renewable,,false,,,,,,,
,,,,,51167a30-b0d1-44f0-a1ca-b8f020bbab04,false,,mooverTest1,,,Default,One per quote line,,,,Quantity,,false,,,,,,,,,,false,,,false,,,1.0,false,,,,false,false,false,false,,false,false,false,false,false,false,false,false,,Click,false,false,,false,List,,true,,false,,,,List,,,,,,Renewable,,false,,,,,,,
,,,,,51167a30-b0d1-44f0-a1ca-b8f020bbab04,false,,mooverTest1,,,Default,One per quote line,,,,Quantity,,false,,,,,,,,,,false,,,false,,,1.0,false,,,,false,false,false,false,,false,false,false,false,false,false,false,false,,Click,false,false,,false,List,,true,,false,,,,List,,,,,,Renewable,,false,,,,,,,
,,,,,51167a30-b0d1-44f0-a1ca-b8f020bbab04,false,,mooverTest1,,,Default,One per quote line,,,,Quantity,,false,,,,,,,,,,false,,,false,,,1.0,false,,,,false,false,false,false,,false,false,false,false,false,false,false,false,,Click,false,false,,false,List,,true,,false,,,,List,,,,,,Renewable,,false,,,,,,,
,,,,,51167a30-b0d1-44f0-a1ca-b8f020bbab04,false,,mooverTest1,,,Default,One per quote line,,,,Quantity,,false,,,,,,,,,,false,,,false,,,1.0,false,,,,false,false,false,false,,false,false,false,false,false,false,false,false,,Click,false,false,,false,List,,true,,false,,,,List,,,,,,Renewable,,false,,,,,,,
,,,,,51167a30-b0d1-44f0-a1ca-b8f020bbab04,false,,mooverTest1,,,Default,One per quote line,,,,Quantity,,false,,,,,,,,,,false,,,false,,,1.0,false,,,,false,false,false,false,,false,false,false,false,false,false,false,false,,Click,false,false,,false,List,,true,,false,,,,List,,,,,,Renewable,,false,,,,,,,
,,,,,51167a30-b0d1-44f0-a1ca-b8f020bbab04,false,,mooverTest1,,,Default,One per quote line,,,,Quantity,,false,,,,,,,,,,false,,,false,,,1.0,false,,,,false,false,false,false,,false,false,false,false,false,false,false,false,,Click,false,false,,false,List,,true,,false,,,,List,,,,,,Renewable,,false,,,,,,,
,,,,,51167a30-b0d1-44f0-a1ca-b8f020bbab04,false,,mooverTest1,,,Default,One per quote line,,,,Quantity,,false,,,,,,,,,,false,,,false,,,1.0,false,,,,false,false,false,false,,false,false,false,false,false,false,false,false,,Click,false,false,,false,List,,true,,false,,,,List,,,,,,Renewable,,false,,,,,,,
,,,,,51167a30-b0d1-44f0-a1ca-b8f020bbab04,false,,mooverTest1,,,Default,One per quote line,,,,Quantity,,false,,,,,,,,,,false,,,false,,,1.0,false,,,,false,false,false,false,,false,false,false,false,false,false,false,false,,Click,false,false,,false,List,,true,,false,,,,List,,,,,,Renewable,,false,,,,,,,
,,,,,51167a30-b0d1-44f0-a1ca-b8f020bbab04,false,,mooverTest1,,,Default,One per quote line,,,,Quantity,,false,,,,,,,,,,false,,,false,,,1.0,false,,,,false,false,false,false,,false,false,false,false,false,false,false,false,,Click,false,false,,false,List,,true,,false,,,,List,,,,,,Renewable,,false,,,,,,,
,,,,,51167a30-b0d1-44f0-a1ca-b8f020bbab04,false,,mooverTest1,,,Default,One per quote line,,,,Quantity,,false,,,,,,,,,,false,,,false,,,1.0,false,,,,false,false,false,false,,false,false,false,false,false,false,false,false,,Click,false,false,,false,List,,true,,false,,,,List,,,,,,Renewable,,false,,,,,,,
,,,,,51167a30-b0d1-44f0-a1ca-b8f020bbab04,false,,mooverTest1,,,Default,One per quote line,,,,Quantity,,false,,,,,,,,,,false,,,false,,,1.0,false,,,,false,false,false,false,,false,false,false,false,false,false,false,false,,Click,false,false,,false,List,,true,,false,,,,List,,,,,,Renewable,,false,,,,,,,
,,,,,51167a30-b0d1-44f0-a1ca-b8f020bbab04,false,,mooverTest1,,,Default,One per quote line,,,,Quantity,,false,,,,,,,,,,false,,,false,,,1.0,false,,,,false,false,false,false,,false,false,false,false,false,false,false,false,,Click,false,false,,false,List,,true,,false,,,,List,,,,,,Renewable,,false,,,,,,,
,,,,,51167a30-b0d1-44f0-a1ca-b8f020bbab04,false,,mooverTest1,,,Default,One per quote line,,,,Quantity,,false,,,,,,,,,,false,,,false,,,1.0,false,,,,false,false,false,false,,false,false,false,false,false,false,false,false,,Click,false,false,,false,List,,true,,false,,,,List,,,,,,Renewable,,false,,,,,,,
,,,,,51167a30-b0d1-44f0-a1ca-b8f020bbab04,false,,mooverTest1,,,Default,One per quote line,,,,Quantity,,false,,,,,,,,,,false,,,false,,,1.0,false,,,,false,false,false,false,,false,false,false,false,false,false,false,false,,Click,false,false,,false,List,,true,,false,,,,List,,,,,,Renewable,,false,,,,,,,
,,,,,51167a30-b0d1-44f0-a1ca-b8f020bbab04,false,,mooverTest1,,,Default,One per quote line,,,,Quantity,,false,,,,,,,,,,false,,,false,,,1.0,false,,,,false,false,false,false,,false,false,false,false,false,false,false,false,,Click,false,false,,false,List,,true,,false,,,,List,,,,,,Renewable,,false,,,,,,,
,,,,,51167a30-b0d1-44f0-a1ca-b8f020bbab04,false,,mooverTest1,,,Default,One per quote line,,,,Quantity,,false,,,,,,,,,,false,,,false,,,1.0,false,,,,false,false,false,false,,false,false,false,false,false,false,false,false,,Click,false,false,,false,List,,true,,false,,,,List,,,,,,Renewable,,false,,,,,,,
,,,,,45efa04c-a07f-400d-baaf-d3cbccba0351,false,,myProduct_edit,,,Default,One per quote line,,,,Quantity,,false,,,,,,,,,,false,,,false,,,1.0,false,,,,false,false,false,false,,false,false,false,false,false,false,false,false,,Click,false,false,,false,List,,true,,false,,,,List,,,,,,Renewable,,false,,,,,,,
,,,,,45efa04c-a07f-400d-baaf-d3cbccba0351,false,,myProduct_edit,,,Default,One per quote line,,,,Quantity,,false,,,,,,,,,,false,,,false,,,1.0,false,,,,false,false,false,false,,false,false,false,false,false,false,false,false,,Click,false,false,,false,List,,true,,false,,,,List,,,,,,Renewable,,false,,,,,,,
,,,,,45efa04c-a07f-400d-baaf-d3cbccba0351,false,,myProduct_edit,,,Default,One per quote line,,,,Quantity,,false,,,,,,,,,,false,,,false,,,1.0,false,,,,false,false,false,false,,false,false,false,false,false,false,false,false,,Click,false,false,,false,List,,true,,false,,,,List,,,,,,Renewable,,false,,,,,,,
,,,,,45efa04c-a07f-400d-baaf-d3cbccba0351,false,,myProduct_edit,,,Default,One per quote line,,,,Quantity,,false,,,,,,,,,,false,,,false,,,1.0,false,,,,false,false,false,false,,false,false,false,false,false,false,false,false,,Click,false,false,,false,List,,true,,false,,,,List,,,,,,Renewable,,false,,,,,,,
,,,,,45efa04c-a07f-400d-baaf-d3cbccba0351,false,,myProduct_edit,,,Default,One per quote line,,,,Quantity,,false,,,,,,,,,,false,,,false,,,1.0,false,,,,false,false,false,false,,false,false,false,false,false,false,false,false,,Click,false,false,,false,List,,true,,false,,,,List,,,,,,Renewable,,false,,,,,,,
,,,,,45efa04c-a07f-400d-baaf-d3cbccba0351,false,,myProduct_edit,,,Default,One per quote line,,,,Quantity,,false,,,,,,,,,,false,,,false,,,1.0,false,,,,false,false,false,false,,false,false,false,false,false,false,false,false,,Click,false,false,,false,List,,true,,false,,,,List,,,,,,Renewable,,false,,,,,,,
,,,,,45efa04c-a07f-400d-baaf-d3cbccba0351,false,,myProduct_edit,,,Default,One per quote line,,,,Quantity,,false,,,,,,,,,,false,,,false,,,1.0,false,,,,false,false,false,false,,false,false,false,false,false,false,false,false,,Click,false,false,,false,List,,true,,false,,,,List,,,,,,Renewable,,false,,,,,,,
,,,,,45efa04c-a07f-400d-baaf-d3cbccba0351,false,,myProduct_edit,,,Default,One per quote line,,,,Quantity,,false,,,,,,,,,,false,,,false,,,1.0,false,,,,false,false,false,false,,false,false,false,false,false,false,false,false,,Click,false,false,,false,List,,true,,false,,,,List,,,,,,Renewable,,false,,,,,,,
,,,,,45efa04c-a07f-400d-baaf-d3cbccba0351,false,,myProduct_edit,,,Default,One per quote line,,,,Quantity,,false,,,,,,,,,,false,,,false,,,1.0,false,,,,false,false,false,false,,false,false,false,false,false,false,false,false,,Click,false,false,,false,List,,true,,false,,,,List,,,,,,Renewable,,false,,,,,,,
,,,,,45efa04c-a07f-400d-baaf-d3cbccba0351,false,,myProduct_edit,,,Default,One per quote line,,,,Quantity,,false,,,,,,,,,,false,,,false,,,1.0,false,,,,false,false,false,false,,false,false,false,false,false,false,false,false,,Click,false,false,,false,List,,true,,false,,,,List,,,,,,Renewable,,false,,,,,,,
,,,,,45efa04c-a07f-400d-baaf-d3cbccba0351,false,,myProduct_edit,,,Default,One per quote line,,,,Quantity,,false,,,,,,,,,,false,,,false,,,1.0,false,,,,false,false,false,false,,false,false,false,false,false,false,false,false,,Click,false,false,,false,List,,true,,false,,,,List,,,,,,Renewable,,false,,,,,,,
,,,,,45efa04c-a07f-400d-baaf-d3cbccba0351,false,,myProduct_edit,,,Default,One per quote line,,,,Quantity,,false,,,,,,,,,,false,,,false,,,1.0,false,,,,false,false,false,false,,false,false,false,false,false,false,false,false,,Click,false,false,,false,List,,true,,false,,,,List,,,,,,Renewable,,false,,,,,,,
,,,,,45efa04c-a07f-400d-baaf-d3cbccba0351,false,,myProduct_edit,,,Default,One per quote line,,,,Quantity,,false,,,,,,,,,,false,,,false,,,1.0,false,,,,false,false,false,false,,false,false,false,false,false,false,false,false,,Click,false,false,,false,List,,true,,false,,,,List,,,,,,Renewable,,false,,,,,,,
,,,,,45efa04c-a07f-400d-baaf-d3cbccba0351,false,,myProduct_edit,,,Default,One per quote line,,,,Quantity,,false,,,,,,,,,,false,,,false,,,1.0,false,,,,false,false,false,false,,false,false,false,false,false,false,false,false,,Click,false,false,,false,List,,true,,false,,,,List,,,,,,Renewable,,false,,,,,,,
,,,,,45efa04c-a07f-400d-baaf-d3cbccba0351,false,,myProduct_edit,,,Default,One per quote line,,,,Quantity,,false,,,,,,,,,,false,,,false,,,1.0,false,,,,false,false,false,false,,false,false,false,false,false,false,false,false,,Click,false,false,,false,List,,true,,false,,,,List,,,,,,Renewable,,false,,,,,,,
,,,,,45efa04c-a07f-400d-baaf-d3cbccba0351,false,,myProduct_edit,,,Default,One per quote line,,,,Quantity,,false,,,,,,,,,,false,,,false,,,1.0,false,,,,false,false,false,false,,false,false,false,false,false,false,false,false,,Click,false,false,,false,List,,true,,false,,,,List,,,,,,Renewable,,false,,,,,,,
,,,,,45efa04c-a07f-400d-baaf-d3cbccba0351,false,,myProduct_edit,,,Default,One per quote line,,,,Quantity,,false,,,,,,,,,,false,,,false,,,1.0,false,,,,false,false,false,false,,false,false,false,false,false,false,false,false,,Click,false,false,,false,List,,true,,false,,,,List,,,,,,Renewable,,false,,,,,,,
,,,,,45efa04c-a07f-400d-baaf-d3cbccba0351,false,,myProduct_edit,,,Default,One per quote line,,,,Quantity,,false,,,,,,,,,,false,,,false,,,1.0,false,,,,false,false,false,false,,false,false,false,false,false,false,false,false,,Click,false,false,,false,List,,true,,false,,,,List,,,,,,Renewable,,false,,,,,,,
,,,,,45efa04c-a07f-400d-baaf-d3cbccba0351,false,,myProduct_edit,,,Default,One per quote line,,,,Quantity,,false,,,,,,,,,,false,,,false,,,1.0,false,,,,false,false,false,false,,false,false,false,false,false,false,false,false,,Click,false,false,,false,List,,true,,false,,,,List,,,,,,Renewable,,false,,,,,,,
,,,,,45efa04c-a07f-400d-baaf-d3cbccba0351,false,,myProduct_edit,,,Default,One per quote line,,,,Quantity,,false,,,,,,,,,,false,,,false,,,1.0,false,,,,false,false,false,false,,false,false,false,false,false,false,false,false,,Click,false,false,,false,List,,true,,false,,,,List,,,,,,Renewable,,false,,,,,,,
,,,,,45efa04c-a07f-400d-baaf-d3cbccba0351,false,,myProduct_edit,,,Default,One per quote line,,,,Quantity,,false,,,,,,,,,,false,,,false,,,1.0,false,,,,false,false,false,false,,false,false,false,false,false,false,false,false,,Click,false,false,,false,List,,true,,false,,,,List,,,,,,Renewable,,false,,,,,,,
,,,,,45efa04c-a07f-400d-baaf-d3cbccba0351,false,,myProduct_edit,,,Default,One per quote line,,,,Quantity,,false,,,,,,,,,,false,,,false,,,1.0,false,,,,false,false,false,false,,false,false,false,false,false,false,false,false,,Click,false,false,,false,List,,true,,false,,,,List,,,,,,Renewable,,false,,,,,,,
,,,,,45efa04c-a07f-400d-baaf-d3cbccba0351,false,,myProduct_edit,,,Default,One per quote line,,,,Quantity,,false,,,,,,,,,,false,,,false,,,1.0,false,,,,false,false,false,false,,false,false,false,false,false,false,false,false,,Click,false,false,,false,List,,true,,false,,,,List,,,,,,Renewable,,false,,,,,,,
,,,,,45efa04c-a07f-400d-baaf-d3cbccba0351,false,,myProduct_edit,,,Default,One per quote line,,,,Quantity,,false,,,,,,,,,,false,,,false,,,1.0,false,,,,false,false,false,false,,false,false,false,false,false,false,false,false,,Click,false,false,,false,List,,true,,false,,,,List,,,,,,Renewable,,false,,,,,,,
,,,,,45efa04c-a07f-400d-baaf-d3cbccba0351,false,,myProduct_edit,,,Default,One per quote line,,,,Quantity,,false,,,,,,,,,,false,,,false,,,1.0,false,,,,false,false,false,false,,false,false,false,false,false,false,false,false,,Click,false,false,,false,List,,true,,false,,,,List,,,,,,Renewable,,false,,,,,,,
,,,,,45efa04c-a07f-400d-baaf-d3cbccba0351,false,,myProduct_edit,,,Default,One per quote line,,,,Quantity,,false,,,,,,,,,,false,,,false,,,1.0,false,,,,false,false,false,false,,false,false,false,false,false,false,false,false,,Click,false,false,,false,List,,true,,false,,,,List,,,,,,Renewable,,false,,,,,,,
,,,,,45efa04c-a07f-400d-baaf-d3cbccba0351,false,,myProduct_edit,,,Default,One per quote line,,,,Quantity,,false,,,,,,,,,,false,,,false,,,1.0,false,,,,false,false,false,false,,false,false,false,false,false,false,false,false,,Click,false,false,,false,List,,true,,false,,,,List,,,,,,Renewable,,false,,,,,,,
,,,,,45efa04c-a07f-400d-baaf-d3cbccba0351,false,,myProduct_edit,,,Default,One per quote line,,,,Quantity,,false,,,,,,,,,,false,,,false,,,1.0,false,,,,false,false,false,false,,false,false,false,false,false,false,false,false,,Click,false,false,,false,List,,true,,false,,,,List,,,,,,Renewable,,false,,,,,,,
,,,,,45efa04c-a07f-400d-baaf-d3cbccba0351,false,,myProduct_edit,,,Default,One per quote line,,,,Quantity,,false,,,,,,,,,,false,,,false,,,1.0,false,,,,false,false,false,false,,false,false,false,false,false,false,false,false,,Click,false,false,,false,List,,true,,false,,,,List,,,,,,Renewable,,false,,,,,,,
,,,,,45efa04c-a07f-400d-baaf-d3cbccba0351,false,,myProduct_edit,,,Default,One per quote line,,,,Quantity,,false,,,,,,,,,,false,,,false,,,1.0,false,,,,false,false,false,false,,false,false,false,false,false,false,false,false,,Click,false,false,,false,List,,true,,false,,,,List,,,,,,Renewable,,false,,,,,,,
,,,,,45efa04c-a07f-400d-baaf-d3cbccba0351,false,,myProduct_edit,,,Default,One per quote line,,,,Quantity,,false,,,,,,,,,,false,,,false,,,1.0,false,,,,false,false,false,false,,false,false,false,false,false,false,false,false,,Click,false,false,,false,List,,true,,false,,,,List,,,,,,Renewable,,false,,,,,,,
,,,,,45efa04c-a07f-400d-baaf-d3cbccba0351,false,,myProduct_edit,,,Default,One per quote line,,,,Quantity,,false,,,,,,,,,,false,,,false,,,1.0,false,,,,false,false,false,false,,false,false,false,false,false,false,false,false,,Click,false,false,,false,List,,true,,false,,,,List,,,,,,Renewable,,false,,,,,,,
,,,,,45efa04c-a07f-400d-baaf-d3cbccba0351,false,,myProduct_edit,,,Default,One per quote line,,,,Quantity,,false,,,,,,,,,,false,,,false,,,1.0,false,,,,false,false,false,false,,false,false,false,false,false,false,false,false,,Click,false,false,,false,List,,true,,false,,,,List,,,,,,Renewable,,false,,,,,,,
,,,,,45efa04c-a07f-400d-baaf-d3cbccba0351,false,,myProduct_edit,,,Default,One per quote line,,,,Quantity,,false,,,,,,,,,,false,,,false,,,1.0,false,,,,false,false,false,false,,false,false,false,false,false,false,false,false,,Click,false,false,,false,List,,true,,false,,,,List,,,,,,Renewable,,false,,,,,,,
,,,,,45efa04c-a07f-400d-baaf-d3cbccba0351,false,,myProduct_edit,,,Default,One per quote line,,,,Quantity,,false,,,,,,,,,,false,,,false,,,1.0,false,,,,false,false,false,false,,false,false,false,false,false,false,false,false,,Click,false,false,,false,List,,true,,false,,,,List,,,,,,Renewable,,false,,,,,,,
,,,,,45efa04c-a07f-400d-baaf-d3cbccba0351,false,,myProduct_edit,,,Default,One per quote line,,,,Quantity,,false,,,,,,,,,,false,,,false,,,1.0,false,,,,false,false,false,false,,false,false,false,false,false,false,false,false,,Click,false,false,,false,List,,true,,false,,,,List,,,,,,Renewable,,false,,,,,,,
,,,,,45efa04c-a07f-400d-baaf-d3cbccba0351,false,,myProduct_edit,,,Default,One per quote line,,,,Quantity,,false,,,,,,,,,,false,,,false,,,1.0,false,,,,false,false,false,false,,false,false,false,false,false,false,false,false,,Click,false,false,,false,List,,true,,false,,,,List,,,,,,Renewable,,false,,,,,,,
,,,,,45efa04c-a07f-400d-baaf-d3cbccba0351,false,,myProduct_edit,,,Default,One per quote line,,,,Quantity,,false,,,,,,,,,,false,,,false,,,1.0,false,,,,false,false,false,false,,false,false,false,false,false,false,false,false,,Click,false,false,,false,List,,true,,false,,,,List,,,,,,Renewable,,false,,,,,,,
,,,,,45efa04c-a07f-400d-baaf-d3cbccba0351,false,,myProduct_edit,,,Default,One per quote line,,,,Quantity,,false,,,,,,,,,,false,,,false,,,1.0,false,,,,false,false,false,false,,false,false,false,false,false,false,false,false,,Click,false,false,,false,List,,true,,false,,,,List,,,,,,Renewable,,false,,,,,,,
,,,,,45efa04c-a07f-400d-baaf-d3cbccba0351,false,,myProduct_edit,,,Default,One per quote line,,,,Quantity,,false,,,,,,,,,,false,,,false,,,1.0,false,,,,false,false,false,false,,false,false,false,false,false,false,false,false,,Click,false,false,,false,List,,true,,false,,,,List,,,,,,Renewable,,false,,,,,,,
,,,,,45efa04c-a07f-400d-baaf-d3cbccba0351,false,,myProduct_edit,,,Default,One per quote line,,,,Quantity,,false,,,,,,,,,,false,,,false,,,1.0,false,,,,false,false,false,false,,false,false,false,false,false,false,false,false,,Click,false,false,,false,List,,true,,false,,,,List,,,,,,Renewable,,false,,,,,,,
,,,,,45efa04c-a07f-400d-baaf-d3cbccba0351,false,,myProduct_edit,,,Default,One per quote line,,,,Quantity,,false,,,,,,,,,,false,,,false,,,1.0,false,,,,false,false,false,false,,false,false,false,false,false,false,false,false,,Click,false,false,,false,List,,true,,false,,,,List,,,,,,Renewable,,false,,,,,,,
,,,,,45efa04c-a07f-400d-baaf-d3cbccba0351,false,,myProduct_edit,,,Default,One per quote line,,,,Quantity,,false,,,,,,,,,,false,,,false,,,1.0,false,,,,false,false,false,false,,false,false,false,false,false,false,false,false,,Click,false,false,,false,List,,true,,false,,,,List,,,,,,Renewable,,false,,,,,,,
,,,,,45efa04c-a07f-400d-baaf-d3cbccba0351,false,,myProduct_edit,,,Default,One per quote line,,,,Quantity,,false,,,,,,,,,,false,,,false,,,1.0,false,,,,false,false,false,false,,false,false,false,false,false,false,false,false,,Click,false,false,,false,List,,true,,false,,,,List,,,,,,Renewable,,false,,,,,,,
,,,,,45efa04c-a07f-400d-baaf-d3cbccba0351,false,,myProduct_edit,,,Default,One per quote line,,,,Quantity,,false,,,,,,,,,,false,,,false,,,1.0,false,,,,false,false,false,false,,false,false,false,false,false,false,false,false,,Click,false,false,,false,List,,true,,false,,,,List,,,,,,Renewable,,false,,,,,,,
,,,,,45efa04c-a07f-400d-baaf-d3cbccba0351,false,,myProduct_edit,,,Default,One per quote line,,,,Quantity,,false,,,,,,,,,,false,,,false,,,1.0,false,,,,false,false,false,false,,false,false,false,false,false,false,false,false,,Click,false,false,,false,List,,true,,false,,,,List,,,,,,Renewable,,false,,,,,,,
,,,,,45efa04c-a07f-400d-baaf-d3cbccba0351,false,,myProduct_edit,,,Default,One per quote line,,,,Quantity,,false,,,,,,,,,,false,,,false,,,1.0,false,,,,false,false,false,false,,false,false,false,false,false,false,false,false,,Click,false,false,,false,List,,true,,false,,,,List,,,,,,Renewable,,false,,,,,,,
,,,,,45efa04c-a07f-400d-baaf-d3cbccba0351,false,,myProduct_edit,,,Default,One per quote line,,,,Quantity,,false,,,,,,,,,,false,,,false,,,1.0,false,,,,false,false,false,false,,false,false,false,false,false,false,false,false,,Click,false,false,,false,List,,true,,false,,,,List,,,,,,Renewable,,false,,,,,,,
,,,,,45efa04c-a07f-400d-baaf-d3cbccba0351,false,,myProduct_edit,,,Default,One per quote line,,,,Quantity,,false,,,,,,,,,,false,,,false,,,1.0,false,,,,false,false,false,false,,false,false,false,false,false,false,false,false,,Click,false,false,,false,List,,true,,false,,,,List,,,,,,Renewable,,false,,,,,,,
,,,,,f17241d0-d008-4156-8bdc-99477fdecf3e,false,,MarkTest1,,,Default,One per quote line,,,,Quantity,,false,,,,,,,,,,false,,,false,,,1.0,false,,,,false,false,false,false,,false,false,false,false,false,false,false,false,,Click,false,false,,false,List,,true,,false,,,,List,,,,,,Renewable,,false,,,,,,,
,,,,,f17241d0-d008-4156-8bdc-99477fdecf3e,false,,MarkTest1,,,Default,One per quote line,,,,Quantity,,false,,,,,,,,,,false,,,false,,,1.0,false,,,,false,false,false,false,,false,false,false,false,false,false,false,false,,Click,false,false,,false,List,,true,,false,,,,List,,,,,,Renewable,,false,,,,,,,
,,,,,f17241d0-d008-4156-8bdc-99477fdecf3e,false,,MarkTest1,,,Default,One per quote line,,,,Quantity,,false,,,,,,,,,,false,,,false,,,1.0,false,,,,false,false,false,false,,false,false,false,false,false,false,false,false,,Click,false,false,,false,List,,true,,false,,,,List,,,,,,Renewable,,false,,,,,,,
,,,,,f17241d0-d008-4156-8bdc-99477fdecf3e,false,,MarkTest1,,,Default,One per quote line,,,,Quantity,,false,,,,,,,,,,false,,,false,,,1.0,false,,,,false,false,false,false,,false,false,false,false,false,false,false,false,,Click,false,false,,false,List,,true,,false,,,,List,,,,,,Renewable,,false,,,,,,,
,,,,,f17241d0-d008-4156-8bdc-99477fdecf3e,false,,MarkTest1,,,Default,One per quote line,,,,Quantity,,false,,,,,,,,,,false,,,false,,,1.0,false,,,,false,false,false,false,,false,false,false,false,false,false,false,false,,Click,false,false,,false,List,,true,,false,,,,List,,,,,,Renewable,,false,,,,,,,
,,,,,f17241d0-d008-4156-8bdc-99477fdecf3e,false,,MarkTest1,,,Default,One per quote line,,,,Quantity,,false,,,,,,,,,,false,,,false,,,1.0,false,,,,false,false,false,false,,false,false,false,false,false,false,false,false,,Click,false,false,,false,List,,true,,false,,,,List,,,,,,Renewable,,false,,,,,,,
,,,,,f17241d0-d008-4156-8bdc-99477fdecf3e,false,,MarkTest1,,,Default,One per quote line,,,,Quantity,,false,,,,,,,,,,false,,,false,,,1.0,false,,,,false,false,false,false,,false,false,false,false,false,false,false,false,,Click,false,false,,false,List,,true,,false,,,,List,,,,,,Renewable,,false,,,,,,,
,,,,,f17241d0-d008-4156-8bdc-99477fdecf3e,false,,MarkTest1,,,Default,One per quote line,,,,Quantity,,false,,,,,,,,,,false,,,false,,,1.0,false,,,,false,false,false,false,,false,false,false,false,false,false,false,false,,Click,false,false,,false,List,,true,,false,,,,List,,,,,,Renewable,,false,,,,,,,
,,,,,f17241d0-d008-4156-8bdc-99477fdecf3e,false,,MarkTest1,,,Default,One per quote line,,,,Quantity,,false,,,,,,,,,,false,,,false,,,1.0,false,,,,false,false,false,false,,false,false,false,false,false,false,false,false,,Click,false,false,,false,List,,true,,false,,,,List,,,,,,Renewable,,false,,,,,,,
,,,,,f17241d0-d008-4156-8bdc-99477fdecf3e,false,,MarkTest1,,,Default,One per quote line,,,,Quantity,,false,,,,,,,,,,false,,,false,,,1.0,false,,,,false,false,false,false,,false,false,false,false,false,false,false,false,,Click,false,false,,false,List,,true,,false,,,,List,,,,,,Renewable,,false,,,,,,,
,,,,,f17241d0-d008-4156-8bdc-99477fdecf3e,false,,MarkTest1,,,Default,One per quote line,,,,Quantity,,false,,,,,,,,,,false,,,false,,,1.0,false,,,,false,false,false,false,,false,false,false,false,false,false,false,false,,Click,false,false,,false,List,,true,,false,,,,List,,,,,,Renewable,,false,,,,,,,
,,,,,f17241d0-d008-4156-8bdc-99477fdecf3e,false,,MarkTest1,,,Default,One per quote line,,,,Quantity,,false,,,,,,,,,,false,,,false,,,1.0,false,,,,false,false,false,false,,false,false,false,false,false,false,false,false,,Click,false,false,,false,List,,true,,false,,,,List,,,,,,Renewable,,false,,,,,,,
,,,,,f17241d0-d008-4156-8bdc-99477fdecf3e,false,,MarkTest1,,,Default,One per quote line,,,,Quantity,,false,,,,,,,,,,false,,,false,,,1.0,false,,,,false,false,false,false,,false,false,false,false,false,false,false,false,,Click,false,false,,false,List,,true,,false,,,,List,,,,,,Renewable,,false,,,,,,,
,,,,,f17241d0-d008-4156-8bdc-99477fdecf3e,false,,MarkTest1,,,Default,One per quote line,,,,Quantity,,false,,,,,,,,,,false,,,false,,,1.0,false,,,,false,false,false,false,,false,false,false,false,false,false,false,false,,Click,false,false,,false,List,,true,,false,,,,List,,,,,,Renewable,,false,,,,,,,
,,,,,f17241d0-d008-4156-8bdc-99477fdecf3e,false,,MarkTest1,,,Default,One per quote line,,,,Quantity,,false,,,,,,,,,,false,,,false,,,1.0,false,,,,false,false,false,false,,false,false,false,false,false,false,false,false,,Click,false,false,,false,List,,true,,false,,,,List,,,,,,Renewable,,false,,,,,,,
,,,,,f17241d0-d008-4156-8bdc-99477fdecf3e,false,,MarkTest1,,,Default,One per quote line,,,,Quantity,,false,,,,,,,,,,false,,,false,,,1.0,false,,,,false,false,false,false,,false,false,false,false,false,false,false,false,,Click,false,false,,false,List,,true,,false,,,,List,,,,,,Renewable,,false,,,,,,,
,,,,,f17241d0-d008-4156-8bdc-99477fdecf3e,false,,MarkTest1,,,Default,One per quote line,,,,Quantity,,false,,,,,,,,,,false,,,false,,,1.0,false,,,,false,false,false,false,,false,false,false,false,false,false,false,false,,Click,false,false,,false,List,,true,,false,,,,List,,,,,,Renewable,,false,,,,,,,
,,,,,f17241d0-d008-4156-8bdc-99477fdecf3e,false,,MarkTest1,,,Default,One per quote line,,,,Quantity,,false,,,,,,,,,,false,,,false,,,1.0,false,,,,false,false,false,false,,false,false,false,false,false,false,false,false,,Click,false,false,,false,List,,true,,false,,,,List,,,,,,Renewable,,false,,,,,,,
,,,,,f17241d0-d008-4156-8bdc-99477fdecf3e,false,,MarkTest1,,,Default,One per quote line,,,,Quantity,,false,,,,,,,,,,false,,,false,,,1.0,false,,,,false,false,false,false,,false,false,false,false,false,false,false,false,,Click,false,false,,false,List,,true,,false,,,,List,,,,,,Renewable,,false,,,,,,,
,,,,,f17241d0-d008-4156-8bdc-99477fdecf3e,false,,MarkTest1,,,Default,One per quote line,,,,Quantity,,false,,,,,,,,,,false,,,false,,,1.0,false,,,,false,false,false,false,,false,false,false,false,false,false,false,false,,Click,false,false,,false,List,,true,,false,,,,List,,,,,,Renewable,,false,,,,,,,
,,,,,f17241d0-d008-4156-8bdc-99477fdecf3e,false,,MarkTest1,,,Default,One per quote line,,,,Quantity,,false,,,,,,,,,,false,,,false,,,1.0,false,,,,false,false,false,false,,false,false,false,false,false,false,false,false,,Click,false,false,,false,List,,true,,false,,,,List,,,,,,Renewable,,false,,,,,,,
,,,,,f17241d0-d008-4156-8bdc-99477fdecf3e,false,,MarkTest1,,,Default,One per quote line,,,,Quantity,,false,,,,,,,,,,false,,,false,,,1.0,false,,,,false,false,false,false,,false,false,false,false,false,false,false,false,,Click,false,false,,false,List,,true,,false,,,,List,,,,,,Renewable,,false,,,,,,,
,,,,,f17241d0-d008-4156-8bdc-99477fdecf3e,false,,MarkTest1,,,Default,One per quote line,,,,Quantity,,false,,,,,,,,,,false,,,false,,,1.0,false,,,,false,false,false,false,,false,false,false,false,false,false,false,false,,Click,false,false,,false,List,,true,,false,,,,List,,,,,,Renewable,,false,,,,,,,
,,,,,f17241d0-d008-4156-8bdc-99477fdecf3e,false,,MarkTest1,,,Default,One per quote line,,,,Quantity,,false,,,,,,,,,,false,,,false,,,1.0,false,,,,false,false,false,false,,false,false,false,false,false,false,false,false,,Click,false,false,,false,List,,true,,false,,,,List,,,,,,Renewable,,false,,,,,,,
,,,,,f17241d0-d008-4156-8bdc-99477fdecf3e,false,,MarkTest1,,,Default,One per quote line,,,,Quantity,,false,,,,,,,,,,false,,,false,,,1.0,false,,,,false,false,false,false,,false,false,false,false,false,false,false,false,,Click,false,false,,false,List,,true,,false,,,,List,,,,,,Renewable,,false,,,,,,,
,,,,,f17241d0-d008-4156-8bdc-99477fdecf3e,false,,MarkTest1,,,Default,One per quote line,,,,Quantity,,false,,,,,,,,,,false,,,false,,,1.0,false,,,,false,false,false,false,,false,false,false,false,false,false,false,false,,Click,false,false,,false,List,,true,,false,,,,List,,,,,,Renewable,,false,,,,,,,
,,,,,f17241d0-d008-4156-8bdc-99477fdecf3e,false,,MarkTest1,,,Default,One per quote line,,,,Quantity,,false,,,,,,,,,,false,,,false,,,1.0,false,,,,false,false,false,false,,false,false,false,false,false,false,false,false,,Click,false,false,,false,List,,true,,false,,,,List,,,,,,Renewable,,false,,,,,,,
,,,,,f17241d0-d008-4156-8bdc-99477fdecf3e,false,,MarkTest1,,,Default,One per quote line,,,,Quantity,,false,,,,,,,,,,false,,,false,,,1.0,false,,,,false,false,false,false,,false,false,false,false,false,false,false,false,,Click,false,false,,false,List,,true,,false,,,,List,,,,,,Renewable,,false,,,,,,,
,,,,,f17241d0-d008-4156-8bdc-99477fdecf3e,false,,MarkTest1,,,Default,One per quote line,,,,Quantity,,false,,,,,,,,,,false,,,false,,,1.0,false,,,,false,false,false,false,,false,false,false,false,false,false,false,false,,Click,false,false,,false,List,,true,,false,,,,List,,,,,,Renewable,,false,,,,,,,
,,,,,f17241d0-d008-4156-8bdc-99477fdecf3e,false,,MarkTest1,,,Default,One per quote line,,,,Quantity,,false,,,,,,,,,,false,,,false,,,1.0,false,,,,false,false,false,false,,false,false,false,false,false,false,false,false,,Click,false,false,,false,List,,true,,false,,,,List,,,,,,Renewable,,false,,,,,,,
,,,,,f17241d0-d008-4156-8bdc-99477fdecf3e,false,,MarkTest1,,,Default,One per quote line,,,,Quantity,,false,,,,,,,,,,false,,,false,,,1.0,false,,,,false,false,false,false,,false,false,false,false,false,false,false,false,,Click,false,false,,false,List,,true,,false,,,,List,,,,,,Renewable,,false,,,,,,,
,,,,,f17241d0-d008-4156-8bdc-99477fdecf3e,false,,MarkTest1,,,Default,One per quote line,,,,Quantity,,false,,,,,,,,,,false,,,false,,,1.0,false,,,,false,false,false,false,,false,false,false,false,false,false,false,false,,Click,false,false,,false,List,,true,,false,,,,List,,,,,,Renewable,,false,,,,,,,
,,,,,f17241d0-d008-4156-8bdc-99477fdecf3e,false,,MarkTest1,,,Default,One per quote line,,,,Quantity,,false,,,,,,,,,,false,,,false,,,1.0,false,,,,false,false,false,false,,false,false,false,false,false,false,false,false,,Click,false,false,,false,List,,true,,false,,,,List,,,,,,Renewable,,false,,,,,,,
,,,,,f17241d0-d008-4156-8bdc-99477fdecf3e,false,,MarkTest1,,,Default,One per quote line,,,,Quantity,,false,,,,,,,,,,false,,,false,,,1.0,false,,,,false,false,false,false,,false,false,false,false,false,false,false,false,,Click,false,false,,false,List,,true,,false,,,,List,,,,,,Renewable,,false,,,,,,,
,,,,,f17241d0-d008-4156-8bdc-99477fdecf3e,false,,MarkTest1,,,Default,One per quote line,,,,Quantity,,false,,,,,,,,,,false,,,false,,,1.0,false,,,,false,false,false,false,,false,false,false,false,false,false,false,false,,Click,false,false,,false,List,,true,,false,,,,List,,,,,,Renewable,,false,,,,,,,
,,,,,f17241d0-d008-4156-8bdc-99477fdecf3e,false,,MarkTest1,,,Default,One per quote line,,,,Quantity,,false,,,,,,,,,,false,,,false,,,1.0,false,,,,false,false,false,false,,false,false,false,false,false,false,false,false,,Click,false,false,,false,List,,true,,false,,,,List,,,,,,Renewable,,false,,,,,,,
,,,,,f17241d0-d008-4156-8bdc-99477fdecf3e,false,,MarkTest1,,,Default,One per quote line,,,,Quantity,,false,,,,,,,,,,false,,,false,,,1.0,false,,,,false,false,false,false,,false,false,false,false,false,false,false,false,,Click,false,false,,false,List,,true,,false,,,,List,,,,,,Renewable,,false,,,,,,,
,,,,,f17241d0-d008-4156-8bdc-99477fdecf3e,false,,MarkTest1,,,Default,One per quote line,,,,Quantity,,false,,,,,,,,,,false,,,false,,,1.0,false,,,,false,false,false,false,,false,false,false,false,false,false,false,false,,Click,false,false,,false,List,,true,,false,,,,List,,,,,,Renewable,,false,,,,,,,
,,,,,f17241d0-d008-4156-8bdc-99477fdecf3e,false,,MarkTest1,,,Default,One per quote line,,,,Quantity,,false,,,,,,,,,,false,,,false,,,1.0,false,,,,false,false,false,false,,false,false,false,false,false,false,false,false,,Click,false,false,,false,List,,true,,false,,,,List,,,,,,Renewable,,false,,,,,,,
,,,,,f17241d0-d008-4156-8bdc-99477fdecf3e,false,,MarkTest1,,,Default,One per quote line,,,,Quantity,,false,,,,,,,,,,false,,,false,,,1.0,false,,,,false,false,false,false,,false,false,false,false,false,false,false,false,,Click,false,false,,false,List,,true,,false,,,,List,,,,,,Renewable,,false,,,,,,,
,,,,,f17241d0-d008-4156-8bdc-99477fdecf3e,false,,MarkTest1,,,Default,One per quote line,,,,Quantity,,false,,,,,,,,,,false,,,false,,,1.0,false,,,,false,false,false,false,,false,false,false,false,false,false,false,false,,Click,false,false,,false,List,,true,,false,,,,List,,,,,,Renewable,,false,,,,,,,
,,,,,f17241d0-d008-4156-8bdc-99477fdecf3e,false,,MarkTest1,,,Default,One per quote line,,,,Quantity,,false,,,,,,,,,,false,,,false,,,1.0,false,,,,false,false,false,false,,false,false,false,false,false,false,false,false,,Click,false,false,,false,List,,true,,false,,,,List,,,,,,Renewable,,false,,,,,,,
,,,,,f17241d0-d008-4156-8bdc-99477fdecf3e,false,,MarkTest1,,,Default,One per quote line,,,,Quantity,,false,,,,,,,,,,false,,,false,,,1.0,false,,,,false,false,false,false,,false,false,false,false,false,false,false,false,,Click,false,false,,false,List,,true,,false,,,,List,,,,,,Renewable,,false,,,,,,,
,,,,,f17241d0-d008-4156-8bdc-99477fdecf3e,false,,MarkTest1,,,Default,One per quote line,,,,Quantity,,false,,,,,,,,,,false,,,false,,,1.0,false,,,,false,false,false,false,,false,false,false,false,false,false,false,false,,Click,false,false,,false,List,,true,,false,,,,List,,,,,,Renewable,,false,,,,,,,
,,,,,f17241d0-d008-4156-8bdc-99477fdecf3e,false,,MarkTest1,,,Default,One per quote line,,,,Quantity,,false,,,,,,,,,,false,,,false,,,1.0,false,,,,false,false,false,false,,false,false,false,false,false,false,false,false,,Click,false,false,,false,List,,true,,false,,,,List,,,,,,Renewable,,false,,,,,,,
,,,,,f17241d0-d008-4156-8bdc-99477fdecf3e,false,,MarkTest1,,,Default,One per quote line,,,,Quantity,,false,,,,,,,,,,false,,,false,,,1.0,false,,,,false,false,false,false,,false,false,false,false,false,false,false,false,,Click,false,false,,false,List,,true,,false,,,,List,,,,,,Renewable,,false,,,,,,,
,,,,,f17241d0-d008-4156-8bdc-99477fdecf3e,false,,MarkTest1,,,Default,One per quote line,,,,Quantity,,false,,,,,,,,,,false,,,false,,,1.0,false,,,,false,false,false,false,,false,false,false,false,false,false,false,false,,Click,false,false,,false,List,,true,,false,,,,List,,,,,,Renewable,,false,,,,,,,
,,,,,f17241d0-d008-4156-8bdc-99477fdecf3e,false,,MarkTest1,,,Default,One per quote line,,,,Quantity,,false,,,,,,,,,,false,,,false,,,1.0,false,,,,false,false,false,false,,false,false,false,false,false,false,false,false,,Click,false,false,,false,List,,true,,false,,,,List,,,,,,Renewable,,false,,,,,,,
,,,,,f17241d0-d008-4156-8bdc-99477fdecf3e,false,,MarkTest1,,,Default,One per quote line,,,,Quantity,,false,,,,,,,,,,false,,,false,,,1.0,false,,,,false,false,false,false,,false,false,false,false,false,false,false,false,,Click,false,false,,false,List,,true,,false,,,,List,,,,,,Renewable,,false,,,,,,,
,,,,,c104bbc6-f1f7-41c8-8528-0f7b4472cc62,false,,mooverTest,,,Default,One per quote line,,,,Quantity,,false,,,,,,,,,,false,,,false,,,1.0,false,,,,false,false,false,false,,false,false,false,false,false,false,false,false,,Click,false,false,,false,List,,true,,false,,,,List,,,,,,Renewable,,false,,,,,,,
,,,,,c104bbc6-f1f7-41c8-8528-0f7b4472cc62,false,,mooverTest,,,Default,One per quote line,,,,Quantity,,false,,,,,,,,,,false,,,false,,,1.0,false,,,,false,false,false,false,,false,false,false,false,false,false,false,false,,Click,false,false,,false,List,,true,,false,,,,List,,,,,,Renewable,,false,,,,,,,
,,,,,c104bbc6-f1f7-41c8-8528-0f7b4472cc62,false,,mooverTest,,,Default,One per quote line,,,,Quantity,,false,,,,,,,,,,false,,,false,,,1.0,false,,,,false,false,false,false,,false,false,false,false,false,false,false,false,,Click,false,false,,false,List,,true,,false,,,,List,,,,,,Renewable,,false,,,,,,,
,,,,,c104bbc6-f1f7-41c8-8528-0f7b4472cc62,false,,mooverTest,,,Default,One per quote line,,,,Quantity,,false,,,,,,,,,,false,,,false,,,1.0,false,,,,false,false,false,false,,false,false,false,false,false,false,false,false,,Click,false,false,,false,List,,true,,false,,,,List,,,,,,Renewable,,false,,,,,,,
,,,,,c104bbc6-f1f7-41c8-8528-0f7b4472cc62,false,,mooverTest,,,Default,One per quote line,,,,Quantity,,false,,,,,,,,,,false,,,false,,,1.0,false,,,,false,false,false,false,,false,false,false,false,false,false,false,false,,Click,false,false,,false,List,,true,,false,,,,List,,,,,,Renewable,,false,,,,,,,
,,,,,c104bbc6-f1f7-41c8-8528-0f7b4472cc62,false,,mooverTest,,,Default,One per quote line,,,,Quantity,,false,,,,,,,,,,false,,,false,,,1.0,false,,,,false,false,false,false,,false,false,false,false,false,false,false,false,,Click,false,false,,false,List,,true,,false,,,,List,,,,,,Renewable,,false,,,,,,,
,,,,,c104bbc6-f1f7-41c8-8528-0f7b4472cc62,false,,mooverTest,,,Default,One per quote line,,,,Quantity,,false,,,,,,,,,,false,,,false,,,1.0,false,,,,false,false,false,false,,false,false,false,false,false,false,false,false,,Click,false,false,,false,List,,true,,false,,,,List,,,,,,Renewable,,false,,,,,,,
,,,,,c104bbc6-f1f7-41c8-8528-0f7b4472cc62,false,,mooverTest,,,Default,One per quote line,,,,Quantity,,false,,,,,,,,,,false,,,false,,,1.0,false,,,,false,false,false,false,,false,false,false,false,false,false,false,false,,Click,false,false,,false,List,,true,,false,,,,List,,,,,,Renewable,,false,,,,,,,
,,,,,c104bbc6-f1f7-41c8-8528-0f7b4472cc62,false,,mooverTest,,,Default,One per quote line,,,,Quantity,,false,,,,,,,,,,false,,,false,,,1.0,false,,,,false,false,false,false,,false,false,false,false,false,false,false,false,,Click,false,false,,false,List,,true,,false,,,,List,,,,,,Renewable,,false,,,,,,,
,,,,,c104bbc6-f1f7-41c8-8528-0f7b4472cc62,false,,mooverTest,,,Default,One per quote line,,,,Quantity,,false,,,,,,,,,,false,,,false,,,1.0,false,,,,false,false,false,false,,false,false,false,false,false,false,false,false,,Click,false,false,,false,List,,true,,false,,,,List,,,,,,Renewable,,false,,,,,,,
,,,,,c104bbc6-f1f7-41c8-8528-0f7b4472cc62,false,,mooverTest,,,Default,One per quote line,,,,Quantity,,false,,,,,,,,,,false,,,false,,,1.0,false,,,,false,false,false,false,,false,false,false,false,false,false,false,false,,Click,false,false,,false,List,,true,,false,,,,List,,,,,,Renewable,,false,,,,,,,
,,,,,c104bbc6-f1f7-41c8-8528-0f7b4472cc62,false,,mooverTest,,,Default,One per quote line,,,,Quantity,,false,,,,,,,,,,false,,,false,,,1.0,false,,,,false,false,false,false,,false,false,false,false,false,false,false,false,,Click,false,false,,false,List,,true,,false,,,,List,,,,,,Renewable,,false,,,,,,,
,,,,,c104bbc6-f1f7-41c8-8528-0f7b4472cc62,false,,mooverTest,,,Default,One per quote line,,,,Quantity,,false,,,,,,,,,,false,,,false,,,1.0,false,,,,false,false,false,false,,false,false,false,false,false,false,false,false,,Click,false,false,,false,List,,true,,false,,,,List,,,,,,Renewable,,false,,,,,,,
,,,,,c104bbc6-f1f7-41c8-8528-0f7b4472cc62,false,,mooverTest,,,Default,One per quote line,,,,Quantity,,false,,,,,,,,,,false,,,false,,,1.0,false,,,,false,false,false,false,,false,false,false,false,false,false,false,false,,Click,false,false,,false,List,,true,,false,,,,List,,,,,,Renewable,,false,,,,,,,
,,,,,c104bbc6-f1f7-41c8-8528-0f7b4472cc62,false,,mooverTest,,,Default,One per quote line,,,,Quantity,,false,,,,,,,,,,false,,,false,,,1.0,false,,,,false,false,false,false,,false,false,false,false,false,false,false,false,,Click,false,false,,false,List,,true,,false,,,,List,,,,,,Renewable,,false,,,,,,,
,,,,,c104bbc6-f1f7-41c8-8528-0f7b4472cc62,false,,mooverTest,,,Default,One per quote line,,,,Quantity,,false,,,,,,,,,,false,,,false,,,1.0,false,,,,false,false,false,false,,false,false,false,false,false,false,false,false,,Click,false,false,,false,List,,true,,false,,,,List,,,,,,Renewable,,false,,,,,,,
,,,,,c104bbc6-f1f7-41c8-8528-0f7b4472cc62,false,,mooverTest,,,Default,One per quote line,,,,Quantity,,false,,,,,,,,,,false,,,false,,,1.0,false,,,,false,false,false,false,,false,false,false,false,false,false,false,false,,Click,false,false,,false,List,,true,,false,,,,List,,,,,,Renewable,,false,,,,,,,
,,,,,c104bbc6-f1f7-41c8-8528-0f7b4472cc62,false,,mooverTest,,,Default,One per quote line,,,,Quantity,,false,,,,,,,,,,false,,,false,,,1.0,false,,,,false,false,false,false,,false,false,false,false,false,false,false,false,,Click,false,false,,false,List,,true,,false,,,,List,,,,,,Renewable,,false,,,,,,,
,,,,,c104bbc6-f1f7-41c8-8528-0f7b4472cc62,false,,mooverTest,,,Default,One per quote line,,,,Quantity,,false,,,,,,,,,,false,,,false,,,1.0,false,,,,false,false,false,false,,false,false,false,false,false,false,false,false,,Click,false,false,,false,List,,true,,false,,,,List,,,,,,Renewable,,false,,,,,,,
,,,,,c104bbc6-f1f7-41c8-8528-0f7b4472cc62,false,,mooverTest,,,Default,One per quote line,,,,Quantity,,false,,,,,,,,,,false,,,false,,,1.0,false,,,,false,false,false,false,,false,false,false,false,false,false,false,false,,Click,false,false,,false,List,,true,,false,,,,List,,,,,,Renewable,,false,,,,,,,
,,,,,c104bbc6-f1f7-41c8-8528-0f7b4472cc62,false,,mooverTest,,,Default,One per quote line,,,,Quantity,,false,,,,,,,,,,false,,,false,,,1.0,false,,,,false,false,false,false,,false,false,false,false,false,false,false,false,,Click,false,false,,false,List,,true,,false,,,,List,,,,,,Renewable,,false,,,,,,,
,,,,,c104bbc6-f1f7-41c8-8528-0f7b4472cc62,false,,mooverTest,,,Default,One per quote line,,,,Quantity,,false,,,,,,,,,,false,,,false,,,1.0,false,,,,false,false,false,false,,false,false,false,false,false,false,false,false,,Click,false,false,,false,List,,true,,false,,,,List,,,,,,Renewable,,false,,,,,,,
,,,,,c104bbc6-f1f7-41c8-8528-0f7b4472cc62,false,,mooverTest,,,Default,One per quote line,,,,Quantity,,false,,,,,,,,,,false,,,false,,,1.0,false,,,,false,false,false,false,,false,false,false,false,false,false,false,false,,Click,false,false,,false,List,,true,,false,,,,List,,,,,,Renewable,,false,,,,,,,
,,,,,c104bbc6-f1f7-41c8-8528-0f7b4472cc62,false,,mooverTest,,,Default,One per quote line,,,,Quantity,,false,,,,,,,,,,false,,,false,,,1.0,false,,,,false,false,false,false,,false,false,false,false,false,false,false,false,,Click,false,false,,false,List,,true,,false,,,,List,,,,,,Renewable,,false,,,,,,,
,,,,,c104bbc6-f1f7-41c8-8528-0f7b4472cc62,false,,mooverTest,,,Default,One per quote line,,,,Quantity,,false,,,,,,,,,,false,,,false,,,1.0,false,,,,false,false,false,false,,false,false,false,false,false,false,false,false,,Click,false,false,,false,List,,true,,false,,,,List,,,,,,Renewable,,false,,,,,,,
,,,,,c104bbc6-f1f7-41c8-8528-0f7b4472cc62,false,,mooverTest,,,Default,One per quote line,,,,Quantity,,false,,,,,,,,,,false,,,false,,,1.0,false,,,,false,false,false,false,,false,false,false,false,false,false,false,false,,Click,false,false,,false,List,,true,,false,,,,List,,,,,,Renewable,,false,,,,,,,
,,,,,c104bbc6-f1f7-41c8-8528-0f7b4472cc62,false,,mooverTest,,,Default,One per quote line,,,,Quantity,,false,,,,,,,,,,false,,,false,,,1.0,false,,,,false,false,false,false,,false,false,false,false,false,false,false,false,,Click,false,false,,false,List,,true,,false,,,,List,,,,,,Renewable,,false,,,,,,,
,,,,,c104bbc6-f1f7-41c8-8528-0f7b4472cc62,false,,mooverTest,,,Default,One per quote line,,,,Quantity,,false,,,,,,,,,,false,,,false,,,1.0,false,,,,false,false,false,false,,false,false,false,false,false,false,false,false,,Click,false,false,,false,List,,true,,false,,,,List,,,,,,Renewable,,false,,,,,,,
,,,,,c104bbc6-f1f7-41c8-8528-0f7b4472cc62,false,,mooverTest,,,Default,One per quote line,,,,Quantity,,false,,,,,,,,,,false,,,false,,,1.0,false,,,,false,false,false,false,,false,false,false,false,false,false,false,false,,Click,false,false,,false,List,,true,,false,,,,List,,,,,,Renewable,,false,,,,,,,
,,,,,c104bbc6-f1f7-41c8-8528-0f7b4472cc62,false,,mooverTest,,,Default,One per quote line,,,,Quantity,,false,,,,,,,,,,false,,,false,,,1.0,false,,,,false,false,false,false,,false,false,false,false,false,false,false,false,,Click,false,false,,false,List,,true,,false,,,,List,,,,,,Renewable,,false,,,,,,,
,,,,,c104bbc6-f1f7-41c8-8528-0f7b4472cc62,false,,mooverTest,,,Default,One per quote line,,,,Quantity,,false,,,,,,,,,,false,,,false,,,1.0,false,,,,false,false,false,false,,false,false,false,false,false,false,false,false,,Click,false,false,,false,List,,true,,false,,,,List,,,,,,Renewable,,false,,,,,,,
,,,,,c104bbc6-f1f7-41c8-8528-0f7b4472cc62,false,,mooverTest,,,Default,One per quote line,,,,Quantity,,false,,,,,,,,,,false,,,false,,,1.0,false,,,,false,false,false,false,,false,false,false,false,false,false,false,false,,Click,false,false,,false,List,,true,,false,,,,List,,,,,,Renewable,,false,,,,,,,
,,,,,c104bbc6-f1f7-41c8-8528-0f7b4472cc62,false,,mooverTest,,,Default,One per quote line,,,,Quantity,,false,,,,,,,,,,false,,,false,,,1.0,false,,,,false,false,false,false,,false,false,false,false,false,false,false,false,,Click,false,false,,false,List,,true,,false,,,,List,,,,,,Renewable,,false,,,,,,,
,,,,,c104bbc6-f1f7-41c8-8528-0f7b4472cc62,false,,mooverTest,,,Default,One per quote line,,,,Quantity,,false,,,,,,,,,,false,,,false,,,1.0,false,,,,false,false,false,false,,false,false,false,false,false,false,false,false,,Click,false,false,,false,List,,true,,false,,,,List,,,,,,Renewable,,false,,,,,,,
,,,,,c104bbc6-f1f7-41c8-8528-0f7b4472cc62,false,,mooverTest,,,Default,One per quote line,,,,Quantity,,false,,,,,,,,,,false,,,false,,,1.0,false,,,,false,false,false,false,,false,false,false,false,false,false,false,false,,Click,false,false,,false,List,,true,,false,,,,List,,,,,,Renewable,,false,,,,,,,
,,,,,c104bbc6-f1f7-41c8-8528-0f7b4472cc62,false,,mooverTest,,,Default,One per quote line,,,,Quantity,,false,,,,,,,,,,false,,,false,,,1.0,false,,,,false,false,false,false,,false,false,false,false,false,false,false,false,,Click,false,false,,false,List,,true,,false,,,,List,,,,,,Renewable,,false,,,,,,,
,,,,,c104bbc6-f1f7-41c8-8528-0f7b4472cc62,false,,mooverTest,,,Default,One per quote line,,,,Quantity,,false,,,,,,,,,,false,,,false,,,1.0,false,,,,false,false,false,false,,false,false,false,false,false,false,false,false,,Click,false,false,,false,List,,true,,false,,,,List,,,,,,Renewable,,false,,,,,,,
,,,,,c104bbc6-f1f7-41c8-8528-0f7b4472cc62,false,,mooverTest,,,Default,One per quote line,,,,Quantity,,false,,,,,,,,,,false,,,false,,,1.0,false,,,,false,false,false,false,,false,false,false,false,false,false,false,false,,Click,false,false,,false,List,,true,,false,,,,List,,,,,,Renewable,,false,,,,,,,
,,,,,c104bbc6-f1f7-41c8-8528-0f7b4472cc62,false,,mooverTest,,,Default,One per quote line,,,,Quantity,,false,,,,,,,,,,false,,,false,,,1.0,false,,,,false,false,false,false,,false,false,false,false,false,false,false,false,,Click,false,false,,false,List,,true,,false,,,,List,,,,,,Renewable,,false,,,,,,,
,,,,,c104bbc6-f1f7-41c8-8528-0f7b4472cc62,false,,mooverTest,,,Default,One per quote line,,,,Quantity,,false,,,,,,,,,,false,,,false,,,1.0,false,,,,false,false,false,false,,false,false,false,false,false,false,false,false,,Click,false,false,,false,List,,true,,false,,,,List,,,,,,Renewable,,false,,,,,,,
,,,,,c104bbc6-f1f7-41c8-8528-0f7b4472cc62,false,,mooverTest,,,Default,One per quote line,,,,Quantity,,false,,,,,,,,,,false,,,false,,,1.0,false,,,,false,false,false,false,,false,false,false,false,false,false,false,false,,Click,false,false,,false,List,,true,,false,,,,List,,,,,,Renewable,,false,,,,,,,
,,,,,c104bbc6-f1f7-41c8-8528-0f7b4472cc62,false,,mooverTest,,,Default,One per quote line,,,,Quantity,,false,,,,,,,,,,false,,,false,,,1.0,false,,,,false,false,false,false,,false,false,false,false,false,false,false,false,,Click,false,false,,false,List,,true,,false,,,,List,,,,,,Renewable,,false,,,,,,,
,,,,,c104bbc6-f1f7-41c8-8528-0f7b4472cc62,false,,mooverTest,,,Default,One per quote line,,,,Quantity,,false,,,,,,,,,,false,,,false,,,1.0,false,,,,false,false,false,false,,false,false,false,false,false,false,false,false,,Click,false,false,,false,List,,true,,false,,,,List,,,,,,Renewable,,false,,,,,,,
,,,,,c104bbc6-f1f7-41c8-8528-0f7b4472cc62,false,,mooverTest,,,Default,One per quote line,,,,Quantity,,false,,,,,,,,,,false,,,false,,,1.0,false,,,,false,false,false,false,,false,false,false,false,false,false,false,false,,Click,false,false,,false,List,,true,,false,,,,List,,,,,,Renewable,,false,,,,,,,
,,,,,c104bbc6-f1f7-41c8-8528-0f7b4472cc62,false,,mooverTest,,,Default,One per quote line,,,,Quantity,,false,,,,,,,,,,false,,,false,,,1.0,false,,,,false,false,false,false,,false,false,false,false,false,false,false,false,,Click,false,false,,false,List,,true,,false,,,,List,,,,,,Renewable,,false,,,,,,,
,,,,,c104bbc6-f1f7-41c8-8528-0f7b4472cc62,false,,mooverTest,,,Default,One per quote line,,,,Quantity,,false,,,,,,,,,,false,,,false,,,1.0,false,,,,false,false,false,false,,false,false,false,false,false,false,false,false,,Click,false,false,,false,List,,true,,false,,,,List,,,,,,Renewable,,false,,,,,,,
,,,,,c104bbc6-f1f7-41c8-8528-0f7b4472cc62,false,,mooverTest,,,Default,One per quote line,,,,Quantity,,false,,,,,,,,,,false,,,false,,,1.0,false,,,,false,false,false,false,,false,false,false,false,false,false,false,false,,Click,false,false,,false,List,,true,,false,,,,List,,,,,,Renewable,,false,,,,,,,
,,,,,c104bbc6-f1f7-41c8-8528-0f7b4472cc62,false,,mooverTest,,,Default,One per quote line,,,,Quantity,,false,,,,,,,,,,false,,,false,,,1.0,false,,,,false,false,false,false,,false,false,false,false,false,false,false,false,,Click,false,false,,false,List,,true,,false,,,,List,,,,,,Renewable,,false,,,,,,,
,,,,,c104bbc6-f1f7-41c8-8528-0f7b4472cc62,false,,mooverTest,,,Default,One per quote line,,,,Quantity,,false,,,,,,,,,,false,,,false,,,1.0,false,,,,false,false,false,false,,false,false,false,false,false,false,false,false,,Click,false,false,,false,List,,true,,false,,,,List,,,,,,Renewable,,false,,,,,,,
,,,,None,4bc940e6-1ed7-49bb-a91c-18293ed12c3f,true,,Prod New 22222,123abcd,,Allow Refund,One per quote line,,,,Quantity,,true,12.0,Always,,,,Required,,,,false,,,false,,,100.0,false,,,,false,false,true,false,,false,false,false,true,false,false,false,false,Tabs,Click,false,false,,false,List,,true,,false,,12.0,<p>spec here</p>,List,,,,,,Renewable,,false,,,,,,,
,,,,None,4bc940e6-1ed7-49bb-a91c-18293ed12c3f,true,,Prod New 22222,123abcd,,Allow Refund,One per quote line,,,,Quantity,,true,12.0,Always,,,,Required,,,,false,,,false,,,100.0,false,,,,false,false,true,false,,false,false,false,true,false,false,false,false,Tabs,Click,false,false,,false,List,,true,,false,,12.0,<p>spec here</p>,List,,,,,,Renewable,,false,,,,,,,
,,,,None,4bc940e6-1ed7-49bb-a91c-18293ed12c3f,true,,Prod New 22222,123abcd,,Allow Refund,One per quote line,,,,Quantity,,true,12.0,Always,,,,Required,,,,false,,,false,,,100.0,false,,,,false,false,true,false,,false,false,false,true,false,false,false,false,Tabs,Click,false,false,,false,List,,true,,false,,12.0,<p>spec here</p>,List,,,,,,Renewable,,false,,,,,,,
,,,,None,4bc940e6-1ed7-49bb-a91c-18293ed12c3f,true,,Prod New 22222,123abcd,,Allow Refund,One per quote line,,,,Quantity,,true,12.0,Always,,,,Required,,,,false,,,false,,,100.0,false,,,,false,false,true,false,,false,false,false,true,false,false,false,false,Tabs,Click,false,false,,false,List,,true,,false,,12.0,<p>spec here</p>,List,,,,,,Renewable,,false,,,,,,,
,,,,None,4bc940e6-1ed7-49bb-a91c-18293ed12c3f,true,,Prod New 22222,123abcd,,Allow Refund,One per quote line,,,,Quantity,,true,12.0,Always,,,,Required,,,,false,,,false,,,100.0,false,,,,false,false,true,false,,false,false,false,true,false,false,false,false,Tabs,Click,false,false,,false,List,,true,,false,,12.0,<p>spec here</p>,List,,,,,,Renewable,,false,,,,,,,
,,,,None,4bc940e6-1ed7-49bb-a91c-18293ed12c3f,true,,Prod New 22222,123abcd,,Allow Refund,One per quote line,,,,Quantity,,true,12.0,Always,,,,Required,,,,false,,,false,,,100.0,false,,,,false,false,true,false,,false,false,false,true,false,false,false,false,Tabs,Click,false,false,,false,List,,true,,false,,12.0,<p>spec here</p>,List,,,,,,Renewable,,false,,,,,,,
,,,,None,4bc940e6-1ed7-49bb-a91c-18293ed12c3f,true,,Prod New 22222,123abcd,,Allow Refund,One per quote line,,,,Quantity,,true,12.0,Always,,,,Required,,,,false,,,false,,,100.0,false,,,,false,false,true,false,,false,false,false,true,false,false,false,false,Tabs,Click,false,false,,false,List,,true,,false,,12.0,<p>spec here</p>,List,,,,,,Renewable,,false,,,,,,,
,,,,None,4bc940e6-1ed7-49bb-a91c-18293ed12c3f,true,,Prod New 22222,123abcd,,Allow Refund,One per quote line,,,,Quantity,,true,12.0,Always,,,,Required,,,,false,,,false,,,100.0,false,,,,false,false,true,false,,false,false,false,true,false,false,false,false,Tabs,Click,false,false,,false,List,,true,,false,,12.0,<p>spec here</p>,List,,,,,,Renewable,,false,,,,,,,
,,,,None,4bc940e6-1ed7-49bb-a91c-18293ed12c3f,true,,Prod New 22222,123abcd,,Allow Refund,One per quote line,,,,Quantity,,true,12.0,Always,,,,Required,,,,false,,,false,,,100.0,false,,,,false,false,true,false,,false,false,false,true,false,false,false,false,Tabs,Click,false,false,,false,List,,true,,false,,12.0,<p>spec here</p>,List,,,,,,Renewable,,false,,,,,,,
,,,,None,4bc940e6-1ed7-49bb-a91c-18293ed12c3f,true,,Prod New 22222,123abcd,,Allow Refund,One per quote line,,,,Quantity,,true,12.0,Always,,,,Required,,,,false,,,false,,,100.0,false,,,,false,false,true,false,,false,false,false,true,false,false,false,false,Tabs,Click,false,false,,false,List,,true,,false,,12.0,<p>spec here</p>,List,,,,,,Renewable,,false,,,,,,,
,,,,None,4bc940e6-1ed7-49bb-a91c-18293ed12c3f,true,,Prod New 22222,123abcd,,Allow Refund,One per quote line,,,,Quantity,,true,12.0,Always,,,,Required,,,,false,,,false,,,100.0,false,,,,false,false,true,false,,false,false,false,true,false,false,false,false,Tabs,Click,false,false,,false,List,,true,,false,,12.0,<p>spec here</p>,List,,,,,,Renewable,,false,,,,,,,
,,,,None,4bc940e6-1ed7-49bb-a91c-18293ed12c3f,true,,Prod New 22222,123abcd,,Allow Refund,One per quote line,,,,Quantity,,true,12.0,Always,,,,Required,,,,false,,,false,,,100.0,false,,,,false,false,true,false,,false,false,false,true,false,false,false,false,Tabs,Click,false,false,,false,List,,true,,false,,12.0,<p>spec here</p>,List,,,,,,Renewable,,false,,,,,,,
,,,,None,4bc940e6-1ed7-49bb-a91c-18293ed12c3f,true,,Prod New 22222,123abcd,,Allow Refund,One per quote line,,,,Quantity,,true,12.0,Always,,,,Required,,,,false,,,false,,,100.0,false,,,,false,false,true,false,,false,false,false,true,false,false,false,false,Tabs,Click,false,false,,false,List,,true,,false,,12.0,<p>spec here</p>,List,,,,,,Renewable,,false,,,,,,,
,,,,None,4bc940e6-1ed7-49bb-a91c-18293ed12c3f,true,,Prod New 22222,123abcd,,Allow Refund,One per quote line,,,,Quantity,,true,12.0,Always,,,,Required,,,,false,,,false,,,100.0,false,,,,false,false,true,false,,false,false,false,true,false,false,false,false,Tabs,Click,false,false,,false,List,,true,,false,,12.0,<p>spec here</p>,List,,,,,,Renewable,,false,,,,,,,
,,,,None,4bc940e6-1ed7-49bb-a91c-18293ed12c3f,true,,Prod New 22222,123abcd,,Allow Refund,One per quote line,,,,Quantity,,true,12.0,Always,,,,Required,,,,false,,,false,,,100.0,false,,,,false,false,true,false,,false,false,false,true,false,false,false,false,Tabs,Click,false,false,,false,List,,true,,false,,12.0,<p>spec here</p>,List,,,,,,Renewable,,false,,,,,,,
,,,,None,4bc940e6-1ed7-49bb-a91c-18293ed12c3f,true,,Prod New 22222,123abcd,,Allow Refund,One per quote line,,,,Quantity,,true,12.0,Always,,,,Required,,,,false,,,false,,,100.0,false,,,,false,false,true,false,,false,false,false,true,false,false,false,false,Tabs,Click,false,false,,false,List,,true,,false,,12.0,<p>spec here</p>,List,,,,,,Renewable,,false,,,,,,,
,,,,None,4bc940e6-1ed7-49bb-a91c-18293ed12c3f,true,,Prod New 22222,123abcd,,Allow Refund,One per quote line,,,,Quantity,,true,12.0,Always,,,,Required,,,,false,,,false,,,100.0,false,,,,false,false,true,false,,false,false,false,true,false,false,false,false,Tabs,Click,false,false,,false,List,,true,,false,,12.0,<p>spec here</p>,List,,,,,,Renewable,,false,,,,,,,
,,,,None,4bc940e6-1ed7-49bb-a91c-18293ed12c3f,true,,Prod New 22222,123abcd,,Allow Refund,One per quote line,,,,Quantity,,true,12.0,Always,,,,Required,,,,false,,,false,,,100.0,false,,,,false,false,true,false,,false,false,false,true,false,false,false,false,Tabs,Click,false,false,,false,List,,true,,false,,12.0,<p>spec here</p>,List,,,,,,Renewable,,false,,,,,,,
,,,,None,4bc940e6-1ed7-49bb-a91c-18293ed12c3f,true,,Prod New 22222,123abcd,,Allow Refund,One per quote line,,,,Quantity,,true,12.0,Always,,,,Required,,,,false,,,false,,,100.0,false,,,,false,false,true,false,,false,false,false,true,false,false,false,false,Tabs,Click,false,false,,false,List,,true,,false,,12.0,<p>spec here</p>,List,,,,,,Renewable,,false,,,,,,,
,,,,None,4bc940e6-1ed7-49bb-a91c-18293ed12c3f,true,,Prod New 22222,123abcd,,Allow Refund,One per quote line,,,,Quantity,,true,12.0,Always,,,,Required,,,,false,,,false,,,100.0,false,,,,false,false,true,false,,false,false,false,true,false,false,false,false,Tabs,Click,false,false,,false,List,,true,,false,,12.0,<p>spec here</p>,List,,,,,,Renewable,,false,,,,,,,
,,,,None,4bc940e6-1ed7-49bb-a91c-18293ed12c3f,true,,Prod New 22222,123abcd,,Allow Refund,One per quote line,,,,Quantity,,true,12.0,Always,,,,Required,,,,false,,,false,,,100.0,false,,,,false,false,true,false,,false,false,false,true,false,false,false,false,Tabs,Click,false,false,,false,List,,true,,false,,12.0,<p>spec here</p>,List,,,,,,Renewable,,false,,,,,,,
,,,,None,4bc940e6-1ed7-49bb-a91c-18293ed12c3f,true,,Prod New 22222,123abcd,,Allow Refund,One per quote line,,,,Quantity,,true,12.0,Always,,,,Required,,,,false,,,false,,,100.0,false,,,,false,false,true,false,,false,false,false,true,false,false,false,false,Tabs,Click,false,false,,false,List,,true,,false,,12.0,<p>spec here</p>,List,,,,,,Renewable,,false,,,,,,,
,,,,None,4bc940e6-1ed7-49bb-a91c-18293ed12c3f,true,,Prod New 22222,123abcd,,Allow Refund,One per quote line,,,,Quantity,,true,12.0,Always,,,,Required,,,,false,,,false,,,100.0,false,,,,false,false,true,false,,false,false,false,true,false,false,false,false,Tabs,Click,false,false,,false,List,,true,,false,,12.0,<p>spec here</p>,List,,,,,,Renewable,,false,,,,,,,
,,,,None,4bc940e6-1ed7-49bb-a91c-18293ed12c3f,true,,Prod New 22222,123abcd,,Allow Refund,One per quote line,,,,Quantity,,true,12.0,Always,,,,Required,,,,false,,,false,,,100.0,false,,,,false,false,true,false,,false,false,false,true,false,false,false,false,Tabs,Click,false,false,,false,List,,true,,false,,12.0,<p>spec here</p>,List,,,,,,Renewable,,false,,,,,,,
,,,,None,4bc940e6-1ed7-49bb-a91c-18293ed12c3f,true,,Prod New 22222,123abcd,,Allow Refund,One per quote line,,,,Quantity,,true,12.0,Always,,,,Required,,,,false,,,false,,,100.0,false,,,,false,false,true,false,,false,false,false,true,false,false,false,false,Tabs,Click,false,false,,false,List,,true,,false,,12.0,<p>spec here</p>,List,,,,,,Renewable,,false,,,,,,,
,,,,None,4bc940e6-1ed7-49bb-a91c-18293ed12c3f,true,,Prod New 22222,123abcd,,Allow Refund,One per quote line,,,,Quantity,,true,12.0,Always,,,,Required,,,,false,,,false,,,100.0,false,,,,false,false,true,false,,false,false,false,true,false,false,false,false,Tabs,Click,false,false,,false,List,,true,,false,,12.0,<p>spec here</p>,List,,,,,,Renewable,,false,,,,,,,
,,,,None,4bc940e6-1ed7-49bb-a91c-18293ed12c3f,true,,Prod New 22222,123abcd,,Allow Refund,One per quote line,,,,Quantity,,true,12.0,Always,,,,Required,,,,false,,,false,,,100.0,false,,,,false,false,true,false,,false,false,false,true,false,false,false,false,Tabs,Click,false,false,,false,List,,true,,false,,12.0,<p>spec here</p>,List,,,,,,Renewable,,false,,,,,,,
,,,,None,4bc940e6-1ed7-49bb-a91c-18293ed12c3f,true,,Prod New 22222,123abcd,,Allow Refund,One per quote line,,,,Quantity,,true,12.0,Always,,,,Required,,,,false,,,false,,,100.0,false,,,,false,false,true,false,,false,false,false,true,false,false,false,false,Tabs,Click,false,false,,false,List,,true,,false,,12.0,<p>spec here</p>,List,,,,,,Renewable,,false,,,,,,,
,,,,None,4bc940e6-1ed7-49bb-a91c-18293ed12c3f,true,,Prod New 22222,123abcd,,Allow Refund,One per quote line,,,,Quantity,,true,12.0,Always,,,,Required,,,,false,,,false,,,100.0,false,,,,false,false,true,false,,false,false,false,true,false,false,false,false,Tabs,Click,false,false,,false,List,,true,,false,,12.0,<p>spec here</p>,List,,,,,,Renewable,,false,,,,,,,
,,,,None,4bc940e6-1ed7-49bb-a91c-18293ed12c3f,true,,Prod New 22222,123abcd,,Allow Refund,One per quote line,,,,Quantity,,true,12.0,Always,,,,Required,,,,false,,,false,,,100.0,false,,,,false,false,true,false,,false,false,false,true,false,false,false,false,Tabs,Click,false,false,,false,List,,true,,false,,12.0,<p>spec here</p>,List,,,,,,Renewable,,false,,,,,,,
,,,,None,4bc940e6-1ed7-49bb-a91c-18293ed12c3f,true,,Prod New 22222,123abcd,,Allow Refund,One per quote line,,,,Quantity,,true,12.0,Always,,,,Required,,,,false,,,false,,,100.0,false,,,,false,false,true,false,,false,false,false,true,false,false,false,false,Tabs,Click,false,false,,false,List,,true,,false,,12.0,<p>spec here</p>,List,,,,,,Renewable,,false,,,,,,,
,,,,None,4bc940e6-1ed7-49bb-a91c-18293ed12c3f,true,,Prod New 22222,123abcd,,Allow Refund,One per quote line,,,,Quantity,,true,12.0,Always,,,,Required,,,,false,,,false,,,100.0,false,,,,false,false,true,false,,false,false,false,true,false,false,false,false,Tabs,Click,false,false,,false,List,,true,,false,,12.0,<p>spec here</p>,List,,,,,,Renewable,,false,,,,,,,
,,,,None,4bc940e6-1ed7-49bb-a91c-18293ed12c3f,true,,Prod New 22222,123abcd,,Allow Refund,One per quote line,,,,Quantity,,true,12.0,Always,,,,Required,,,,false,,,false,,,100.0,false,,,,false,false,true,false,,false,false,false,true,false,false,false,false,Tabs,Click,false,false,,false,List,,true,,false,,12.0,<p>spec here</p>,List,,,,,,Renewable,,false,,,,,,,
,,,,None,4bc940e6-1ed7-49bb-a91c-18293ed12c3f,true,,Prod New 22222,123abcd,,Allow Refund,One per quote line,,,,Quantity,,true,12.0,Always,,,,Required,,,,false,,,false,,,100.0,false,,,,false,false,true,false,,false,false,false,true,false,false,false,false,Tabs,Click,false,false,,false,List,,true,,false,,12.0,<p>spec here</p>,List,,,,,,Renewable,,false,,,,,,,
,,,,None,4bc940e6-1ed7-49bb-a91c-18293ed12c3f,true,,Prod New 22222,123abcd,,Allow Refund,One per quote line,,,,Quantity,,true,12.0,Always,,,,Required,,,,false,,,false,,,100.0,false,,,,false,false,true,false,,false,false,false,true,false,false,false,false,Tabs,Click,false,false,,false,List,,true,,false,,12.0,<p>spec here</p>,List,,,,,,Renewable,,false,,,,,,,
,,,,None,4bc940e6-1ed7-49bb-a91c-18293ed12c3f,true,,Prod New 22222,123abcd,,Allow Refund,One per quote line,,,,Quantity,,true,12.0,Always,,,,Required,,,,false,,,false,,,100.0,false,,,,false,false,true,false,,false,false,false,true,false,false,false,false,Tabs,Click,false,false,,false,List,,true,,false,,12.0,<p>spec here</p>,List,,,,,,Renewable,,false,,,,,,,
,,,,None,4bc940e6-1ed7-49bb-a91c-18293ed12c3f,true,,Prod New 22222,123abcd,,Allow Refund,One per quote line,,,,Quantity,,true,12.0,Always,,,,Required,,,,false,,,false,,,100.0,false,,,,false,false,true,false,,false,false,false,true,false,false,false,false,Tabs,Click,false,false,,false,List,,true,,false,,12.0,<p>spec here</p>,List,,,,,,Renewable,,false,,,,,,,
,,,,None,4bc940e6-1ed7-49bb-a91c-18293ed12c3f,true,,Prod New 22222,123abcd,,Allow Refund,One per quote line,,,,Quantity,,true,12.0,Always,,,,Required,,,,false,,,false,,,100.0,false,,,,false,false,true,false,,false,false,false,true,false,false,false,false,Tabs,Click,false,false,,false,List,,true,,false,,12.0,<p>spec here</p>,List,,,,,,Renewable,,false,,,,,,,
,,,,None,4bc940e6-1ed7-49bb-a91c-18293ed12c3f,true,,Prod New 22222,123abcd,,Allow Refund,One per quote line,,,,Quantity,,true,12.0,Always,,,,Required,,,,false,,,false,,,100.0,false,,,,false,false,true,false,,false,false,false,true,false,false,false,false,Tabs,Click,false,false,,false,List,,true,,false,,12.0,<p>spec here</p>,List,,,,,,Renewable,,false,,,,,,,
,,,,None,4bc940e6-1ed7-49bb-a91c-18293ed12c3f,true,,Prod New 22222,123abcd,,Allow Refund,One per quote line,,,,Quantity,,true,12.0,Always,,,,Required,,,,false,,,false,,,100.0,false,,,,false,false,true,false,,false,false,false,true,false,false,false,false,Tabs,Click,false,false,,false,List,,true,,false,,12.0,<p>spec here</p>,List,,,,,,Renewable,,false,,,,,,,
,,,,None,4bc940e6-1ed7-49bb-a91c-18293ed12c3f,true,,Prod New 22222,123abcd,,Allow Refund,One per quote line,,,,Quantity,,true,12.0,Always,,,,Required,,,,false,,,false,,,100.0,false,,,,false,false,true,false,,false,false,false,true,false,false,false,false,Tabs,Click,false,false,,false,List,,true,,false,,12.0,<p>spec here</p>,List,,,,,,Renewable,,false,,,,,,,
,,,,None,4bc940e6-1ed7-49bb-a91c-18293ed12c3f,true,,Prod New 22222,123abcd,,Allow Refund,One per quote line,,,,Quantity,,true,12.0,Always,,,,Required,,,,false,,,false,,,100.0,false,,,,false,false,true,false,,false,false,false,true,false,false,false,false,Tabs,Click,false,false,,false,List,,true,,false,,12.0,<p>spec here</p>,List,,,,,,Renewable,,false,,,,,,,
,,,,None,4bc940e6-1ed7-49bb-a91c-18293ed12c3f,true,,Prod New 22222,123abcd,,Allow Refund,One per quote line,,,,Quantity,,true,12.0,Always,,,,Required,,,,false,,,false,,,100.0,false,,,,false,false,true,false,,false,false,false,true,false,false,false,false,Tabs,Click,false,false,,false,List,,true,,false,,12.0,<p>spec here</p>,List,,,,,,Renewable,,false,,,,,,,
,,,,None,4bc940e6-1ed7-49bb-a91c-18293ed12c3f,true,,Prod New 22222,123abcd,,Allow Refund,One per quote line,,,,Quantity,,true,12.0,Always,,,,Required,,,,false,,,false,,,100.0,false,,,,false,false,true,false,,false,false,false,true,false,false,false,false,Tabs,Click,false,false,,false,List,,true,,false,,12.0,<p>spec here</p>,List,,,,,,Renewable,,false,,,,,,,
,,,,None,4bc940e6-1ed7-49bb-a91c-18293ed12c3f,true,,Prod New 22222,123abcd,,Allow Refund,One per quote line,,,,Quantity,,true,12.0,Always,,,,Required,,,,false,,,false,,,100.0,false,,,,false,false,true,false,,false,false,false,true,false,false,false,false,Tabs,Click,false,false,,false,List,,true,,false,,12.0,<p>spec here</p>,List,,,,,,Renewable,,false,,,,,,,
,,,,None,4bc940e6-1ed7-49bb-a91c-18293ed12c3f,true,,Prod New 22222,123abcd,,Allow Refund,One per quote line,,,,Quantity,,true,12.0,Always,,,,Required,,,,false,,,false,,,100.0,false,,,,false,false,true,false,,false,false,false,true,false,false,false,false,Tabs,Click,false,false,,false,List,,true,,false,,12.0,<p>spec here</p>,List,,,,,,Renewable,,false,,,,,,,
,,,,None,4bc940e6-1ed7-49bb-a91c-18293ed12c3f,true,,Prod New 22222,123abcd,,Allow Refund,One per quote line,,,,Quantity,,true,12.0,Always,,,,Required,,,,false,,,false,,,100.0,false,,,,false,false,true,false,,false,false,false,true,false,false,false,false,Tabs,Click,false,false,,false,List,,true,,false,,12.0,<p>spec here</p>,List,,,,,,Renewable,,false,,,,,,,
,,,,None,4bc940e6-1ed7-49bb-a91c-18293ed12c3f,true,,Prod New 22222,123abcd,,Allow Refund,One per quote line,,,,Quantity,,true,12.0,Always,,,,Required,,,,false,,,false,,,100.0,false,,,,false,false,true,false,,false,false,false,true,false,false,false,false,Tabs,Click,false,false,,false,List,,true,,false,,12.0,<p>spec here</p>,List,,,,,,Renewable,,false,,,,,,,
,,,,None,4bc940e6-1ed7-49bb-a91c-18293ed12c3f,true,,Prod New 22222,123abcd,,Allow Refund,One per quote line,,,,Quantity,,true,12.0,Always,,,,Required,,,,false,,,false,,,100.0,false,,,,false,false,true,false,,false,false,false,true,false,false,false,false,Tabs,Click,false,false,,false,List,,true,,false,,12.0,<p>spec here</p>,List,,,,,,Renewable,,false,,,,,,,
,,,,,25c06c6c-e3ff-4e00-b367-68c0e38e342a,false,,mooverTest2,,,Default,One per quote line,,,,Quantity,,false,,,,,,,,,,false,,,false,,,1.0,false,,,,false,false,false,false,,false,false,false,false,false,false,false,false,,Click,false,false,,false,List,,true,,false,,,,List,,,,,,Renewable,,false,,,,,,,
,,,,,25c06c6c-e3ff-4e00-b367-68c0e38e342a,false,,mooverTest2,,,Default,One per quote line,,,,Quantity,,false,,,,,,,,,,false,,,false,,,1.0,false,,,,false,false,false,false,,false,false,false,false,false,false,false,false,,Click,false,false,,false,List,,true,,false,,,,List,,,,,,Renewable,,false,,,,,,,
,,,,,25c06c6c-e3ff-4e00-b367-68c0e38e342a,false,,mooverTest2,,,Default,One per quote line,,,,Quantity,,false,,,,,,,,,,false,,,false,,,1.0,false,,,,false,false,false,false,,false,false,false,false,false,false,false,false,,Click,false,false,,false,List,,true,,false,,,,List,,,,,,Renewable,,false,,,,,,,
,,,,,25c06c6c-e3ff-4e00-b367-68c0e38e342a,false,,mooverTest2,,,Default,One per quote line,,,,Quantity,,false,,,,,,,,,,false,,,false,,,1.0,false,,,,false,false,false,false,,false,false,false,false,false,false,false,false,,Click,false,false,,false,List,,true,,false,,,,List,,,,,,Renewable,,false,,,,,,,
,,,,,25c06c6c-e3ff-4e00-b367-68c0e38e342a,false,,mooverTest2,,,Default,One per quote line,,,,Quantity,,false,,,,,,,,,,false,,,false,,,1.0,false,,,,false,false,false,false,,false,false,false,false,false,false,false,false,,Click,false,false,,false,List,,true,,false,,,,List,,,,,,Renewable,,false,,,,,,,
,,,,,25c06c6c-e3ff-4e00-b367-68c0e38e342a,false,,mooverTest2,,,Default,One per quote line,,,,Quantity,,false,,,,,,,,,,false,,,false,,,1.0,false,,,,false,false,false,false,,false,false,false,false,false,false,false,false,,Click,false,false,,false,List,,true,,false,,,,List,,,,,,Renewable,,false,,,,,,,
,,,,,25c06c6c-e3ff-4e00-b367-68c0e38e342a,false,,mooverTest2,,,Default,One per quote line,,,,Quantity,,false,,,,,,,,,,false,,,false,,,1.0,false,,,,false,false,false,false,,false,false,false,false,false,false,false,false,,Click,false,false,,false,List,,true,,false,,,,List,,,,,,Renewable,,false,,,,,,,
,,,,,25c06c6c-e3ff-4e00-b367-68c0e38e342a,false,,mooverTest2,,,Default,One per quote line,,,,Quantity,,false,,,,,,,,,,false,,,false,,,1.0,false,,,,false,false,false,false,,false,false,false,false,false,false,false,false,,Click,false,false,,false,List,,true,,false,,,,List,,,,,,Renewable,,false,,,,,,,
,,,,,25c06c6c-e3ff-4e00-b367-68c0e38e342a,false,,mooverTest2,,,Default,One per quote line,,,,Quantity,,false,,,,,,,,,,false,,,false,,,1.0,false,,,,false,false,false,false,,false,false,false,false,false,false,false,false,,Click,false,false,,false,List,,true,,false,,,,List,,,,,,Renewable,,false,,,,,,,
,,,,,25c06c6c-e3ff-4e00-b367-68c0e38e342a,false,,mooverTest2,,,Default,One per quote line,,,,Quantity,,false,,,,,,,,,,false,,,false,,,1.0,false,,,,false,false,false,false,,false,false,false,false,false,false,false,false,,Click,false,false,,false,List,,true,,false,,,,List,,,,,,Renewable,,false,,,,,,,
,,,,,25c06c6c-e3ff-4e00-b367-68c0e38e342a,false,,mooverTest2,,,Default,One per quote line,,,,Quantity,,false,,,,,,,,,,false,,,false,,,1.0,false,,,,false,false,false,false,,false,false,false,false,false,false,false,false,,Click,false,false,,false,List,,true,,false,,,,List,,,,,,Renewable,,false,,,,,,,
,,,,,25c06c6c-e3ff-4e00-b367-68c0e38e342a,false,,mooverTest2,,,Default,One per quote line,,,,Quantity,,false,,,,,,,,,,false,,,false,,,1.0,false,,,,false,false,false,false,,false,false,false,false,false,false,false,false,,Click,false,false,,false,List,,true,,false,,,,List,,,,,,Renewable,,false,,,,,,,
,,,,,25c06c6c-e3ff-4e00-b367-68c0e38e342a,false,,mooverTest2,,,Default,One per quote line,,,,Quantity,,false,,,,,,,,,,false,,,false,,,1.0,false,,,,false,false,false,false,,false,false,false,false,false,false,false,false,,Click,false,false,,false,List,,true,,false,,,,List,,,,,,Renewable,,false,,,,,,,
,,,,,25c06c6c-e3ff-4e00-b367-68c0e38e342a,false,,mooverTest2,,,Default,One per quote line,,,,Quantity,,false,,,,,,,,,,false,,,false,,,1.0,false,,,,false,false,false,false,,false,false,false,false,false,false,false,false,,Click,false,false,,false,List,,true,,false,,,,List,,,,,,Renewable,,false,,,,,,,
,,,,,25c06c6c-e3ff-4e00-b367-68c0e38e342a,false,,mooverTest2,,,Default,One per quote line,,,,Quantity,,false,,,,,,,,,,false,,,false,,,1.0,false,,,,false,false,false,false,,false,false,false,false,false,false,false,false,,Click,false,false,,false,List,,true,,false,,,,List,,,,,,Renewable,,false,,,,,,,
,,,,,25c06c6c-e3ff-4e00-b367-68c0e38e342a,false,,mooverTest2,,,Default,One per quote line,,,,Quantity,,false,,,,,,,,,,false,,,false,,,1.0,false,,,,false,false,false,false,,false,false,false,false,false,false,false,false,,Click,false,false,,false,List,,true,,false,,,,List,,,,,,Renewable,,false,,,,,,,
,,,,,25c06c6c-e3ff-4e00-b367-68c0e38e342a,false,,mooverTest2,,,Default,One per quote line,,,,Quantity,,false,,,,,,,,,,false,,,false,,,1.0,false,,,,false,false,false,false,,false,false,false,false,false,false,false,false,,Click,false,false,,false,List,,true,,false,,,,List,,,,,,Renewable,,false,,,,,,,
,,,,,25c06c6c-e3ff-4e00-b367-68c0e38e342a,false,,mooverTest2,,,Default,One per quote line,,,,Quantity,,false,,,,,,,,,,false,,,false,,,1.0,false,,,,false,false,false,false,,false,false,false,false,false,false,false,false,,Click,false,false,,false,List,,true,,false,,,,List,,,,,,Renewable,,false,,,,,,,
,,,,,25c06c6c-e3ff-4e00-b367-68c0e38e342a,false,,mooverTest2,,,Default,One per quote line,,,,Quantity,,false,,,,,,,,,,false,,,false,,,1.0,false,,,,false,false,false,false,,false,false,false,false,false,false,false,false,,Click,false,false,,false,List,,true,,false,,,,List,,,,,,Renewable,,false,,,,,,,
,,,,,25c06c6c-e3ff-4e00-b367-68c0e38e342a,false,,mooverTest2,,,Default,One per quote line,,,,Quantity,,false,,,,,,,,,,false,,,false,,,1.0,false,,,,false,false,false,false,,false,false,false,false,false,false,false,false,,Click,false,false,,false,List,,true,,false,,,,List,,,,,,Renewable,,false,,,,,,,
,,,,,25c06c6c-e3ff-4e00-b367-68c0e38e342a,false,,mooverTest2,,,Default,One per quote line,,,,Quantity,,false,,,,,,,,,,false,,,false,,,1.0,false,,,,false,false,false,false,,false,false,false,false,false,false,false,false,,Click,false,false,,false,List,,true,,false,,,,List,,,,,,Renewable,,false,,,,,,,
,,,,,25c06c6c-e3ff-4e00-b367-68c0e38e342a,false,,mooverTest2,,,Default,One per quote line,,,,Quantity,,false,,,,,,,,,,false,,,false,,,1.0,false,,,,false,false,false,false,,false,false,false,false,false,false,false,false,,Click,false,false,,false,List,,true,,false,,,,List,,,,,,Renewable,,false,,,,,,,
,,,,,25c06c6c-e3ff-4e00-b367-68c0e38e342a,false,,mooverTest2,,,Default,One per quote line,,,,Quantity,,false,,,,,,,,,,false,,,false,,,1.0,false,,,,false,false,false,false,,false,false,false,false,false,false,false,false,,Click,false,false,,false,List,,true,,false,,,,List,,,,,,Renewable,,false,,,,,,,
,,,,,25c06c6c-e3ff-4e00-b367-68c0e38e342a,false,,mooverTest2,,,Default,One per quote line,,,,Quantity,,false,,,,,,,,,,false,,,false,,,1.0,false,,,,false,false,false,false,,false,false,false,false,false,false,false,false,,Click,false,false,,false,List,,true,,false,,,,List,,,,,,Renewable,,false,,,,,,,
,,,,,25c06c6c-e3ff-4e00-b367-68c0e38e342a,false,,mooverTest2,,,Default,One per quote line,,,,Quantity,,false,,,,,,,,,,false,,,false,,,1.0,false,,,,false,false,false,false,,false,false,false,false,false,false,false,false,,Click,false,false,,false,List,,true,,false,,,,List,,,,,,Renewable,,false,,,,,,,
,,,,,25c06c6c-e3ff-4e00-b367-68c0e38e342a,false,,mooverTest2,,,Default,One per quote line,,,,Quantity,,false,,,,,,,,,,false,,,false,,,1.0,false,,,,false,false,false,false,,false,false,false,false,false,false,false,false,,Click,false,false,,false,List,,true,,false,,,,List,,,,,,Renewable,,false,,,,,,,
,,,,,25c06c6c-e3ff-4e00-b367-68c0e38e342a,false,,mooverTest2,,,Default,One per quote line,,,,Quantity,,false,,,,,,,,,,false,,,false,,,1.0,false,,,,false,false,false,false,,false,false,false,false,false,false,false,false,,Click,false,false,,false,List,,true,,false,,,,List,,,,,,Renewable,,false,,,,,,,
,,,,,25c06c6c-e3ff-4e00-b367-68c0e38e342a,false,,mooverTest2,,,Default,One per quote line,,,,Quantity,,false,,,,,,,,,,false,,,false,,,1.0,false,,,,false,false,false,false,,false,false,false,false,false,false,false,false,,Click,false,false,,false,List,,true,,false,,,,List,,,,,,Renewable,,false,,,,,,,
,,,,,25c06c6c-e3ff-4e00-b367-68c0e38e342a,false,,mooverTest2,,,Default,One per quote line,,,,Quantity,,false,,,,,,,,,,false,,,false,,,1.0,false,,,,false,false,false,false,,false,false,false,false,false,false,false,false,,Click,false,false,,false,List,,true,,false,,,,List,,,,,,Renewable,,false,,,,,,,
,,,,,25c06c6c-e3ff-4e00-b367-68c0e38e342a,false,,mooverTest2,,,Default,One per quote line,,,,Quantity,,false,,,,,,,,,,false,,,false,,,1.0,false,,,,false,false,false,false,,false,false,false,false,false,false,false,false,,Click,false,false,,false,List,,true,,false,,,,List,,,,,,Renewable,,false,,,,,,,
,,,,,25c06c6c-e3ff-4e00-b367-68c0e38e342a,false,,mooverTest2,,,Default,One per quote line,,,,Quantity,,false,,,,,,,,,,false,,,false,,,1.0,false,,,,false,false,false,false,,false,false,false,false,false,false,false,false,,Click,false,false,,false,List,,true,,false,,,,List,,,,,,Renewable,,false,,,,,,,
,,,,,25c06c6c-e3ff-4e00-b367-68c0e38e342a,false,,mooverTest2,,,Default,One per quote line,,,,Quantity,,false,,,,,,,,,,false,,,false,,,1.0,false,,,,false,false,false,false,,false,false,false,false,false,false,false,false,,Click,false,false,,false,List,,true,,false,,,,List,,,,,,Renewable,,false,,,,,,,
,,,,,25c06c6c-e3ff-4e00-b367-68c0e38e342a,false,,mooverTest2,,,Default,One per quote line,,,,Quantity,,false,,,,,,,,,,false,,,false,,,1.0,false,,,,false,false,false,false,,false,false,false,false,false,false,false,false,,Click,false,false,,false,List,,true,,false,,,,List,,,,,,Renewable,,false,,,,,,,
,,,,,25c06c6c-e3ff-4e00-b367-68c0e38e342a,false,,mooverTest2,,,Default,One per quote line,,,,Quantity,,false,,,,,,,,,,false,,,false,,,1.0,false,,,,false,false,false,false,,false,false,false,false,false,false,false,false,,Click,false,false,,false,List,,true,,false,,,,List,,,,,,Renewable,,false,,,,,,,
,,,,,25c06c6c-e3ff-4e00-b367-68c0e38e342a,false,,mooverTest2,,,Default,One per quote line,,,,Quantity,,false,,,,,,,,,,false,,,false,,,1.0,false,,,,false,false,false,false,,false,false,false,false,false,false,false,false,,Click,false,false,,false,List,,true,,false,,,,List,,,,,,Renewable,,false,,,,,,,
,,,,,25c06c6c-e3ff-4e00-b367-68c0e38e342a,false,,mooverTest2,,,Default,One per quote line,,,,Quantity,,false,,,,,,,,,,false,,,false,,,1.0,false,,,,false,false,false,false,,false,false,false,false,false,false,false,false,,Click,false,false,,false,List,,true,,false,,,,List,,,,,,Renewable,,false,,,,,,,
,,,,,25c06c6c-e3ff-4e00-b367-68c0e38e342a,false,,mooverTest2,,,Default,One per quote line,,,,Quantity,,false,,,,,,,,,,false,,,false,,,1.0,false,,,,false,false,false,false,,false,false,false,false,false,false,false,false,,Click,false,false,,false,List,,true,,false,,,,List,,,,,,Renewable,,false,,,,,,,
,,,,,25c06c6c-e3ff-4e00-b367-68c0e38e342a,false,,mooverTest2,,,Default,One per quote line,,,,Quantity,,false,,,,,,,,,,false,,,false,,,1.0,false,,,,false,false,false,false,,false,false,false,false,false,false,false,false,,Click,false,false,,false,List,,true,,false,,,,List,,,,,,Renewable,,false,,,,,,,
,,,,,25c06c6c-e3ff-4e00-b367-68c0e38e342a,false,,mooverTest2,,,Default,One per quote line,,,,Quantity,,false,,,,,,,,,,false,,,false,,,1.0,false,,,,false,false,false,false,,false,false,false,false,false,false,false,false,,Click,false,false,,false,List,,true,,false,,,,List,,,,,,Renewable,,false,,,,,,,
,,,,,25c06c6c-e3ff-4e00-b367-68c0e38e342a,false,,mooverTest2,,,Default,One per quote line,,,,Quantity,,false,,,,,,,,,,false,,,false,,,1.0,false,,,,false,false,false,false,,false,false,false,false,false,false,false,false,,Click,false,false,,false,List,,true,,false,,,,List,,,,,,Renewable,,false,,,,,,,
,,,,,25c06c6c-e3ff-4e00-b367-68c0e38e342a,false,,mooverTest2,,,Default,One per quote line,,,,Quantity,,false,,,,,,,,,,false,,,false,,,1.0,false,,,,false,false,false,false,,false,false,false,false,false,false,false,false,,Click,false,false,,false,List,,true,,false,,,,List,,,,,,Renewable,,false,,,,,,,
,,,,,25c06c6c-e3ff-4e00-b367-68c0e38e342a,false,,mooverTest2,,,Default,One per quote line,,,,Quantity,,false,,,,,,,,,,false,,,false,,,1.0,false,,,,false,false,false,false,,false,false,false,false,false,false,false,false,,Click,false,false,,false,List,,true,,false,,,,List,,,,,,Renewable,,false,,,,,,,
,,,,,25c06c6c-e3ff-4e00-b367-68c0e38e342a,false,,mooverTest2,,,Default,One per quote line,,,,Quantity,,false,,,,,,,,,,false,,,false,,,1.0,false,,,,false,false,false,false,,false,false,false,false,false,false,false,false,,Click,false,false,,false,List,,true,,false,,,,List,,,,,,Renewable,,false,,,,,,,
,,,,,25c06c6c-e3ff-4e00-b367-68c0e38e342a,false,,mooverTest2,,,Default,One per quote line,,,,Quantity,,false,,,,,,,,,,false,,,false,,,1.0,false,,,,false,false,false,false,,false,false,false,false,false,false,false,false,,Click,false,false,,false,List,,true,,false,,,,List,,,,,,Renewable,,false,,,,,,,
,,,,,25c06c6c-e3ff-4e00-b367-68c0e38e342a,false,,mooverTest2,,,Default,One per quote line,,,,Quantity,,false,,,,,,,,,,false,,,false,,,1.0,false,,,,false,false,false,false,,false,false,false,false,false,false,false,false,,Click,false,false,,false,List,,true,,false,,,,List,,,,,,Renewable,,false,,,,,,,
,,,,,25c06c6c-e3ff-4e00-b367-68c0e38e342a,false,,mooverTest2,,,Default,One per quote line,,,,Quantity,,false,,,,,,,,,,false,,,false,,,1.0,false,,,,false,false,false,false,,false,false,false,false,false,false,false,false,,Click,false,false,,false,List,,true,,false,,,,List,,,,,,Renewable,,false,,,,,,,
,,,,,25c06c6c-e3ff-4e00-b367-68c0e38e342a,false,,mooverTest2,,,Default,One per quote line,,,,Quantity,,false,,,,,,,,,,false,,,false,,,1.0,false,,,,false,false,false,false,,false,false,false,false,false,false,false,false,,Click,false,false,,false,List,,true,,false,,,,List,,,,,,Renewable,,false,,,,,,,
,,,,,25c06c6c-e3ff-4e00-b367-68c0e38e342a,false,,mooverTest2,,,Default,One per quote line,,,,Quantity,,false,,,,,,,,,,false,,,false,,,1.0,false,,,,false,false,false,false,,false,false,false,false,false,false,false,false,,Click,false,false,,false,List,,true,,false,,,,List,,,,,,Renewable,,false,,,,,,,
,,,,,25c06c6c-e3ff-4e00-b367-68c0e38e342a,false,,mooverTest2,,,Default,One per quote line,,,,Quantity,,false,,,,,,,,,,false,,,false,,,1.0,false,,,,false,false,false,false,,false,false,false,false,false,false,false,false,,Click,false,false,,false,List,,true,,false,,,,List,,,,,,Renewable,,false,,,,,,,
,,,,,bbbbff83-5f88-4c3a-ad10-b70ccb8365e0,false,,iTravel® | Additional Language,,,Default,One per quote line,,,,Quantity,,false,,,,,,,,,,false,,,false,,,1.0,false,,,,false,false,false,false,,false,false,false,false,false,false,false,false,,Click,false,false,,false,List,,true,,false,,,,List,,,,,,Renewable,,false,,,,,,,
,,,,,bbbbff83-5f88-4c3a-ad10-b70ccb8365e0,false,,iTravel® | Additional Language,,,Default,One per quote line,,,,Quantity,,false,,,,,,,,,,false,,,false,,,1.0,false,,,,false,false,false,false,,false,false,false,false,false,false,false,false,,Click,false,false,,false,List,,true,,false,,,,List,,,,,,Renewable,,false,,,,,,,
,,,,,bbbbff83-5f88-4c3a-ad10-b70ccb8365e0,false,,iTravel® | Additional Language,,,Default,One per quote line,,,,Quantity,,false,,,,,,,,,,false,,,false,,,1.0,false,,,,false,false,false,false,,false,false,false,false,false,false,false,false,,Click,false,false,,false,List,,true,,false,,,,List,,,,,,Renewable,,false,,,,,,,
,,,,,bbbbff83-5f88-4c3a-ad10-b70ccb8365e0,false,,iTravel® | Additional Language,,,Default,One per quote line,,,,Quantity,,false,,,,,,,,,,false,,,false,,,1.0,false,,,,false,false,false,false,,false,false,false,false,false,false,false,false,,Click,false,false,,false,List,,true,,false,,,,List,,,,,,Renewable,,false,,,,,,,
,,,,,bbbbff83-5f88-4c3a-ad10-b70ccb8365e0,false,,iTravel® | Additional Language,,,Default,One per quote line,,,,Quantity,,false,,,,,,,,,,false,,,false,,,1.0,false,,,,false,false,false,false,,false,false,false,false,false,false,false,false,,Click,false,false,,false,List,,true,,false,,,,List,,,,,,Renewable,,false,,,,,,,
,,,,,bbbbff83-5f88-4c3a-ad10-b70ccb8365e0,false,,iTravel® | Additional Language,,,Default,One per quote line,,,,Quantity,,false,,,,,,,,,,false,,,false,,,1.0,false,,,,false,false,false,false,,false,false,false,false,false,false,false,false,,Click,false,false,,false,List,,true,,false,,,,List,,,,,,Renewable,,false,,,,,,,
,,,,,bbbbff83-5f88-4c3a-ad10-b70ccb8365e0,false,,iTravel® | Additional Language,,,Default,One per quote line,,,,Quantity,,false,,,,,,,,,,false,,,false,,,1.0,false,,,,false,false,false,false,,false,false,false,false,false,false,false,false,,Click,false,false,,false,List,,true,,false,,,,List,,,,,,Renewable,,false,,,,,,,
,,,,,bbbbff83-5f88-4c3a-ad10-b70ccb8365e0,false,,iTravel® | Additional Language,,,Default,One per quote line,,,,Quantity,,false,,,,,,,,,,false,,,false,,,1.0,false,,,,false,false,false,false,,false,false,false,false,false,false,false,false,,Click,false,false,,false,List,,true,,false,,,,List,,,,,,Renewable,,false,,,,,,,
,,,,,bbbbff83-5f88-4c3a-ad10-b70ccb8365e0,false,,iTravel® | Additional Language,,,Default,One per quote line,,,,Quantity,,false,,,,,,,,,,false,,,false,,,1.0,false,,,,false,false,false,false,,false,false,false,false,false,false,false,false,,Click,false,false,,false,List,,true,,false,,,,List,,,,,,Renewable,,false,,,,,,,
,,,,,bbbbff83-5f88-4c3a-ad10-b70ccb8365e0,false,,iTravel® | Additional Language,,,Default,One per quote line,,,,Quantity,,false,,,,,,,,,,false,,,false,,,1.0,false,,,,false,false,false,false,,false,false,false,false,false,false,false,false,,Click,false,false,,false,List,,true,,false,,,,List,,,,,,Renewable,,false,,,,,,,
,,,,,bbbbff83-5f88-4c3a-ad10-b70ccb8365e0,false,,iTravel® | Additional Language,,,Default,One per quote line,,,,Quantity,,false,,,,,,,,,,false,,,false,,,1.0,false,,,,false,false,false,false,,false,false,false,false,false,false,false,false,,Click,false,false,,false,List,,true,,false,,,,List,,,,,,Renewable,,false,,,,,,,
,,,,,bbbbff83-5f88-4c3a-ad10-b70ccb8365e0,false,,iTravel® | Additional Language,,,Default,One per quote line,,,,Quantity,,false,,,,,,,,,,false,,,false,,,1.0,false,,,,false,false,false,false,,false,false,false,false,false,false,false,false,,Click,false,false,,false,List,,true,,false,,,,List,,,,,,Renewable,,false,,,,,,,
,,,,,bbbbff83-5f88-4c3a-ad10-b70ccb8365e0,false,,iTravel® | Additional Language,,,Default,One per quote line,,,,Quantity,,false,,,,,,,,,,false,,,false,,,1.0,false,,,,false,false,false,false,,false,false,false,false,false,false,false,false,,Click,false,false,,false,List,,true,,false,,,,List,,,,,,Renewable,,false,,,,,,,
,,,,,bbbbff83-5f88-4c3a-ad10-b70ccb8365e0,false,,iTravel® | Additional Language,,,Default,One per quote line,,,,Quantity,,false,,,,,,,,,,false,,,false,,,1.0,false,,,,false,false,false,false,,false,false,false,false,false,false,false,false,,Click,false,false,,false,List,,true,,false,,,,List,,,,,,Renewable,,false,,,,,,,
,,,,,bbbbff83-5f88-4c3a-ad10-b70ccb8365e0,false,,iTravel® | Additional Language,,,Default,One per quote line,,,,Quantity,,false,,,,,,,,,,false,,,false,,,1.0,false,,,,false,false,false,false,,false,false,false,false,false,false,false,false,,Click,false,false,,false,List,,true,,false,,,,List,,,,,,Renewable,,false,,,,,,,
,,,,,bbbbff83-5f88-4c3a-ad10-b70ccb8365e0,false,,iTravel® | Additional Language,,,Default,One per quote line,,,,Quantity,,false,,,,,,,,,,false,,,false,,,1.0,false,,,,false,false,false,false,,false,false,false,false,false,false,false,false,,Click,false,false,,false,List,,true,,false,,,,List,,,,,,Renewable,,false,,,,,,,
,,,,,bbbbff83-5f88-4c3a-ad10-b70ccb8365e0,false,,iTravel® | Additional Language,,,Default,One per quote line,,,,Quantity,,false,,,,,,,,,,false,,,false,,,1.0,false,,,,false,false,false,false,,false,false,false,false,false,false,false,false,,Click,false,false,,false,List,,true,,false,,,,List,,,,,,Renewable,,false,,,,,,,
,,,,,bbbbff83-5f88-4c3a-ad10-b70ccb8365e0,false,,iTravel® | Additional Language,,,Default,One per quote line,,,,Quantity,,false,,,,,,,,,,false,,,false,,,1.0,false,,,,false,false,false,false,,false,false,false,false,false,false,false,false,,Click,false,false,,false,List,,true,,false,,,,List,,,,,,Renewable,,false,,,,,,,
,,,,,bbbbff83-5f88-4c3a-ad10-b70ccb8365e0,false,,iTravel® | Additional Language,,,Default,One per quote line,,,,Quantity,,false,,,,,,,,,,false,,,false,,,1.0,false,,,,false,false,false,false,,false,false,false,false,false,false,false,false,,Click,false,false,,false,List,,true,,false,,,,List,,,,,,Renewable,,false,,,,,,,
,,,,,bbbbff83-5f88-4c3a-ad10-b70ccb8365e0,false,,iTravel® | Additional Language,,,Default,One per quote line,,,,Quantity,,false,,,,,,,,,,false,,,false,,,1.0,false,,,,false,false,false,false,,false,false,false,false,false,false,false,false,,Click,false,false,,false,List,,true,,false,,,,List,,,,,,Renewable,,false,,,,,,,
,,,,,bbbbff83-5f88-4c3a-ad10-b70ccb8365e0,false,,iTravel® | Additional Language,,,Default,One per quote line,,,,Quantity,,false,,,,,,,,,,false,,,false,,,1.0,false,,,,false,false,false,false,,false,false,false,false,false,false,false,false,,Click,false,false,,false,List,,true,,false,,,,List,,,,,,Renewable,,false,,,,,,,
,,,,,bbbbff83-5f88-4c3a-ad10-b70ccb8365e0,false,,iTravel® | Additional Language,,,Default,One per quote line,,,,Quantity,,false,,,,,,,,,,false,,,false,,,1.0,false,,,,false,false,false,false,,false,false,false,false,false,false,false,false,,Click,false,false,,false,List,,true,,false,,,,List,,,,,,Renewable,,false,,,,,,,
,,,,,bbbbff83-5f88-4c3a-ad10-b70ccb8365e0,false,,iTravel® | Additional Language,,,Default,One per quote line,,,,Quantity,,false,,,,,,,,,,false,,,false,,,1.0,false,,,,false,false,false,false,,false,false,false,false,false,false,false,false,,Click,false,false,,false,List,,true,,false,,,,List,,,,,,Renewable,,false,,,,,,,
,,,,,bbbbff83-5f88-4c3a-ad10-b70ccb8365e0,false,,iTravel® | Additional Language,,,Default,One per quote line,,,,Quantity,,false,,,,,,,,,,false,,,false,,,1.0,false,,,,false,false,false,false,,false,false,false,false,false,false,false,false,,Click,false,false,,false,List,,true,,false,,,,List,,,,,,Renewable,,false,,,,,,,
,,,,,bbbbff83-5f88-4c3a-ad10-b70ccb8365e0,false,,iTravel® | Additional Language,,,Default,One per quote line,,,,Quantity,,false,,,,,,,,,,false,,,false,,,1.0,false,,,,false,false,false,false,,false,false,false,false,false,false,false,false,,Click,false,false,,false,List,,true,,false,,,,List,,,,,,Renewable,,false,,,,,,,
,,,,,bbbbff83-5f88-4c3a-ad10-b70ccb8365e0,false,,iTravel® | Additional Language,,,Default,One per quote line,,,,Quantity,,false,,,,,,,,,,false,,,false,,,1.0,false,,,,false,false,false,false,,false,false,false,false,false,false,false,false,,Click,false,false,,false,List,,true,,false,,,,List,,,,,,Renewable,,false,,,,,,,
,,,,,bbbbff83-5f88-4c3a-ad10-b70ccb8365e0,false,,iTravel® | Additional Language,,,Default,One per quote line,,,,Quantity,,false,,,,,,,,,,false,,,false,,,1.0,false,,,,false,false,false,false,,false,false,false,false,false,false,false,false,,Click,false,false,,false,List,,true,,false,,,,List,,,,,,Renewable,,false,,,,,,,
,,,,,bbbbff83-5f88-4c3a-ad10-b70ccb8365e0,false,,iTravel® | Additional Language,,,Default,One per quote line,,,,Quantity,,false,,,,,,,,,,false,,,false,,,1.0,false,,,,false,false,false,false,,false,false,false,false,false,false,false,false,,Click,false,false,,false,List,,true,,false,,,,List,,,,,,Renewable,,false,,,,,,,
,,,,,bbbbff83-5f88-4c3a-ad10-b70ccb8365e0,false,,iTravel® | Additional Language,,,Default,One per quote line,,,,Quantity,,false,,,,,,,,,,false,,,false,,,1.0,false,,,,false,false,false,false,,false,false,false,false,false,false,false,false,,Click,false,false,,false,List,,true,,false,,,,List,,,,,,Renewable,,false,,,,,,,
,,,,,bbbbff83-5f88-4c3a-ad10-b70ccb8365e0,false,,iTravel® | Additional Language,,,Default,One per quote line,,,,Quantity,,false,,,,,,,,,,false,,,false,,,1.0,false,,,,false,false,false,false,,false,false,false,false,false,false,false,false,,Click,false,false,,false,List,,true,,false,,,,List,,,,,,Renewable,,false,,,,,,,
,,,,,bbbbff83-5f88-4c3a-ad10-b70ccb8365e0,false,,iTravel® | Additional Language,,,Default,One per quote line,,,,Quantity,,false,,,,,,,,,,false,,,false,,,1.0,false,,,,false,false,false,false,,false,false,false,false,false,false,false,false,,Click,false,false,,false,List,,true,,false,,,,List,,,,,,Renewable,,false,,,,,,,
,,,,,bbbbff83-5f88-4c3a-ad10-b70ccb8365e0,false,,iTravel® | Additional Language,,,Default,One per quote line,,,,Quantity,,false,,,,,,,,,,false,,,false,,,1.0,false,,,,false,false,false,false,,false,false,false,false,false,false,false,false,,Click,false,false,,false,List,,true,,false,,,,List,,,,,,Renewable,,false,,,,,,,
,,,,,bbbbff83-5f88-4c3a-ad10-b70ccb8365e0,false,,iTravel® | Additional Language,,,Default,One per quote line,,,,Quantity,,false,,,,,,,,,,false,,,false,,,1.0,false,,,,false,false,false,false,,false,false,false,false,false,false,false,false,,Click,false,false,,false,List,,true,,false,,,,List,,,,,,Renewable,,false,,,,,,,
,,,,,bbbbff83-5f88-4c3a-ad10-b70ccb8365e0,false,,iTravel® | Additional Language,,,Default,One per quote line,,,,Quantity,,false,,,,,,,,,,false,,,false,,,1.0,false,,,,false,false,false,false,,false,false,false,false,false,false,false,false,,Click,false,false,,false,List,,true,,false,,,,List,,,,,,Renewable,,false,,,,,,,
,,,,,bbbbff83-5f88-4c3a-ad10-b70ccb8365e0,false,,iTravel® | Additional Language,,,Default,One per quote line,,,,Quantity,,false,,,,,,,,,,false,,,false,,,1.0,false,,,,false,false,false,false,,false,false,false,false,false,false,false,false,,Click,false,false,,false,List,,true,,false,,,,List,,,,,,Renewable,,false,,,,,,,
,,,,,bbbbff83-5f88-4c3a-ad10-b70ccb8365e0,false,,iTravel® | Additional Language,,,Default,One per quote line,,,,Quantity,,false,,,,,,,,,,false,,,false,,,1.0,false,,,,false,false,false,false,,false,false,false,false,false,false,false,false,,Click,false,false,,false,List,,true,,false,,,,List,,,,,,Renewable,,false,,,,,,,
,,,,,bbbbff83-5f88-4c3a-ad10-b70ccb8365e0,false,,iTravel® | Additional Language,,,Default,One per quote line,,,,Quantity,,false,,,,,,,,,,false,,,false,,,1.0,false,,,,false,false,false,false,,false,false,false,false,false,false,false,false,,Click,false,false,,false,List,,true,,false,,,,List,,,,,,Renewable,,false,,,,,,,
,,,,,bbbbff83-5f88-4c3a-ad10-b70ccb8365e0,false,,iTravel® | Additional Language,,,Default,One per quote line,,,,Quantity,,false,,,,,,,,,,false,,,false,,,1.0,false,,,,false,false,false,false,,false,false,false,false,false,false,false,false,,Click,false,false,,false,List,,true,,false,,,,List,,,,,,Renewable,,false,,,,,,,
,,,,,bbbbff83-5f88-4c3a-ad10-b70ccb8365e0,false,,iTravel® | Additional Language,,,Default,One per quote line,,,,Quantity,,false,,,,,,,,,,false,,,false,,,1.0,false,,,,false,false,false,false,,false,false,false,false,false,false,false,false,,Click,false,false,,false,List,,true,,false,,,,List,,,,,,Renewable,,false,,,,,,,
,,,,,bbbbff83-5f88-4c3a-ad10-b70ccb8365e0,false,,iTravel® | Additional Language,,,Default,One per quote line,,,,Quantity,,false,,,,,,,,,,false,,,false,,,1.0,false,,,,false,false,false,false,,false,false,false,false,false,false,false,false,,Click,false,false,,false,List,,true,,false,,,,List,,,,,,Renewable,,false,,,,,,,
,,,,,bbbbff83-5f88-4c3a-ad10-b70ccb8365e0,false,,iTravel® | Additional Language,,,Default,One per quote line,,,,Quantity,,false,,,,,,,,,,false,,,false,,,1.0,false,,,,false,false,false,false,,false,false,false,false,false,false,false,false,,Click,false,false,,false,List,,true,,false,,,,List,,,,,,Renewable,,false,,,,,,,
,,,,,bbbbff83-5f88-4c3a-ad10-b70ccb8365e0,false,,iTravel® | Additional Language,,,Default,One per quote line,,,,Quantity,,false,,,,,,,,,,false,,,false,,,1.0,false,,,,false,false,false,false,,false,false,false,false,false,false,false,false,,Click,false,false,,false,List,,true,,false,,,,List,,,,,,Renewable,,false,,,,,,,
,,,,,bbbbff83-5f88-4c3a-ad10-b70ccb8365e0,false,,iTravel® | Additional Language,,,Default,One per quote line,,,,Quantity,,false,,,,,,,,,,false,,,false,,,1.0,false,,,,false,false,false,false,,false,false,false,false,false,false,false,false,,Click,false,false,,false,List,,true,,false,,,,List,,,,,,Renewable,,false,,,,,,,
,,,,,bbbbff83-5f88-4c3a-ad10-b70ccb8365e0,false,,iTravel® | Additional Language,,,Default,One per quote line,,,,Quantity,,false,,,,,,,,,,false,,,false,,,1.0,false,,,,false,false,false,false,,false,false,false,false,false,false,false,false,,Click,false,false,,false,List,,true,,false,,,,List,,,,,,Renewable,,false,,,,,,,
,,,,,bbbbff83-5f88-4c3a-ad10-b70ccb8365e0,false,,iTravel® | Additional Language,,,Default,One per quote line,,,,Quantity,,false,,,,,,,,,,false,,,false,,,1.0,false,,,,false,false,false,false,,false,false,false,false,false,false,false,false,,Click,false,false,,false,List,,true,,false,,,,List,,,,,,Renewable,,false,,,,,,,
,,,,,bbbbff83-5f88-4c3a-ad10-b70ccb8365e0,false,,iTravel® | Additional Language,,,Default,One per quote line,,,,Quantity,,false,,,,,,,,,,false,,,false,,,1.0,false,,,,false,false,false,false,,false,false,false,false,false,false,false,false,,Click,false,false,,false,List,,true,,false,,,,List,,,,,,Renewable,,false,,,,,,,
,,,,,bbbbff83-5f88-4c3a-ad10-b70ccb8365e0,false,,iTravel® | Additional Language,,,Default,One per quote line,,,,Quantity,,false,,,,,,,,,,false,,,false,,,1.0,false,,,,false,false,false,false,,false,false,false,false,false,false,false,false,,Click,false,false,,false,List,,true,,false,,,,List,,,,,,Renewable,,false,,,,,,,
,,,,,bbbbff83-5f88-4c3a-ad10-b70ccb8365e0,false,,iTravel® | Additional Language,,,Default,One per quote line,,,,Quantity,,false,,,,,,,,,,false,,,false,,,1.0,false,,,,false,false,false,false,,false,false,false,false,false,false,false,false,,Click,false,false,,false,List,,true,,false,,,,List,,,,,,Renewable,,false,,,,,,,
,,,,,bbbbff83-5f88-4c3a-ad10-b70ccb8365e0,false,,iTravel® | Additional Language,,,Default,One per quote line,,,,Quantity,,false,,,,,,,,,,false,,,false,,,1.0,false,,,,false,false,false,false,,false,false,false,false,false,false,false,false,,Click,false,false,,false,List,,true,,false,,,,List,,,,,,Renewable,,false,,,,,,,
,,,,,59c3f97c-30e3-4b7f-bdce-9e55dae4ea4d,true,,Everything Plan,,,Default,One per quote line,,,,Quantity,,false,,,,,,,,,,false,,,false,,,1.0,false,,,,false,false,false,false,,false,false,false,false,false,false,false,false,,Click,false,false,,false,List,,true,,false,,,,List,,,Fixed Price,,12.0,Renewable,,false,,,,,,,
,,,,,59c3f97c-30e3-4b7f-bdce-9e55dae4ea4d,true,,Everything Plan,,,Default,One per quote line,,,,Quantity,,false,,,,,,,,,,false,,,false,,,1.0,false,,,,false,false,false,false,,false,false,false,false,false,false,false,false,,Click,false,false,,false,List,,true,,false,,,,List,,,Fixed Price,,12.0,Renewable,,false,,,,,,,
,,,,,59c3f97c-30e3-4b7f-bdce-9e55dae4ea4d,true,,Everything Plan,,,Default,One per quote line,,,,Quantity,,false,,,,,,,,,,false,,,false,,,1.0,false,,,,false,false,false,false,,false,false,false,false,false,false,false,false,,Click,false,false,,false,List,,true,,false,,,,List,,,Fixed Price,,12.0,Renewable,,false,,,,,,,
,,,,,59c3f97c-30e3-4b7f-bdce-9e55dae4ea4d,true,,Everything Plan,,,Default,One per quote line,,,,Quantity,,false,,,,,,,,,,false,,,false,,,1.0,false,,,,false,false,false,false,,false,false,false,false,false,false,false,false,,Click,false,false,,false,List,,true,,false,,,,List,,,Fixed Price,,12.0,Renewable,,false,,,,,,,
,,,,,59c3f97c-30e3-4b7f-bdce-9e55dae4ea4d,true,,Everything Plan,,,Default,One per quote line,,,,Quantity,,false,,,,,,,,,,false,,,false,,,1.0,false,,,,false,false,false,false,,false,false,false,false,false,false,false,false,,Click,false,false,,false,List,,true,,false,,,,List,,,Fixed Price,,12.0,Renewable,,false,,,,,,,
,,,,,59c3f97c-30e3-4b7f-bdce-9e55dae4ea4d,true,,Everything Plan,,,Default,One per quote line,,,,Quantity,,false,,,,,,,,,,false,,,false,,,1.0,false,,,,false,false,false,false,,false,false,false,false,false,false,false,false,,Click,false,false,,false,List,,true,,false,,,,List,,,Fixed Price,,12.0,Renewable,,false,,,,,,,
,,,,,59c3f97c-30e3-4b7f-bdce-9e55dae4ea4d,true,,Everything Plan,,,Default,One per quote line,,,,Quantity,,false,,,,,,,,,,false,,,false,,,1.0,false,,,,false,false,false,false,,false,false,false,false,false,false,false,false,,Click,false,false,,false,List,,true,,false,,,,List,,,Fixed Price,,12.0,Renewable,,false,,,,,,,
,,,,,59c3f97c-30e3-4b7f-bdce-9e55dae4ea4d,true,,Everything Plan,,,Default,One per quote line,,,,Quantity,,false,,,,,,,,,,false,,,false,,,1.0,false,,,,false,false,false,false,,false,false,false,false,false,false,false,false,,Click,false,false,,false,List,,true,,false,,,,List,,,Fixed Price,,12.0,Renewable,,false,,,,,,,
,,,,,59c3f97c-30e3-4b7f-bdce-9e55dae4ea4d,true,,Everything Plan,,,Default,One per quote line,,,,Quantity,,false,,,,,,,,,,false,,,false,,,1.0,false,,,,false,false,false,false,,false,false,false,false,false,false,false,false,,Click,false,false,,false,List,,true,,false,,,,List,,,Fixed Price,,12.0,Renewable,,false,,,,,,,
,,,,,59c3f97c-30e3-4b7f-bdce-9e55dae4ea4d,true,,Everything Plan,,,Default,One per quote line,,,,Quantity,,false,,,,,,,,,,false,,,false,,,1.0,false,,,,false,false,false,false,,false,false,false,false,false,false,false,false,,Click,false,false,,false,List,,true,,false,,,,List,,,Fixed Price,,12.0,Renewable,,false,,,,,,,
,,,,,59c3f97c-30e3-4b7f-bdce-9e55dae4ea4d,true,,Everything Plan,,,Default,One per quote line,,,,Quantity,,false,,,,,,,,,,false,,,false,,,1.0,false,,,,false,false,false,false,,false,false,false,false,false,false,false,false,,Click,false,false,,false,List,,true,,false,,,,List,,,Fixed Price,,12.0,Renewable,,false,,,,,,,
,,,,,59c3f97c-30e3-4b7f-bdce-9e55dae4ea4d,true,,Everything Plan,,,Default,One per quote line,,,,Quantity,,false,,,,,,,,,,false,,,false,,,1.0,false,,,,false,false,false,false,,false,false,false,false,false,false,false,false,,Click,false,false,,false,List,,true,,false,,,,List,,,Fixed Price,,12.0,Renewable,,false,,,,,,,
,,,,,59c3f97c-30e3-4b7f-bdce-9e55dae4ea4d,true,,Everything Plan,,,Default,One per quote line,,,,Quantity,,false,,,,,,,,,,false,,,false,,,1.0,false,,,,false,false,false,false,,false,false,false,false,false,false,false,false,,Click,false,false,,false,List,,true,,false,,,,List,,,Fixed Price,,12.0,Renewable,,false,,,,,,,
,,,,,59c3f97c-30e3-4b7f-bdce-9e55dae4ea4d,true,,Everything Plan,,,Default,One per quote line,,,,Quantity,,false,,,,,,,,,,false,,,false,,,1.0,false,,,,false,false,false,false,,false,false,false,false,false,false,false,false,,Click,false,false,,false,List,,true,,false,,,,List,,,Fixed Price,,12.0,Renewable,,false,,,,,,,
,,,,,59c3f97c-30e3-4b7f-bdce-9e55dae4ea4d,true,,Everything Plan,,,Default,One per quote line,,,,Quantity,,false,,,,,,,,,,false,,,false,,,1.0,false,,,,false,false,false,false,,false,false,false,false,false,false,false,false,,Click,false,false,,false,List,,true,,false,,,,List,,,Fixed Price,,12.0,Renewable,,false,,,,,,,
,,,,,59c3f97c-30e3-4b7f-bdce-9e55dae4ea4d,true,,Everything Plan,,,Default,One per quote line,,,,Quantity,,false,,,,,,,,,,false,,,false,,,1.0,false,,,,false,false,false,false,,false,false,false,false,false,false,false,false,,Click,false,false,,false,List,,true,,false,,,,List,,,Fixed Price,,12.0,Renewable,,false,,,,,,,
,,,,,59c3f97c-30e3-4b7f-bdce-9e55dae4ea4d,true,,Everything Plan,,,Default,One per quote line,,,,Quantity,,false,,,,,,,,,,false,,,false,,,1.0,false,,,,false,false,false,false,,false,false,false,false,false,false,false,false,,Click,false,false,,false,List,,true,,false,,,,List,,,Fixed Price,,12.0,Renewable,,false,,,,,,,
,,,,,59c3f97c-30e3-4b7f-bdce-9e55dae4ea4d,true,,Everything Plan,,,Default,One per quote line,,,,Quantity,,false,,,,,,,,,,false,,,false,,,1.0,false,,,,false,false,false,false,,false,false,false,false,false,false,false,false,,Click,false,false,,false,List,,true,,false,,,,List,,,Fixed Price,,12.0,Renewable,,false,,,,,,,
,,,,,59c3f97c-30e3-4b7f-bdce-9e55dae4ea4d,true,,Everything Plan,,,Default,One per quote line,,,,Quantity,,false,,,,,,,,,,false,,,false,,,1.0,false,,,,false,false,false,false,,false,false,false,false,false,false,false,false,,Click,false,false,,false,List,,true,,false,,,,List,,,Fixed Price,,12.0,Renewable,,false,,,,,,,
,,,,,59c3f97c-30e3-4b7f-bdce-9e55dae4ea4d,true,,Everything Plan,,,Default,One per quote line,,,,Quantity,,false,,,,,,,,,,false,,,false,,,1.0,false,,,,false,false,false,false,,false,false,false,false,false,false,false,false,,Click,false,false,,false,List,,true,,false,,,,List,,,Fixed Price,,12.0,Renewable,,false,,,,,,,
,,,,,59c3f97c-30e3-4b7f-bdce-9e55dae4ea4d,true,,Everything Plan,,,Default,One per quote line,,,,Quantity,,false,,,,,,,,,,false,,,false,,,1.0,false,,,,false,false,false,false,,false,false,false,false,false,false,false,false,,Click,false,false,,false,List,,true,,false,,,,List,,,Fixed Price,,12.0,Renewable,,false,,,,,,,
,,,,,59c3f97c-30e3-4b7f-bdce-9e55dae4ea4d,true,,Everything Plan,,,Default,One per quote line,,,,Quantity,,false,,,,,,,,,,false,,,false,,,1.0,false,,,,false,false,false,false,,false,false,false,false,false,false,false,false,,Click,false,false,,false,List,,true,,false,,,,List,,,Fixed Price,,12.0,Renewable,,false,,,,,,,
,,,,,59c3f97c-30e3-4b7f-bdce-9e55dae4ea4d,true,,Everything Plan,,,Default,One per quote line,,,,Quantity,,false,,,,,,,,,,false,,,false,,,1.0,false,,,,false,false,false,false,,false,false,false,false,false,false,false,false,,Click,false,false,,false,List,,true,,false,,,,List,,,Fixed Price,,12.0,Renewable,,false,,,,,,,
,,,,,59c3f97c-30e3-4b7f-bdce-9e55dae4ea4d,true,,Everything Plan,,,Default,One per quote line,,,,Quantity,,false,,,,,,,,,,false,,,false,,,1.0,false,,,,false,false,false,false,,false,false,false,false,false,false,false,false,,Click,false,false,,false,List,,true,,false,,,,List,,,Fixed Price,,12.0,Renewable,,false,,,,,,,
,,,,,59c3f97c-30e3-4b7f-bdce-9e55dae4ea4d,true,,Everything Plan,,,Default,One per quote line,,,,Quantity,,false,,,,,,,,,,false,,,false,,,1.0,false,,,,false,false,false,false,,false,false,false,false,false,false,false,false,,Click,false,false,,false,List,,true,,false,,,,List,,,Fixed Price,,12.0,Renewable,,false,,,,,,,
,,,,,59c3f97c-30e3-4b7f-bdce-9e55dae4ea4d,true,,Everything Plan,,,Default,One per quote line,,,,Quantity,,false,,,,,,,,,,false,,,false,,,1.0,false,,,,false,false,false,false,,false,false,false,false,false,false,false,false,,Click,false,false,,false,List,,true,,false,,,,List,,,Fixed Price,,12.0,Renewable,,false,,,,,,,
,,,,,59c3f97c-30e3-4b7f-bdce-9e55dae4ea4d,true,,Everything Plan,,,Default,One per quote line,,,,Quantity,,false,,,,,,,,,,false,,,false,,,1.0,false,,,,false,false,false,false,,false,false,false,false,false,false,false,false,,Click,false,false,,false,List,,true,,false,,,,List,,,Fixed Price,,12.0,Renewable,,false,,,,,,,
,,,,,59c3f97c-30e3-4b7f-bdce-9e55dae4ea4d,true,,Everything Plan,,,Default,One per quote line,,,,Quantity,,false,,,,,,,,,,false,,,false,,,1.0,false,,,,false,false,false,false,,false,false,false,false,false,false,false,false,,Click,false,false,,false,List,,true,,false,,,,List,,,Fixed Price,,12.0,Renewable,,false,,,,,,,
,,,,,59c3f97c-30e3-4b7f-bdce-9e55dae4ea4d,true,,Everything Plan,,,Default,One per quote line,,,,Quantity,,false,,,,,,,,,,false,,,false,,,1.0,false,,,,false,false,false,false,,false,false,false,false,false,false,false,false,,Click,false,false,,false,List,,true,,false,,,,List,,,Fixed Price,,12.0,Renewable,,false,,,,,,,
,,,,,59c3f97c-30e3-4b7f-bdce-9e55dae4ea4d,true,,Everything Plan,,,Default,One per quote line,,,,Quantity,,false,,,,,,,,,,false,,,false,,,1.0,false,,,,false,false,false,false,,false,false,false,false,false,false,false,false,,Click,false,false,,false,List,,true,,false,,,,List,,,Fixed Price,,12.0,Renewable,,false,,,,,,,
,,,,,59c3f97c-30e3-4b7f-bdce-9e55dae4ea4d,true,,Everything Plan,,,Default,One per quote line,,,,Quantity,,false,,,,,,,,,,false,,,false,,,1.0,false,,,,false,false,false,false,,false,false,false,false,false,false,false,false,,Click,false,false,,false,List,,true,,false,,,,List,,,Fixed Price,,12.0,Renewable,,false,,,,,,,
,,,,,59c3f97c-30e3-4b7f-bdce-9e55dae4ea4d,true,,Everything Plan,,,Default,One per quote line,,,,Quantity,,false,,,,,,,,,,false,,,false,,,1.0,false,,,,false,false,false,false,,false,false,false,false,false,false,false,false,,Click,false,false,,false,List,,true,,false,,,,List,,,Fixed Price,,12.0,Renewable,,false,,,,,,,
,,,,,59c3f97c-30e3-4b7f-bdce-9e55dae4ea4d,true,,Everything Plan,,,Default,One per quote line,,,,Quantity,,false,,,,,,,,,,false,,,false,,,1.0,false,,,,false,false,false,false,,false,false,false,false,false,false,false,false,,Click,false,false,,false,List,,true,,false,,,,List,,,Fixed Price,,12.0,Renewable,,false,,,,,,,
,,,,,59c3f97c-30e3-4b7f-bdce-9e55dae4ea4d,true,,Everything Plan,,,Default,One per quote line,,,,Quantity,,false,,,,,,,,,,false,,,false,,,1.0,false,,,,false,false,false,false,,false,false,false,false,false,false,false,false,,Click,false,false,,false,List,,true,,false,,,,List,,,Fixed Price,,12.0,Renewable,,false,,,,,,,
,,,,,59c3f97c-30e3-4b7f-bdce-9e55dae4ea4d,true,,Everything Plan,,,Default,One per quote line,,,,Quantity,,false,,,,,,,,,,false,,,false,,,1.0,false,,,,false,false,false,false,,false,false,false,false,false,false,false,false,,Click,false,false,,false,List,,true,,false,,,,List,,,Fixed Price,,12.0,Renewable,,false,,,,,,,
,,,,,59c3f97c-30e3-4b7f-bdce-9e55dae4ea4d,true,,Everything Plan,,,Default,One per quote line,,,,Quantity,,false,,,,,,,,,,false,,,false,,,1.0,false,,,,false,false,false,false,,false,false,false,false,false,false,false,false,,Click,false,false,,false,List,,true,,false,,,,List,,,Fixed Price,,12.0,Renewable,,false,,,,,,,
,,,,,59c3f97c-30e3-4b7f-bdce-9e55dae4ea4d,true,,Everything Plan,,,Default,One per quote line,,,,Quantity,,false,,,,,,,,,,false,,,false,,,1.0,false,,,,false,false,false,false,,false,false,false,false,false,false,false,false,,Click,false,false,,false,List,,true,,false,,,,List,,,Fixed Price,,12.0,Renewable,,false,,,,,,,
,,,,,59c3f97c-30e3-4b7f-bdce-9e55dae4ea4d,true,,Everything Plan,,,Default,One per quote line,,,,Quantity,,false,,,,,,,,,,false,,,false,,,1.0,false,,,,false,false,false,false,,false,false,false,false,false,false,false,false,,Click,false,false,,false,List,,true,,false,,,,List,,,Fixed Price,,12.0,Renewable,,false,,,,,,,
,,,,,59c3f97c-30e3-4b7f-bdce-9e55dae4ea4d,true,,Everything Plan,,,Default,One per quote line,,,,Quantity,,false,,,,,,,,,,false,,,false,,,1.0,false,,,,false,false,false,false,,false,false,false,false,false,false,false,false,,Click,false,false,,false,List,,true,,false,,,,List,,,Fixed Price,,12.0,Renewable,,false,,,,,,,
,,,,,59c3f97c-30e3-4b7f-bdce-9e55dae4ea4d,true,,Everything Plan,,,Default,One per quote line,,,,Quantity,,false,,,,,,,,,,false,,,false,,,1.0,false,,,,false,false,false,false,,false,false,false,false,false,false,false,false,,Click,false,false,,false,List,,true,,false,,,,List,,,Fixed Price,,12.0,Renewable,,false,,,,,,,
,,,,,59c3f97c-30e3-4b7f-bdce-9e55dae4ea4d,true,,Everything Plan,,,Default,One per quote line,,,,Quantity,,false,,,,,,,,,,false,,,false,,,1.0,false,,,,false,false,false,false,,false,false,false,false,false,false,false,false,,Click,false,false,,false,List,,true,,false,,,,List,,,Fixed Price,,12.0,Renewable,,false,,,,,,,
,,,,,59c3f97c-30e3-4b7f-bdce-9e55dae4ea4d,true,,Everything Plan,,,Default,One per quote line,,,,Quantity,,false,,,,,,,,,,false,,,false,,,1.0,false,,,,false,false,false,false,,false,false,false,false,false,false,false,false,,Click,false,false,,false,List,,true,,false,,,,List,,,Fixed Price,,12.0,Renewable,,false,,,,,,,
,,,,,59c3f97c-30e3-4b7f-bdce-9e55dae4ea4d,true,,Everything Plan,,,Default,One per quote line,,,,Quantity,,false,,,,,,,,,,false,,,false,,,1.0,false,,,,false,false,false,false,,false,false,false,false,false,false,false,false,,Click,false,false,,false,List,,true,,false,,,,List,,,Fixed Price,,12.0,Renewable,,false,,,,,,,
,,,,,59c3f97c-30e3-4b7f-bdce-9e55dae4ea4d,true,,Everything Plan,,,Default,One per quote line,,,,Quantity,,false,,,,,,,,,,false,,,false,,,1.0,false,,,,false,false,false,false,,false,false,false,false,false,false,false,false,,Click,false,false,,false,List,,true,,false,,,,List,,,Fixed Price,,12.0,Renewable,,false,,,,,,,
,,,,,59c3f97c-30e3-4b7f-bdce-9e55dae4ea4d,true,,Everything Plan,,,Default,One per quote line,,,,Quantity,,false,,,,,,,,,,false,,,false,,,1.0,false,,,,false,false,false,false,,false,false,false,false,false,false,false,false,,Click,false,false,,false,List,,true,,false,,,,List,,,Fixed Price,,12.0,Renewable,,false,,,,,,,
,,,,,59c3f97c-30e3-4b7f-bdce-9e55dae4ea4d,true,,Everything Plan,,,Default,One per quote line,,,,Quantity,,false,,,,,,,,,,false,,,false,,,1.0,false,,,,false,false,false,false,,false,false,false,false,false,false,false,false,,Click,false,false,,false,List,,true,,false,,,,List,,,Fixed Price,,12.0,Renewable,,false,,,,,,,
,,,,,59c3f97c-30e3-4b7f-bdce-9e55dae4ea4d,true,,Everything Plan,,,Default,One per quote line,,,,Quantity,,false,,,,,,,,,,false,,,false,,,1.0,false,,,,false,false,false,false,,false,false,false,false,false,false,false,false,,Click,false,false,,false,List,,true,,false,,,,List,,,Fixed Price,,12.0,Renewable,,false,,,,,,,
,,,,,59c3f97c-30e3-4b7f-bdce-9e55dae4ea4d,true,,Everything Plan,,,Default,One per quote line,,,,Quantity,,false,,,,,,,,,,false,,,false,,,1.0,false,,,,false,false,false,false,,false,false,false,false,false,false,false,false,,Click,false,false,,false,List,,true,,false,,,,List,,,Fixed Price,,12.0,Renewable,,false,,,,,,,
,,,,,59c3f97c-30e3-4b7f-bdce-9e55dae4ea4d,true,,Everything Plan,,,Default,One per quote line,,,,Quantity,,false,,,,,,,,,,false,,,false,,,1.0,false,,,,false,false,false,false,,false,false,false,false,false,false,false,false,,Click,false,false,,false,List,,true,,false,,,,List,,,Fixed Price,,12.0,Renewable,,false,,,,,,,
,,,,,647cc482-c2ba-4b42-ae26-11a42481d6da,false,,NEW RECORD,,,Default,One per quote line,,,,Quantity,,false,,,,,,,,,,false,,,false,,,1.0,false,,,,false,false,false,false,,false,false,false,false,false,false,false,false,,Click,false,false,,false,List,,true,,false,,,,List,,,,,,Renewable,,false,,,,,,,
,,,,,647cc482-c2ba-4b42-ae26-11a42481d6da,false,,NEW RECORD,,,Default,One per quote line,,,,Quantity,,false,,,,,,,,,,false,,,false,,,1.0,false,,,,false,false,false,false,,false,false,false,false,false,false,false,false,,Click,false,false,,false,List,,true,,false,,,,List,,,,,,Renewable,,false,,,,,,,
,,,,,647cc482-c2ba-4b42-ae26-11a42481d6da,false,,NEW RECORD,,,Default,One per quote line,,,,Quantity,,false,,,,,,,,,,false,,,false,,,1.0,false,,,,false,false,false,false,,false,false,false,false,false,false,false,false,,Click,false,false,,false,List,,true,,false,,,,List,,,,,,Renewable,,false,,,,,,,
,,,,,647cc482-c2ba-4b42-ae26-11a42481d6da,false,,NEW RECORD,,,Default,One per quote line,,,,Quantity,,false,,,,,,,,,,false,,,false,,,1.0,false,,,,false,false,false,false,,false,false,false,false,false,false,false,false,,Click,false,false,,false,List,,true,,false,,,,List,,,,,,Renewable,,false,,,,,,,
,,,,,647cc482-c2ba-4b42-ae26-11a42481d6da,false,,NEW RECORD,,,Default,One per quote line,,,,Quantity,,false,,,,,,,,,,false,,,false,,,1.0,false,,,,false,false,false,false,,false,false,false,false,false,false,false,false,,Click,false,false,,false,List,,true,,false,,,,List,,,,,,Renewable,,false,,,,,,,
,,,,,647cc482-c2ba-4b42-ae26-11a42481d6da,false,,NEW RECORD,,,Default,One per quote line,,,,Quantity,,false,,,,,,,,,,false,,,false,,,1.0,false,,,,false,false,false,false,,false,false,false,false,false,false,false,false,,Click,false,false,,false,List,,true,,false,,,,List,,,,,,Renewable,,false,,,,,,,
,,,,,647cc482-c2ba-4b42-ae26-11a42481d6da,false,,NEW RECORD,,,Default,One per quote line,,,,Quantity,,false,,,,,,,,,,false,,,false,,,1.0,false,,,,false,false,false,false,,false,false,false,false,false,false,false,false,,Click,false,false,,false,List,,true,,false,,,,List,,,,,,Renewable,,false,,,,,,,
,,,,,647cc482-c2ba-4b42-ae26-11a42481d6da,false,,NEW RECORD,,,Default,One per quote line,,,,Quantity,,false,,,,,,,,,,false,,,false,,,1.0,false,,,,false,false,false,false,,false,false,false,false,false,false,false,false,,Click,false,false,,false,List,,true,,false,,,,List,,,,,,Renewable,,false,,,,,,,
,,,,,647cc482-c2ba-4b42-ae26-11a42481d6da,false,,NEW RECORD,,,Default,One per quote line,,,,Quantity,,false,,,,,,,,,,false,,,false,,,1.0,false,,,,false,false,false,false,,false,false,false,false,false,false,false,false,,Click,false,false,,false,List,,true,,false,,,,List,,,,,,Renewable,,false,,,,,,,
,,,,,647cc482-c2ba-4b42-ae26-11a42481d6da,false,,NEW RECORD,,,Default,One per quote line,,,,Quantity,,false,,,,,,,,,,false,,,false,,,1.0,false,,,,false,false,false,false,,false,false,false,false,false,false,false,false,,Click,false,false,,false,List,,true,,false,,,,List,,,,,,Renewable,,false,,,,,,,
,,,,,647cc482-c2ba-4b42-ae26-11a42481d6da,false,,NEW RECORD,,,Default,One per quote line,,,,Quantity,,false,,,,,,,,,,false,,,false,,,1.0,false,,,,false,false,false,false,,false,false,false,false,false,false,false,false,,Click,false,false,,false,List,,true,,false,,,,List,,,,,,Renewable,,false,,,,,,,
,,,,,647cc482-c2ba-4b42-ae26-11a42481d6da,false,,NEW RECORD,,,Default,One per quote line,,,,Quantity,,false,,,,,,,,,,false,,,false,,,1.0,false,,,,false,false,false,false,,false,false,false,false,false,false,false,false,,Click,false,false,,false,List,,true,,false,,,,List,,,,,,Renewable,,false,,,,,,,
,,,,,647cc482-c2ba-4b42-ae26-11a42481d6da,false,,NEW RECORD,,,Default,One per quote line,,,,Quantity,,false,,,,,,,,,,false,,,false,,,1.0,false,,,,false,false,false,false,,false,false,false,false,false,false,false,false,,Click,false,false,,false,List,,true,,false,,,,List,,,,,,Renewable,,false,,,,,,,
,,,,,647cc482-c2ba-4b42-ae26-11a42481d6da,false,,NEW RECORD,,,Default,One per quote line,,,,Quantity,,false,,,,,,,,,,false,,,false,,,1.0,false,,,,false,false,false,false,,false,false,false,false,false,false,false,false,,Click,false,false,,false,List,,true,,false,,,,List,,,,,,Renewable,,false,,,,,,,
,,,,,647cc482-c2ba-4b42-ae26-11a42481d6da,false,,NEW RECORD,,,Default,One per quote line,,,,Quantity,,false,,,,,,,,,,false,,,false,,,1.0,false,,,,false,false,false,false,,false,false,false,false,false,false,false,false,,Click,false,false,,false,List,,true,,false,,,,List,,,,,,Renewable,,false,,,,,,,
,,,,,647cc482-c2ba-4b42-ae26-11a42481d6da,false,,NEW RECORD,,,Default,One per quote line,,,,Quantity,,false,,,,,,,,,,false,,,false,,,1.0,false,,,,false,false,false,false,,false,false,false,false,false,false,false,false,,Click,false,false,,false,List,,true,,false,,,,List,,,,,,Renewable,,false,,,,,,,
,,,,,647cc482-c2ba-4b42-ae26-11a42481d6da,false,,NEW RECORD,,,Default,One per quote line,,,,Quantity,,false,,,,,,,,,,false,,,false,,,1.0,false,,,,false,false,false,false,,false,false,false,false,false,false,false,false,,Click,false,false,,false,List,,true,,false,,,,List,,,,,,Renewable,,false,,,,,,,
,,,,,647cc482-c2ba-4b42-ae26-11a42481d6da,false,,NEW RECORD,,,Default,One per quote line,,,,Quantity,,false,,,,,,,,,,false,,,false,,,1.0,false,,,,false,false,false,false,,false,false,false,false,false,false,false,false,,Click,false,false,,false,List,,true,,false,,,,List,,,,,,Renewable,,false,,,,,,,
,,,,,647cc482-c2ba-4b42-ae26-11a42481d6da,false,,NEW RECORD,,,Default,One per quote line,,,,Quantity,,false,,,,,,,,,,false,,,false,,,1.0,false,,,,false,false,false,false,,false,false,false,false,false,false,false,false,,Click,false,false,,false,List,,true,,false,,,,List,,,,,,Renewable,,false,,,,,,,
,,,,,647cc482-c2ba-4b42-ae26-11a42481d6da,false,,NEW RECORD,,,Default,One per quote line,,,,Quantity,,false,,,,,,,,,,false,,,false,,,1.0,false,,,,false,false,false,false,,false,false,false,false,false,false,false,false,,Click,false,false,,false,List,,true,,false,,,,List,,,,,,Renewable,,false,,,,,,,
,,,,,647cc482-c2ba-4b42-ae26-11a42481d6da,false,,NEW RECORD,,,Default,One per quote line,,,,Quantity,,false,,,,,,,,,,false,,,false,,,1.0,false,,,,false,false,false,false,,false,false,false,false,false,false,false,false,,Click,false,false,,false,List,,true,,false,,,,List,,,,,,Renewable,,false,,,,,,,
,,,,,647cc482-c2ba-4b42-ae26-11a42481d6da,false,,NEW RECORD,,,Default,One per quote line,,,,Quantity,,false,,,,,,,,,,false,,,false,,,1.0,false,,,,false,false,false,false,,false,false,false,false,false,false,false,false,,Click,false,false,,false,List,,true,,false,,,,List,,,,,,Renewable,,false,,,,,,,
,,,,,647cc482-c2ba-4b42-ae26-11a42481d6da,false,,NEW RECORD,,,Default,One per quote line,,,,Quantity,,false,,,,,,,,,,false,,,false,,,1.0,false,,,,false,false,false,false,,false,false,false,false,false,false,false,false,,Click,false,false,,false,List,,true,,false,,,,List,,,,,,Renewable,,false,,,,,,,
,,,,,647cc482-c2ba-4b42-ae26-11a42481d6da,false,,NEW RECORD,,,Default,One per quote line,,,,Quantity,,false,,,,,,,,,,false,,,false,,,1.0,false,,,,false,false,false,false,,false,false,false,false,false,false,false,false,,Click,false,false,,false,List,,true,,false,,,,List,,,,,,Renewable,,false,,,,,,,
,,,,,647cc482-c2ba-4b42-ae26-11a42481d6da,false,,NEW RECORD,,,Default,One per quote line,,,,Quantity,,false,,,,,,,,,,false,,,false,,,1.0,false,,,,false,false,false,false,,false,false,false,false,false,false,false,false,,Click,false,false,,false,List,,true,,false,,,,List,,,,,,Renewable,,false,,,,,,,
,,,,,647cc482-c2ba-4b42-ae26-11a42481d6da,false,,NEW RECORD,,,Default,One per quote line,,,,Quantity,,false,,,,,,,,,,false,,,false,,,1.0,false,,,,false,false,false,false,,false,false,false,false,false,false,false,false,,Click,false,false,,false,List,,true,,false,,,,List,,,,,,Renewable,,false,,,,,,,
,,,,,647cc482-c2ba-4b42-ae26-11a42481d6da,false,,NEW RECORD,,,Default,One per quote line,,,,Quantity,,false,,,,,,,,,,false,,,false,,,1.0,false,,,,false,false,false,false,,false,false,false,false,false,false,false,false,,Click,false,false,,false,List,,true,,false,,,,List,,,,,,Renewable,,false,,,,,,,
,,,,,647cc482-c2ba-4b42-ae26-11a42481d6da,false,,NEW RECORD,,,Default,One per quote line,,,,Quantity,,false,,,,,,,,,,false,,,false,,,1.0,false,,,,false,false,false,false,,false,false,false,false,false,false,false,false,,Click,false,false,,false,List,,true,,false,,,,List,,,,,,Renewable,,false,,,,,,,
,,,,,647cc482-c2ba-4b42-ae26-11a42481d6da,false,,NEW RECORD,,,Default,One per quote line,,,,Quantity,,false,,,,,,,,,,false,,,false,,,1.0,false,,,,false,false,false,false,,false,false,false,false,false,false,false,false,,Click,false,false,,false,List,,true,,false,,,,List,,,,,,Renewable,,false,,,,,,,
,,,,,647cc482-c2ba-4b42-ae26-11a42481d6da,false,,NEW RECORD,,,Default,One per quote line,,,,Quantity,,false,,,,,,,,,,false,,,false,,,1.0,false,,,,false,false,false,false,,false,false,false,false,false,false,false,false,,Click,false,false,,false,List,,true,,false,,,,List,,,,,,Renewable,,false,,,,,,,
,,,,,647cc482-c2ba-4b42-ae26-11a42481d6da,false,,NEW RECORD,,,Default,One per quote line,,,,Quantity,,false,,,,,,,,,,false,,,false,,,1.0,false,,,,false,false,false,false,,false,false,false,false,false,false,false,false,,Click,false,false,,false,List,,true,,false,,,,List,,,,,,Renewable,,false,,,,,,,
,,,,,647cc482-c2ba-4b42-ae26-11a42481d6da,false,,NEW RECORD,,,Default,One per quote line,,,,Quantity,,false,,,,,,,,,,false,,,false,,,1.0,false,,,,false,false,false,false,,false,false,false,false,false,false,false,false,,Click,false,false,,false,List,,true,,false,,,,List,,,,,,Renewable,,false,,,,,,,
,,,,,647cc482-c2ba-4b42-ae26-11a42481d6da,false,,NEW RECORD,,,Default,One per quote line,,,,Quantity,,false,,,,,,,,,,false,,,false,,,1.0,false,,,,false,false,false,false,,false,false,false,false,false,false,false,false,,Click,false,false,,false,List,,true,,false,,,,List,,,,,,Renewable,,false,,,,,,,
,,,,,647cc482-c2ba-4b42-ae26-11a42481d6da,false,,NEW RECORD,,,Default,One per quote line,,,,Quantity,,false,,,,,,,,,,false,,,false,,,1.0,false,,,,false,false,false,false,,false,false,false,false,false,false,false,false,,Click,false,false,,false,List,,true,,false,,,,List,,,,,,Renewable,,false,,,,,,,
,,,,,647cc482-c2ba-4b42-ae26-11a42481d6da,false,,NEW RECORD,,,Default,One per quote line,,,,Quantity,,false,,,,,,,,,,false,,,false,,,1.0,false,,,,false,false,false,false,,false,false,false,false,false,false,false,false,,Click,false,false,,false,List,,true,,false,,,,List,,,,,,Renewable,,false,,,,,,,
,,,,,647cc482-c2ba-4b42-ae26-11a42481d6da,false,,NEW RECORD,,,Default,One per quote line,,,,Quantity,,false,,,,,,,,,,false,,,false,,,1.0,false,,,,false,false,false,false,,false,false,false,false,false,false,false,false,,Click,false,false,,false,List,,true,,false,,,,List,,,,,,Renewable,,false,,,,,,,
,,,,,647cc482-c2ba-4b42-ae26-11a42481d6da,false,,NEW RECORD,,,Default,One per quote line,,,,Quantity,,false,,,,,,,,,,false,,,false,,,1.0,false,,,,false,false,false,false,,false,false,false,false,false,false,false,false,,Click,false,false,,false,List,,true,,false,,,,List,,,,,,Renewable,,false,,,,,,,
,,,,,647cc482-c2ba-4b42-ae26-11a42481d6da,false,,NEW RECORD,,,Default,One per quote line,,,,Quantity,,false,,,,,,,,,,false,,,false,,,1.0,false,,,,false,false,false,false,,false,false,false,false,false,false,false,false,,Click,false,false,,false,List,,true,,false,,,,List,,,,,,Renewable,,false,,,,,,,
,,,,,647cc482-c2ba-4b42-ae26-11a42481d6da,false,,NEW RECORD,,,Default,One per quote line,,,,Quantity,,false,,,,,,,,,,false,,,false,,,1.0,false,,,,false,false,false,false,,false,false,false,false,false,false,false,false,,Click,false,false,,false,List,,true,,false,,,,List,,,,,,Renewable,,false,,,,,,,
,,,,,647cc482-c2ba-4b42-ae26-11a42481d6da,false,,NEW RECORD,,,Default,One per quote line,,,,Quantity,,false,,,,,,,,,,false,,,false,,,1.0,false,,,,false,false,false,false,,false,false,false,false,false,false,false,false,,Click,false,false,,false,List,,true,,false,,,,List,,,,,,Renewable,,false,,,,,,,
,,,,,647cc482-c2ba-4b42-ae26-11a42481d6da,false,,NEW RECORD,,,Default,One per quote line,,,,Quantity,,false,,,,,,,,,,false,,,false,,,1.0,false,,,,false,false,false,false,,false,false,false,false,false,false,false,false,,Click,false,false,,false,List,,true,,false,,,,List,,,,,,Renewable,,false,,,,,,,
,,,,,647cc482-c2ba-4b42-ae26-11a42481d6da,false,,NEW RECORD,,,Default,One per quote line,,,,Quantity,,false,,,,,,,,,,false,,,false,,,1.0,false,,,,false,false,false,false,,false,false,false,false,false,false,false,false,,Click,false,false,,false,List,,true,,false,,,,List,,,,,,Renewable,,false,,,,,,,
,,,,,647cc482-c2ba-4b42-ae26-11a42481d6da,false,,NEW RECORD,,,Default,One per quote line,,,,Quantity,,false,,,,,,,,,,false,,,false,,,1.0,false,,,,false,false,false,false,,false,false,false,false,false,false,false,false,,Click,false,false,,false,List,,true,,false,,,,List,,,,,,Renewable,,false,,,,,,,
,,,,,647cc482-c2ba-4b42-ae26-11a42481d6da,false,,NEW RECORD,,,Default,One per quote line,,,,Quantity,,false,,,,,,,,,,false,,,false,,,1.0,false,,,,false,false,false,false,,false,false,false,false,false,false,false,false,,Click,false,false,,false,List,,true,,false,,,,List,,,,,,Renewable,,false,,,,,,,
,,,,,647cc482-c2ba-4b42-ae26-11a42481d6da,false,,NEW RECORD,,,Default,One per quote line,,,,Quantity,,false,,,,,,,,,,false,,,false,,,1.0,false,,,,false,false,false,false,,false,false,false,false,false,false,false,false,,Click,false,false,,false,List,,true,,false,,,,List,,,,,,Renewable,,false,,,,,,,
,,,,,647cc482-c2ba-4b42-ae26-11a42481d6da,false,,NEW RECORD,,,Default,One per quote line,,,,Quantity,,false,,,,,,,,,,false,,,false,,,1.0,false,,,,false,false,false,false,,false,false,false,false,false,false,false,false,,Click,false,false,,false,List,,true,,false,,,,List,,,,,,Renewable,,false,,,,,,,
,,,,,647cc482-c2ba-4b42-ae26-11a42481d6da,false,,NEW RECORD,,,Default,One per quote line,,,,Quantity,,false,,,,,,,,,,false,,,false,,,1.0,false,,,,false,false,false,false,,false,false,false,false,false,false,false,false,,Click,false,false,,false,List,,true,,false,,,,List,,,,,,Renewable,,false,,,,,,,
,,,,,647cc482-c2ba-4b42-ae26-11a42481d6da,false,,NEW RECORD,,,Default,One per quote line,,,,Quantity,,false,,,,,,,,,,false,,,false,,,1.0,false,,,,false,false,false,false,,false,false,false,false,false,false,false,false,,Click,false,false,,false,List,,true,,false,,,,List,,,,,,Renewable,,false,,,,,,,
,,,,,647cc482-c2ba-4b42-ae26-11a42481d6da,false,,NEW RECORD,,,Default,One per quote line,,,,Quantity,,false,,,,,,,,,,false,,,false,,,1.0,false,,,,false,false,false,false,,false,false,false,false,false,false,false,false,,Click,false,false,,false,List,,true,,false,,,,List,,,,,,Renewable,,false,,,,,,,
,,,,,95dab7b3-e5ef-45a6-af85-1ee7fb551313,false,,FRIDAY,,,Default,One per quote line,,,,Quantity,,false,,,,,,,,,,false,,,false,,,1.0,false,,,,false,false,false,false,,false,false,false,false,false,false,false,false,,Click,false,false,,false,List,,true,,false,,,,List,,,,,,Renewable,,false,,,,,,,
,,,,,95dab7b3-e5ef-45a6-af85-1ee7fb551313,false,,FRIDAY,,,Default,One per quote line,,,,Quantity,,false,,,,,,,,,,false,,,false,,,1.0,false,,,,false,false,false,false,,false,false,false,false,false,false,false,false,,Click,false,false,,false,List,,true,,false,,,,List,,,,,,Renewable,,false,,,,,,,
,,,,,95dab7b3-e5ef-45a6-af85-1ee7fb551313,false,,FRIDAY,,,Default,One per quote line,,,,Quantity,,false,,,,,,,,,,false,,,false,,,1.0,false,,,,false,false,false,false,,false,false,false,false,false,false,false,false,,Click,false,false,,false,List,,true,,false,,,,List,,,,,,Renewable,,false,,,,,,,
,,,,,95dab7b3-e5ef-45a6-af85-1ee7fb551313,false,,FRIDAY,,,Default,One per quote line,,,,Quantity,,false,,,,,,,,,,false,,,false,,,1.0,false,,,,false,false,false,false,,false,false,false,false,false,false,false,false,,Click,false,false,,false,List,,true,,false,,,,List,,,,,,Renewable,,false,,,,,,,
,,,,,95dab7b3-e5ef-45a6-af85-1ee7fb551313,false,,FRIDAY,,,Default,One per quote line,,,,Quantity,,false,,,,,,,,,,false,,,false,,,1.0,false,,,,false,false,false,false,,false,false,false,false,false,false,false,false,,Click,false,false,,false,List,,true,,false,,,,List,,,,,,Renewable,,false,,,,,,,
,,,,,95dab7b3-e5ef-45a6-af85-1ee7fb551313,false,,FRIDAY,,,Default,One per quote line,,,,Quantity,,false,,,,,,,,,,false,,,false,,,1.0,false,,,,false,false,false,false,,false,false,false,false,false,false,false,false,,Click,false,false,,false,List,,true,,false,,,,List,,,,,,Renewable,,false,,,,,,,
,,,,,95dab7b3-e5ef-45a6-af85-1ee7fb551313,false,,FRIDAY,,,Default,One per quote line,,,,Quantity,,false,,,,,,,,,,false,,,false,,,1.0,false,,,,false,false,false,false,,false,false,false,false,false,false,false,false,,Click,false,false,,false,List,,true,,false,,,,List,,,,,,Renewable,,false,,,,,,,
,,,,,95dab7b3-e5ef-45a6-af85-1ee7fb551313,false,,FRIDAY,,,Default,One per quote line,,,,Quantity,,false,,,,,,,,,,false,,,false,,,1.0,false,,,,false,false,false,false,,false,false,false,false,false,false,false,false,,Click,false,false,,false,List,,true,,false,,,,List,,,,,,Renewable,,false,,,,,,,
,,,,,95dab7b3-e5ef-45a6-af85-1ee7fb551313,false,,FRIDAY,,,Default,One per quote line,,,,Quantity,,false,,,,,,,,,,false,,,false,,,1.0,false,,,,false,false,false,false,,false,false,false,false,false,false,false,false,,Click,false,false,,false,List,,true,,false,,,,List,,,,,,Renewable,,false,,,,,,,
,,,,,95dab7b3-e5ef-45a6-af85-1ee7fb551313,false,,FRIDAY,,,Default,One per quote line,,,,Quantity,,false,,,,,,,,,,false,,,false,,,1.0,false,,,,false,false,false,false,,false,false,false,false,false,false,false,false,,Click,false,false,,false,List,,true,,false,,,,List,,,,,,Renewable,,false,,,,,,,
,,,,,95dab7b3-e5ef-45a6-af85-1ee7fb551313,false,,FRIDAY,,,Default,One per quote line,,,,Quantity,,false,,,,,,,,,,false,,,false,,,1.0,false,,,,false,false,false,false,,false,false,false,false,false,false,false,false,,Click,false,false,,false,List,,true,,false,,,,List,,,,,,Renewable,,false,,,,,,,
,,,,,95dab7b3-e5ef-45a6-af85-1ee7fb551313,false,,FRIDAY,,,Default,One per quote line,,,,Quantity,,false,,,,,,,,,,false,,,false,,,1.0,false,,,,false,false,false,false,,false,false,false,false,false,false,false,false,,Click,false,false,,false,List,,true,,false,,,,List,,,,,,Renewable,,false,,,,,,,
,,,,,95dab7b3-e5ef-45a6-af85-1ee7fb551313,false,,FRIDAY,,,Default,One per quote line,,,,Quantity,,false,,,,,,,,,,false,,,false,,,1.0,false,,,,false,false,false,false,,false,false,false,false,false,false,false,false,,Click,false,false,,false,List,,true,,false,,,,List,,,,,,Renewable,,false,,,,,,,
,,,,,95dab7b3-e5ef-45a6-af85-1ee7fb551313,false,,FRIDAY,,,Default,One per quote line,,,,Quantity,,false,,,,,,,,,,false,,,false,,,1.0,false,,,,false,false,false,false,,false,false,false,false,false,false,false,false,,Click,false,false,,false,List,,true,,false,,,,List,,,,,,Renewable,,false,,,,,,,
,,,,,95dab7b3-e5ef-45a6-af85-1ee7fb551313,false,,FRIDAY,,,Default,One per quote line,,,,Quantity,,false,,,,,,,,,,false,,,false,,,1.0,false,,,,false,false,false,false,,false,false,false,false,false,false,false,false,,Click,false,false,,false,List,,true,,false,,,,List,,,,,,Renewable,,false,,,,,,,
,,,,,95dab7b3-e5ef-45a6-af85-1ee7fb551313,false,,FRIDAY,,,Default,One per quote line,,,,Quantity,,false,,,,,,,,,,false,,,false,,,1.0,false,,,,false,false,false,false,,false,false,false,false,false,false,false,false,,Click,false,false,,false,List,,true,,false,,,,List,,,,,,Renewable,,false,,,,,,,
,,,,,95dab7b3-e5ef-45a6-af85-1ee7fb551313,false,,FRIDAY,,,Default,One per quote line,,,,Quantity,,false,,,,,,,,,,false,,,false,,,1.0,false,,,,false,false,false,false,,false,false,false,false,false,false,false,false,,Click,false,false,,false,List,,true,,false,,,,List,,,,,,Renewable,,false,,,,,,,
,,,,,95dab7b3-e5ef-45a6-af85-1ee7fb551313,false,,FRIDAY,,,Default,One per quote line,,,,Quantity,,false,,,,,,,,,,false,,,false,,,1.0,false,,,,false,false,false,false,,false,false,false,false,false,false,false,false,,Click,false,false,,false,List,,true,,false,,,,List,,,,,,Renewable,,false,,,,,,,
,,,,,95dab7b3-e5ef-45a6-af85-1ee7fb551313,false,,FRIDAY,,,Default,One per quote line,,,,Quantity,,false,,,,,,,,,,false,,,false,,,1.0,false,,,,false,false,false,false,,false,false,false,false,false,false,false,false,,Click,false,false,,false,List,,true,,false,,,,List,,,,,,Renewable,,false,,,,,,,
,,,,,95dab7b3-e5ef-45a6-af85-1ee7fb551313,false,,FRIDAY,,,Default,One per quote line,,,,Quantity,,false,,,,,,,,,,false,,,false,,,1.0,false,,,,false,false,false,false,,false,false,false,false,false,false,false,false,,Click,false,false,,false,List,,true,,false,,,,List,,,,,,Renewable,,false,,,,,,,
,,,,,95dab7b3-e5ef-45a6-af85-1ee7fb551313,false,,FRIDAY,,,Default,One per quote line,,,,Quantity,,false,,,,,,,,,,false,,,false,,,1.0,false,,,,false,false,false,false,,false,false,false,false,false,false,false,false,,Click,false,false,,false,List,,true,,false,,,,List,,,,,,Renewable,,false,,,,,,,
,,,,,95dab7b3-e5ef-45a6-af85-1ee7fb551313,false,,FRIDAY,,,Default,One per quote line,,,,Quantity,,false,,,,,,,,,,false,,,false,,,1.0,false,,,,false,false,false,false,,false,false,false,false,false,false,false,false,,Click,false,false,,false,List,,true,,false,,,,List,,,,,,Renewable,,false,,,,,,,
,,,,,95dab7b3-e5ef-45a6-af85-1ee7fb551313,false,,FRIDAY,,,Default,One per quote line,,,,Quantity,,false,,,,,,,,,,false,,,false,,,1.0,false,,,,false,false,false,false,,false,false,false,false,false,false,false,false,,Click,false,false,,false,List,,true,,false,,,,List,,,,,,Renewable,,false,,,,,,,
,,,,,95dab7b3-e5ef-45a6-af85-1ee7fb551313,false,,FRIDAY,,,Default,One per quote line,,,,Quantity,,false,,,,,,,,,,false,,,false,,,1.0,false,,,,false,false,false,false,,false,false,false,false,false,false,false,false,,Click,false,false,,false,List,,true,,false,,,,List,,,,,,Renewable,,false,,,,,,,
,,,,,95dab7b3-e5ef-45a6-af85-1ee7fb551313,false,,FRIDAY,,,Default,One per quote line,,,,Quantity,,false,,,,,,,,,,false,,,false,,,1.0,false,,,,false,false,false,false,,false,false,false,false,false,false,false,false,,Click,false,false,,false,List,,true,,false,,,,List,,,,,,Renewable,,false,,,,,,,
,,,,,95dab7b3-e5ef-45a6-af85-1ee7fb551313,false,,FRIDAY,,,Default,One per quote line,,,,Quantity,,false,,,,,,,,,,false,,,false,,,1.0,false,,,,false,false,false,false,,false,false,false,false,false,false,false,false,,Click,false,false,,false,List,,true,,false,,,,List,,,,,,Renewable,,false,,,,,,,
,,,,,95dab7b3-e5ef-45a6-af85-1ee7fb551313,false,,FRIDAY,,,Default,One per quote line,,,,Quantity,,false,,,,,,,,,,false,,,false,,,1.0,false,,,,false,false,false,false,,false,false,false,false,false,false,false,false,,Click,false,false,,false,List,,true,,false,,,,List,,,,,,Renewable,,false,,,,,,,
,,,,,95dab7b3-e5ef-45a6-af85-1ee7fb551313,false,,FRIDAY,,,Default,One per quote line,,,,Quantity,,false,,,,,,,,,,false,,,false,,,1.0,false,,,,false,false,false,false,,false,false,false,false,false,false,false,false,,Click,false,false,,false,List,,true,,false,,,,List,,,,,,Renewable,,false,,,,,,,
,,,,,95dab7b3-e5ef-45a6-af85-1ee7fb551313,false,,FRIDAY,,,Default,One per quote line,,,,Quantity,,false,,,,,,,,,,false,,,false,,,1.0,false,,,,false,false,false,false,,false,false,false,false,false,false,false,false,,Click,false,false,,false,List,,true,,false,,,,List,,,,,,Renewable,,false,,,,,,,
,,,,,95dab7b3-e5ef-45a6-af85-1ee7fb551313,false,,FRIDAY,,,Default,One per quote line,,,,Quantity,,false,,,,,,,,,,false,,,false,,,1.0,false,,,,false,false,false,false,,false,false,false,false,false,false,false,false,,Click,false,false,,false,List,,true,,false,,,,List,,,,,,Renewable,,false,,,,,,,
,,,,,95dab7b3-e5ef-45a6-af85-1ee7fb551313,false,,FRIDAY,,,Default,One per quote line,,,,Quantity,,false,,,,,,,,,,false,,,false,,,1.0,false,,,,false,false,false,false,,false,false,false,false,false,false,false,false,,Click,false,false,,false,List,,true,,false,,,,List,,,,,,Renewable,,false,,,,,,,
,,,,,95dab7b3-e5ef-45a6-af85-1ee7fb551313,false,,FRIDAY,,,Default,One per quote line,,,,Quantity,,false,,,,,,,,,,false,,,false,,,1.0,false,,,,false,false,false,false,,false,false,false,false,false,false,false,false,,Click,false,false,,false,List,,true,,false,,,,List,,,,,,Renewable,,false,,,,,,,
,,,,,95dab7b3-e5ef-45a6-af85-1ee7fb551313,false,,FRIDAY,,,Default,One per quote line,,,,Quantity,,false,,,,,,,,,,false,,,false,,,1.0,false,,,,false,false,false,false,,false,false,false,false,false,false,false,false,,Click,false,false,,false,List,,true,,false,,,,List,,,,,,Renewable,,false,,,,,,,
,,,,,95dab7b3-e5ef-45a6-af85-1ee7fb551313,false,,FRIDAY,,,Default,One per quote line,,,,Quantity,,false,,,,,,,,,,false,,,false,,,1.0,false,,,,false,false,false,false,,false,false,false,false,false,false,false,false,,Click,false,false,,false,List,,true,,false,,,,List,,,,,,Renewable,,false,,,,,,,
,,,,,95dab7b3-e5ef-45a6-af85-1ee7fb551313,false,,FRIDAY,,,Default,One per quote line,,,,Quantity,,false,,,,,,,,,,false,,,false,,,1.0,false,,,,false,false,false,false,,false,false,false,false,false,false,false,false,,Click,false,false,,false,List,,true,,false,,,,List,,,,,,Renewable,,false,,,,,,,
,,,,,95dab7b3-e5ef-45a6-af85-1ee7fb551313,false,,FRIDAY,,,Default,One per quote line,,,,Quantity,,false,,,,,,,,,,false,,,false,,,1.0,false,,,,false,false,false,false,,false,false,false,false,false,false,false,false,,Click,false,false,,false,List,,true,,false,,,,List,,,,,,Renewable,,false,,,,,,,
,,,,,95dab7b3-e5ef-45a6-af85-1ee7fb551313,false,,FRIDAY,,,Default,One per quote line,,,,Quantity,,false,,,,,,,,,,false,,,false,,,1.0,false,,,,false,false,false,false,,false,false,false,false,false,false,false,false,,Click,false,false,,false,List,,true,,false,,,,List,,,,,,Renewable,,false,,,,,,,
,,,,,95dab7b3-e5ef-45a6-af85-1ee7fb551313,false,,FRIDAY,,,Default,One per quote line,,,,Quantity,,false,,,,,,,,,,false,,,false,,,1.0,false,,,,false,false,false,false,,false,false,false,false,false,false,false,false,,Click,false,false,,false,List,,true,,false,,,,List,,,,,,Renewable,,false,,,,,,,
,,,,,95dab7b3-e5ef-45a6-af85-1ee7fb551313,false,,FRIDAY,,,Default,One per quote line,,,,Quantity,,false,,,,,,,,,,false,,,false,,,1.0,false,,,,false,false,false,false,,false,false,false,false,false,false,false,false,,Click,false,false,,false,List,,true,,false,,,,List,,,,,,Renewable,,false,,,,,,,
,,,,,95dab7b3-e5ef-45a6-af85-1ee7fb551313,false,,FRIDAY,,,Default,One per quote line,,,,Quantity,,false,,,,,,,,,,false,,,false,,,1.0,false,,,,false,false,false,false,,false,false,false,false,false,false,false,false,,Click,false,false,,false,List,,true,,false,,,,List,,,,,,Renewable,,false,,,,,,,
,,,,,95dab7b3-e5ef-45a6-af85-1ee7fb551313,false,,FRIDAY,,,Default,One per quote line,,,,Quantity,,false,,,,,,,,,,false,,,false,,,1.0,false,,,,false,false,false,false,,false,false,false,false,false,false,false,false,,Click,false,false,,false,List,,true,,false,,,,List,,,,,,Renewable,,false,,,,,,,
,,,,,95dab7b3-e5ef-45a6-af85-1ee7fb551313,false,,FRIDAY,,,Default,One per quote line,,,,Quantity,,false,,,,,,,,,,false,,,false,,,1.0,false,,,,false,false,false,false,,false,false,false,false,false,false,false,false,,Click,false,false,,false,List,,true,,false,,,,List,,,,,,Renewable,,false,,,,,,,
,,,,,95dab7b3-e5ef-45a6-af85-1ee7fb551313,false,,FRIDAY,,,Default,One per quote line,,,,Quantity,,false,,,,,,,,,,false,,,false,,,1.0,false,,,,false,false,false,false,,false,false,false,false,false,false,false,false,,Click,false,false,,false,List,,true,,false,,,,List,,,,,,Renewable,,false,,,,,,,
,,,,,95dab7b3-e5ef-45a6-af85-1ee7fb551313,false,,FRIDAY,,,Default,One per quote line,,,,Quantity,,false,,,,,,,,,,false,,,false,,,1.0,false,,,,false,false,false,false,,false,false,false,false,false,false,false,false,,Click,false,false,,false,List,,true,,false,,,,List,,,,,,Renewable,,false,,,,,,,
,,,,,95dab7b3-e5ef-45a6-af85-1ee7fb551313,false,,FRIDAY,,,Default,One per quote line,,,,Quantity,,false,,,,,,,,,,false,,,false,,,1.0,false,,,,false,false,false,false,,false,false,false,false,false,false,false,false,,Click,false,false,,false,List,,true,,false,,,,List,,,,,,Renewable,,false,,,,,,,
,,,,,95dab7b3-e5ef-45a6-af85-1ee7fb551313,false,,FRIDAY,,,Default,One per quote line,,,,Quantity,,false,,,,,,,,,,false,,,false,,,1.0,false,,,,false,false,false,false,,false,false,false,false,false,false,false,false,,Click,false,false,,false,List,,true,,false,,,,List,,,,,,Renewable,,false,,,,,,,
,,,,,95dab7b3-e5ef-45a6-af85-1ee7fb551313,false,,FRIDAY,,,Default,One per quote line,,,,Quantity,,false,,,,,,,,,,false,,,false,,,1.0,false,,,,false,false,false,false,,false,false,false,false,false,false,false,false,,Click,false,false,,false,List,,true,,false,,,,List,,,,,,Renewable,,false,,,,,,,
,,,,,95dab7b3-e5ef-45a6-af85-1ee7fb551313,false,,FRIDAY,,,Default,One per quote line,,,,Quantity,,false,,,,,,,,,,false,,,false,,,1.0,false,,,,false,false,false,false,,false,false,false,false,false,false,false,false,,Click,false,false,,false,List,,true,,false,,,,List,,,,,,Renewable,,false,,,,,,,
,,,,,95dab7b3-e5ef-45a6-af85-1ee7fb551313,false,,FRIDAY,,,Default,One per quote line,,,,Quantity,,false,,,,,,,,,,false,,,false,,,1.0,false,,,,false,false,false,false,,false,false,false,false,false,false,false,false,,Click,false,false,,false,List,,true,,false,,,,List,,,,,,Renewable,,false,,,,,,,
,,,,,78bdaf9e-31fe-4b1d-ad3b-e7a840fcd548,false,,testtttttttttttttttttttttttttttt,,,Default,One per quote line,,,,Quantity,,false,,,,,,,,,,false,,,false,,,1.0,false,,,,false,false,false,false,,false,false,false,false,false,false,false,false,,Click,false,false,,false,List,,true,,false,,,,List,,,,,,Renewable,,false,,,,,,,
,,,,,78bdaf9e-31fe-4b1d-ad3b-e7a840fcd548,false,,testtttttttttttttttttttttttttttt,,,Default,One per quote line,,,,Quantity,,false,,,,,,,,,,false,,,false,,,1.0,false,,,,false,false,false,false,,false,false,false,false,false,false,false,false,,Click,false,false,,false,List,,true,,false,,,,List,,,,,,Renewable,,false,,,,,,,
,,,,,78bdaf9e-31fe-4b1d-ad3b-e7a840fcd548,false,,testtttttttttttttttttttttttttttt,,,Default,One per quote line,,,,Quantity,,false,,,,,,,,,,false,,,false,,,1.0,false,,,,false,false,false,false,,false,false,false,false,false,false,false,false,,Click,false,false,,false,List,,true,,false,,,,List,,,,,,Renewable,,false,,,,,,,
,,,,,78bdaf9e-31fe-4b1d-ad3b-e7a840fcd548,false,,testtttttttttttttttttttttttttttt,,,Default,One per quote line,,,,Quantity,,false,,,,,,,,,,false,,,false,,,1.0,false,,,,false,false,false,false,,false,false,false,false,false,false,false,false,,Click,false,false,,false,List,,true,,false,,,,List,,,,,,Renewable,,false,,,,,,,
,,,,,78bdaf9e-31fe-4b1d-ad3b-e7a840fcd548,false,,testtttttttttttttttttttttttttttt,,,Default,One per quote line,,,,Quantity,,false,,,,,,,,,,false,,,false,,,1.0,false,,,,false,false,false,false,,false,false,false,false,false,false,false,false,,Click,false,false,,false,List,,true,,false,,,,List,,,,,,Renewable,,false,,,,,,,
,,,,,78bdaf9e-31fe-4b1d-ad3b-e7a840fcd548,false,,testtttttttttttttttttttttttttttt,,,Default,One per quote line,,,,Quantity,,false,,,,,,,,,,false,,,false,,,1.0,false,,,,false,false,false,false,,false,false,false,false,false,false,false,false,,Click,false,false,,false,List,,true,,false,,,,List,,,,,,Renewable,,false,,,,,,,
,,,,,78bdaf9e-31fe-4b1d-ad3b-e7a840fcd548,false,,testtttttttttttttttttttttttttttt,,,Default,One per quote line,,,,Quantity,,false,,,,,,,,,,false,,,false,,,1.0,false,,,,false,false,false,false,,false,false,false,false,false,false,false,false,,Click,false,false,,false,List,,true,,false,,,,List,,,,,,Renewable,,false,,,,,,,
,,,,,78bdaf9e-31fe-4b1d-ad3b-e7a840fcd548,false,,testtttttttttttttttttttttttttttt,,,Default,One per quote line,,,,Quantity,,false,,,,,,,,,,false,,,false,,,1.0,false,,,,false,false,false,false,,false,false,false,false,false,false,false,false,,Click,false,false,,false,List,,true,,false,,,,List,,,,,,Renewable,,false,,,,,,,
,,,,,78bdaf9e-31fe-4b1d-ad3b-e7a840fcd548,false,,testtttttttttttttttttttttttttttt,,,Default,One per quote line,,,,Quantity,,false,,,,,,,,,,false,,,false,,,1.0,false,,,,false,false,false,false,,false,false,false,false,false,false,false,false,,Click,false,false,,false,List,,true,,false,,,,List,,,,,,Renewable,,false,,,,,,,
,,,,,78bdaf9e-31fe-4b1d-ad3b-e7a840fcd548,false,,testtttttttttttttttttttttttttttt,,,Default,One per quote line,,,,Quantity,,false,,,,,,,,,,false,,,false,,,1.0,false,,,,false,false,false,false,,false,false,false,false,false,false,false,false,,Click,false,false,,false,List,,true,,false,,,,List,,,,,,Renewable,,false,,,,,,,
,,,,,78bdaf9e-31fe-4b1d-ad3b-e7a840fcd548,false,,testtttttttttttttttttttttttttttt,,,Default,One per quote line,,,,Quantity,,false,,,,,,,,,,false,,,false,,,1.0,false,,,,false,false,false,false,,false,false,false,false,false,false,false,false,,Click,false,false,,false,List,,true,,false,,,,List,,,,,,Renewable,,false,,,,,,,
,,,,,78bdaf9e-31fe-4b1d-ad3b-e7a840fcd548,false,,testtttttttttttttttttttttttttttt,,,Default,One per quote line,,,,Quantity,,false,,,,,,,,,,false,,,false,,,1.0,false,,,,false,false,false,false,,false,false,false,false,false,false,false,false,,Click,false,false,,false,List,,true,,false,,,,List,,,,,,Renewable,,false,,,,,,,
,,,,,78bdaf9e-31fe-4b1d-ad3b-e7a840fcd548,false,,testtttttttttttttttttttttttttttt,,,Default,One per quote line,,,,Quantity,,false,,,,,,,,,,false,,,false,,,1.0,false,,,,false,false,false,false,,false,false,false,false,false,false,false,false,,Click,false,false,,false,List,,true,,false,,,,List,,,,,,Renewable,,false,,,,,,,
,,,,,78bdaf9e-31fe-4b1d-ad3b-e7a840fcd548,false,,testtttttttttttttttttttttttttttt,,,Default,One per quote line,,,,Quantity,,false,,,,,,,,,,false,,,false,,,1.0,false,,,,false,false,false,false,,false,false,false,false,false,false,false,false,,Click,false,false,,false,List,,true,,false,,,,List,,,,,,Renewable,,false,,,,,,,
,,,,,78bdaf9e-31fe-4b1d-ad3b-e7a840fcd548,false,,testtttttttttttttttttttttttttttt,,,Default,One per quote line,,,,Quantity,,false,,,,,,,,,,false,,,false,,,1.0,false,,,,false,false,false,false,,false,false,false,false,false,false,false,false,,Click,false,false,,false,List,,true,,false,,,,List,,,,,,Renewable,,false,,,,,,,
,,,,,78bdaf9e-31fe-4b1d-ad3b-e7a840fcd548,false,,testtttttttttttttttttttttttttttt,,,Default,One per quote line,,,,Quantity,,false,,,,,,,,,,false,,,false,,,1.0,false,,,,false,false,false,false,,false,false,false,false,false,false,false,false,,Click,false,false,,false,List,,true,,false,,,,List,,,,,,Renewable,,false,,,,,,,
,,,,,78bdaf9e-31fe-4b1d-ad3b-e7a840fcd548,false,,testtttttttttttttttttttttttttttt,,,Default,One per quote line,,,,Quantity,,false,,,,,,,,,,false,,,false,,,1.0,false,,,,false,false,false,false,,false,false,false,false,false,false,false,false,,Click,false,false,,false,List,,true,,false,,,,List,,,,,,Renewable,,false,,,,,,,
,,,,,78bdaf9e-31fe-4b1d-ad3b-e7a840fcd548,false,,testtttttttttttttttttttttttttttt,,,Default,One per quote line,,,,Quantity,,false,,,,,,,,,,false,,,false,,,1.0,false,,,,false,false,false,false,,false,false,false,false,false,false,false,false,,Click,false,false,,false,List,,true,,false,,,,List,,,,,,Renewable,,false,,,,,,,
,,,,,78bdaf9e-31fe-4b1d-ad3b-e7a840fcd548,false,,testtttttttttttttttttttttttttttt,,,Default,One per quote line,,,,Quantity,,false,,,,,,,,,,false,,,false,,,1.0,false,,,,false,false,false,false,,false,false,false,false,false,false,false,false,,Click,false,false,,false,List,,true,,false,,,,List,,,,,,Renewable,,false,,,,,,,
,,,,,78bdaf9e-31fe-4b1d-ad3b-e7a840fcd548,false,,testtttttttttttttttttttttttttttt,,,Default,One per quote line,,,,Quantity,,false,,,,,,,,,,false,,,false,,,1.0,false,,,,false,false,false,false,,false,false,false,false,false,false,false,false,,Click,false,false,,false,List,,true,,false,,,,List,,,,,,Renewable,,false,,,,,,,
,,,,,78bdaf9e-31fe-4b1d-ad3b-e7a840fcd548,false,,testtttttttttttttttttttttttttttt,,,Default,One per quote line,,,,Quantity,,false,,,,,,,,,,false,,,false,,,1.0,false,,,,false,false,false,false,,false,false,false,false,false,false,false,false,,Click,false,false,,false,List,,true,,false,,,,List,,,,,,Renewable,,false,,,,,,,
,,,,,78bdaf9e-31fe-4b1d-ad3b-e7a840fcd548,false,,testtttttttttttttttttttttttttttt,,,Default,One per quote line,,,,Quantity,,false,,,,,,,,,,false,,,false,,,1.0,false,,,,false,false,false,false,,false,false,false,false,false,false,false,false,,Click,false,false,,false,List,,true,,false,,,,List,,,,,,Renewable,,false,,,,,,,
,,,,,78bdaf9e-31fe-4b1d-ad3b-e7a840fcd548,false,,testtttttttttttttttttttttttttttt,,,Default,One per quote line,,,,Quantity,,false,,,,,,,,,,false,,,false,,,1.0,false,,,,false,false,false,false,,false,false,false,false,false,false,false,false,,Click,false,false,,false,List,,true,,false,,,,List,,,,,,Renewable,,false,,,,,,,
,,,,,78bdaf9e-31fe-4b1d-ad3b-e7a840fcd548,false,,testtttttttttttttttttttttttttttt,,,Default,One per quote line,,,,Quantity,,false,,,,,,,,,,false,,,false,,,1.0,false,,,,false,false,false,false,,false,false,false,false,false,false,false,false,,Click,false,false,,false,List,,true,,false,,,,List,,,,,,Renewable,,false,,,,,,,
,,,,,78bdaf9e-31fe-4b1d-ad3b-e7a840fcd548,false,,testtttttttttttttttttttttttttttt,,,Default,One per quote line,,,,Quantity,,false,,,,,,,,,,false,,,false,,,1.0,false,,,,false,false,false,false,,false,false,false,false,false,false,false,false,,Click,false,false,,false,List,,true,,false,,,,List,,,,,,Renewable,,false,,,,,,,
,,,,,78bdaf9e-31fe-4b1d-ad3b-e7a840fcd548,false,,testtttttttttttttttttttttttttttt,,,Default,One per quote line,,,,Quantity,,false,,,,,,,,,,false,,,false,,,1.0,false,,,,false,false,false,false,,false,false,false,false,false,false,false,false,,Click,false,false,,false,List,,true,,false,,,,List,,,,,,Renewable,,false,,,,,,,
,,,,,78bdaf9e-31fe-4b1d-ad3b-e7a840fcd548,false,,testtttttttttttttttttttttttttttt,,,Default,One per quote line,,,,Quantity,,false,,,,,,,,,,false,,,false,,,1.0,false,,,,false,false,false,false,,false,false,false,false,false,false,false,false,,Click,false,false,,false,List,,true,,false,,,,List,,,,,,Renewable,,false,,,,,,,
,,,,,78bdaf9e-31fe-4b1d-ad3b-e7a840fcd548,false,,testtttttttttttttttttttttttttttt,,,Default,One per quote line,,,,Quantity,,false,,,,,,,,,,false,,,false,,,1.0,false,,,,false,false,false,false,,false,false,false,false,false,false,false,false,,Click,false,false,,false,List,,true,,false,,,,List,,,,,,Renewable,,false,,,,,,,
,,,,,78bdaf9e-31fe-4b1d-ad3b-e7a840fcd548,false,,testtttttttttttttttttttttttttttt,,,Default,One per quote line,,,,Quantity,,false,,,,,,,,,,false,,,false,,,1.0,false,,,,false,false,false,false,,false,false,false,false,false,false,false,false,,Click,false,false,,false,List,,true,,false,,,,List,,,,,,Renewable,,false,,,,,,,
,,,,,78bdaf9e-31fe-4b1d-ad3b-e7a840fcd548,false,,testtttttttttttttttttttttttttttt,,,Default,One per quote line,,,,Quantity,,false,,,,,,,,,,false,,,false,,,1.0,false,,,,false,false,false,false,,false,false,false,false,false,false,false,false,,Click,false,false,,false,List,,true,,false,,,,List,,,,,,Renewable,,false,,,,,,,
,,,,,78bdaf9e-31fe-4b1d-ad3b-e7a840fcd548,false,,testtttttttttttttttttttttttttttt,,,Default,One per quote line,,,,Quantity,,false,,,,,,,,,,false,,,false,,,1.0,false,,,,false,false,false,false,,false,false,false,false,false,false,false,false,,Click,false,false,,false,List,,true,,false,,,,List,,,,,,Renewable,,false,,,,,,,
,,,,,78bdaf9e-31fe-4b1d-ad3b-e7a840fcd548,false,,testtttttttttttttttttttttttttttt,,,Default,One per quote line,,,,Quantity,,false,,,,,,,,,,false,,,false,,,1.0,false,,,,false,false,false,false,,false,false,false,false,false,false,false,false,,Click,false,false,,false,List,,true,,false,,,,List,,,,,,Renewable,,false,,,,,,,
,,,,,78bdaf9e-31fe-4b1d-ad3b-e7a840fcd548,false,,testtttttttttttttttttttttttttttt,,,Default,One per quote line,,,,Quantity,,false,,,,,,,,,,false,,,false,,,1.0,false,,,,false,false,false,false,,false,false,false,false,false,false,false,false,,Click,false,false,,false,List,,true,,false,,,,List,,,,,,Renewable,,false,,,,,,,
,,,,,78bdaf9e-31fe-4b1d-ad3b-e7a840fcd548,false,,testtttttttttttttttttttttttttttt,,,Default,One per quote line,,,,Quantity,,false,,,,,,,,,,false,,,false,,,1.0,false,,,,false,false,false,false,,false,false,false,false,false,false,false,false,,Click,false,false,,false,List,,true,,false,,,,List,,,,,,Renewable,,false,,,,,,,
,,,,,78bdaf9e-31fe-4b1d-ad3b-e7a840fcd548,false,,testtttttttttttttttttttttttttttt,,,Default,One per quote line,,,,Quantity,,false,,,,,,,,,,false,,,false,,,1.0,false,,,,false,false,false,false,,false,false,false,false,false,false,false,false,,Click,false,false,,false,List,,true,,false,,,,List,,,,,,Renewable,,false,,,,,,,
,,,,,78bdaf9e-31fe-4b1d-ad3b-e7a840fcd548,false,,testtttttttttttttttttttttttttttt,,,Default,One per quote line,,,,Quantity,,false,,,,,,,,,,false,,,false,,,1.0,false,,,,false,false,false,false,,false,false,false,false,false,false,false,false,,Click,false,false,,false,List,,true,,false,,,,List,,,,,,Renewable,,false,,,,,,,
,,,,,78bdaf9e-31fe-4b1d-ad3b-e7a840fcd548,false,,testtttttttttttttttttttttttttttt,,,Default,One per quote line,,,,Quantity,,false,,,,,,,,,,false,,,false,,,1.0,false,,,,false,false,false,false,,false,false,false,false,false,false,false,false,,Click,false,false,,false,List,,true,,false,,,,List,,,,,,Renewable,,false,,,,,,,
,,,,,78bdaf9e-31fe-4b1d-ad3b-e7a840fcd548,false,,testtttttttttttttttttttttttttttt,,,Default,One per quote line,,,,Quantity,,false,,,,,,,,,,false,,,false,,,1.0,false,,,,false,false,false,false,,false,false,false,false,false,false,false,false,,Click,false,false,,false,List,,true,,false,,,,List,,,,,,Renewable,,false,,,,,,,
,,,,,78bdaf9e-31fe-4b1d-ad3b-e7a840fcd548,false,,testtttttttttttttttttttttttttttt,,,Default,One per quote line,,,,Quantity,,false,,,,,,,,,,false,,,false,,,1.0,false,,,,false,false,false,false,,false,false,false,false,false,false,false,false,,Click,false,false,,false,List,,true,,false,,,,List,,,,,,Renewable,,false,,,,,,,
,,,,,78bdaf9e-31fe-4b1d-ad3b-e7a840fcd548,false,,testtttttttttttttttttttttttttttt,,,Default,One per quote line,,,,Quantity,,false,,,,,,,,,,false,,,false,,,1.0,false,,,,false,false,false,false,,false,false,false,false,false,false,false,false,,Click,false,false,,false,List,,true,,false,,,,List,,,,,,Renewable,,false,,,,,,,
,,,,,78bdaf9e-31fe-4b1d-ad3b-e7a840fcd548,false,,testtttttttttttttttttttttttttttt,,,Default,One per quote line,,,,Quantity,,false,,,,,,,,,,false,,,false,,,1.0,false,,,,false,false,false,false,,false,false,false,false,false,false,false,false,,Click,false,false,,false,List,,true,,false,,,,List,,,,,,Renewable,,false,,,,,,,
,,,,,78bdaf9e-31fe-4b1d-ad3b-e7a840fcd548,false,,testtttttttttttttttttttttttttttt,,,Default,One per quote line,,,,Quantity,,false,,,,,,,,,,false,,,false,,,1.0,false,,,,false,false,false,false,,false,false,false,false,false,false,false,false,,Click,false,false,,false,List,,true,,false,,,,List,,,,,,Renewable,,false,,,,,,,
,,,,,78bdaf9e-31fe-4b1d-ad3b-e7a840fcd548,false,,testtttttttttttttttttttttttttttt,,,Default,One per quote line,,,,Quantity,,false,,,,,,,,,,false,,,false,,,1.0,false,,,,false,false,false,false,,false,false,false,false,false,false,false,false,,Click,false,false,,false,List,,true,,false,,,,List,,,,,,Renewable,,false,,,,,,,
,,,,,78bdaf9e-31fe-4b1d-ad3b-e7a840fcd548,false,,testtttttttttttttttttttttttttttt,,,Default,One per quote line,,,,Quantity,,false,,,,,,,,,,false,,,false,,,1.0,false,,,,false,false,false,false,,false,false,false,false,false,false,false,false,,Click,false,false,,false,List,,true,,false,,,,List,,,,,,Renewable,,false,,,,,,,
,,,,,78bdaf9e-31fe-4b1d-ad3b-e7a840fcd548,false,,testtttttttttttttttttttttttttttt,,,Default,One per quote line,,,,Quantity,,false,,,,,,,,,,false,,,false,,,1.0,false,,,,false,false,false,false,,false,false,false,false,false,false,false,false,,Click,false,false,,false,List,,true,,false,,,,List,,,,,,Renewable,,false,,,,,,,
,,,,,78bdaf9e-31fe-4b1d-ad3b-e7a840fcd548,false,,testtttttttttttttttttttttttttttt,,,Default,One per quote line,,,,Quantity,,false,,,,,,,,,,false,,,false,,,1.0,false,,,,false,false,false,false,,false,false,false,false,false,false,false,false,,Click,false,false,,false,List,,true,,false,,,,List,,,,,,Renewable,,false,,,,,,,
,,,,,78bdaf9e-31fe-4b1d-ad3b-e7a840fcd548,false,,testtttttttttttttttttttttttttttt,,,Default,One per quote line,,,,Quantity,,false,,,,,,,,,,false,,,false,,,1.0,false,,,,false,false,false,false,,false,false,false,false,false,false,false,false,,Click,false,false,,false,List,,true,,false,,,,List,,,,,,Renewable,,false,,,,,,,
,,,,,78bdaf9e-31fe-4b1d-ad3b-e7a840fcd548,false,,testtttttttttttttttttttttttttttt,,,Default,One per quote line,,,,Quantity,,false,,,,,,,,,,false,,,false,,,1.0,false,,,,false,false,false,false,,false,false,false,false,false,false,false,false,,Click,false,false,,false,List,,true,,false,,,,List,,,,,,Renewable,,false,,,,,,,
,,,,,78bdaf9e-31fe-4b1d-ad3b-e7a840fcd548,false,,testtttttttttttttttttttttttttttt,,,Default,One per quote line,,,,Quantity,,false,,,,,,,,,,false,,,false,,,1.0,false,,,,false,false,false,false,,false,false,false,false,false,false,false,false,,Click,false,false,,false,List,,true,,false,,,,List,,,,,,Renewable,,false,,,,,,,
,,,,,15d04c44-0dbe-45f2-b3a7-97d556a5016a,false,,AAAAAAAAAAAAAAAAAAAAAAAAAAA,,,Default,One per quote line,,,,Quantity,,false,,,,,,,,,,false,,,false,,,1.0,false,,,,false,false,false,false,,false,false,false,false,false,false,false,false,,Click,false,false,,false,List,,true,,false,,,,List,,,,,,Renewable,,false,,,,,,,
,,,,,15d04c44-0dbe-45f2-b3a7-97d556a5016a,false,,AAAAAAAAAAAAAAAAAAAAAAAAAAA,,,Default,One per quote line,,,,Quantity,,false,,,,,,,,,,false,,,false,,,1.0,false,,,,false,false,false,false,,false,false,false,false,false,false,false,false,,Click,false,false,,false,List,,true,,false,,,,List,,,,,,Renewable,,false,,,,,,,
,,,,,15d04c44-0dbe-45f2-b3a7-97d556a5016a,false,,AAAAAAAAAAAAAAAAAAAAAAAAAAA,,,Default,One per quote line,,,,Quantity,,false,,,,,,,,,,false,,,false,,,1.0,false,,,,false,false,false,false,,false,false,false,false,false,false,false,false,,Click,false,false,,false,List,,true,,false,,,,List,,,,,,Renewable,,false,,,,,,,
,,,,,15d04c44-0dbe-45f2-b3a7-97d556a5016a,false,,AAAAAAAAAAAAAAAAAAAAAAAAAAA,,,Default,One per quote line,,,,Quantity,,false,,,,,,,,,,false,,,false,,,1.0,false,,,,false,false,false,false,,false,false,false,false,false,false,false,false,,Click,false,false,,false,List,,true,,false,,,,List,,,,,,Renewable,,false,,,,,,,
,,,,,15d04c44-0dbe-45f2-b3a7-97d556a5016a,false,,AAAAAAAAAAAAAAAAAAAAAAAAAAA,,,Default,One per quote line,,,,Quantity,,false,,,,,,,,,,false,,,false,,,1.0,false,,,,false,false,false,false,,false,false,false,false,false,false,false,false,,Click,false,false,,false,List,,true,,false,,,,List,,,,,,Renewable,,false,,,,,,,
,,,,,15d04c44-0dbe-45f2-b3a7-97d556a5016a,false,,AAAAAAAAAAAAAAAAAAAAAAAAAAA,,,Default,One per quote line,,,,Quantity,,false,,,,,,,,,,false,,,false,,,1.0,false,,,,false,false,false,false,,false,false,false,false,false,false,false,false,,Click,false,false,,false,List,,true,,false,,,,List,,,,,,Renewable,,false,,,,,,,
,,,,,15d04c44-0dbe-45f2-b3a7-97d556a5016a,false,,AAAAAAAAAAAAAAAAAAAAAAAAAAA,,,Default,One per quote line,,,,Quantity,,false,,,,,,,,,,false,,,false,,,1.0,false,,,,false,false,false,false,,false,false,false,false,false,false,false,false,,Click,false,false,,false,List,,true,,false,,,,List,,,,,,Renewable,,false,,,,,,,
,,,,,15d04c44-0dbe-45f2-b3a7-97d556a5016a,false,,AAAAAAAAAAAAAAAAAAAAAAAAAAA,,,Default,One per quote line,,,,Quantity,,false,,,,,,,,,,false,,,false,,,1.0,false,,,,false,false,false,false,,false,false,false,false,false,false,false,false,,Click,false,false,,false,List,,true,,false,,,,List,,,,,,Renewable,,false,,,,,,,
,,,,,15d04c44-0dbe-45f2-b3a7-97d556a5016a,false,,AAAAAAAAAAAAAAAAAAAAAAAAAAA,,,Default,One per quote line,,,,Quantity,,false,,,,,,,,,,false,,,false,,,1.0,false,,,,false,false,false,false,,false,false,false,false,false,false,false,false,,Click,false,false,,false,List,,true,,false,,,,List,,,,,,Renewable,,false,,,,,,,
,,,,,15d04c44-0dbe-45f2-b3a7-97d556a5016a,false,,AAAAAAAAAAAAAAAAAAAAAAAAAAA,,,Default,One per quote line,,,,Quantity,,false,,,,,,,,,,false,,,false,,,1.0,false,,,,false,false,false,false,,false,false,false,false,false,false,false,false,,Click,false,false,,false,List,,true,,false,,,,List,,,,,,Renewable,,false,,,,,,,
,,,,,15d04c44-0dbe-45f2-b3a7-97d556a5016a,false,,AAAAAAAAAAAAAAAAAAAAAAAAAAA,,,Default,One per quote line,,,,Quantity,,false,,,,,,,,,,false,,,false,,,1.0,false,,,,false,false,false,false,,false,false,false,false,false,false,false,false,,Click,false,false,,false,List,,true,,false,,,,List,,,,,,Renewable,,false,,,,,,,
,,,,,15d04c44-0dbe-45f2-b3a7-97d556a5016a,false,,AAAAAAAAAAAAAAAAAAAAAAAAAAA,,,Default,One per quote line,,,,Quantity,,false,,,,,,,,,,false,,,false,,,1.0,false,,,,false,false,false,false,,false,false,false,false,false,false,false,false,,Click,false,false,,false,List,,true,,false,,,,List,,,,,,Renewable,,false,,,,,,,
,,,,,15d04c44-0dbe-45f2-b3a7-97d556a5016a,false,,AAAAAAAAAAAAAAAAAAAAAAAAAAA,,,Default,One per quote line,,,,Quantity,,false,,,,,,,,,,false,,,false,,,1.0,false,,,,false,false,false,false,,false,false,false,false,false,false,false,false,,Click,false,false,,false,List,,true,,false,,,,List,,,,,,Renewable,,false,,,,,,,
,,,,,15d04c44-0dbe-45f2-b3a7-97d556a5016a,false,,AAAAAAAAAAAAAAAAAAAAAAAAAAA,,,Default,One per quote line,,,,Quantity,,false,,,,,,,,,,false,,,false,,,1.0,false,,,,false,false,false,false,,false,false,false,false,false,false,false,false,,Click,false,false,,false,List,,true,,false,,,,List,,,,,,Renewable,,false,,,,,,,
,,,,,15d04c44-0dbe-45f2-b3a7-97d556a5016a,false,,AAAAAAAAAAAAAAAAAAAAAAAAAAA,,,Default,One per quote line,,,,Quantity,,false,,,,,,,,,,false,,,false,,,1.0,false,,,,false,false,false,false,,false,false,false,false,false,false,false,false,,Click,false,false,,false,List,,true,,false,,,,List,,,,,,Renewable,,false,,,,,,,
,,,,,15d04c44-0dbe-45f2-b3a7-97d556a5016a,false,,AAAAAAAAAAAAAAAAAAAAAAAAAAA,,,Default,One per quote line,,,,Quantity,,false,,,,,,,,,,false,,,false,,,1.0,false,,,,false,false,false,false,,false,false,false,false,false,false,false,false,,Click,false,false,,false,List,,true,,false,,,,List,,,,,,Renewable,,false,,,,,,,
,,,,,15d04c44-0dbe-45f2-b3a7-97d556a5016a,false,,AAAAAAAAAAAAAAAAAAAAAAAAAAA,,,Default,One per quote line,,,,Quantity,,false,,,,,,,,,,false,,,false,,,1.0,false,,,,false,false,false,false,,false,false,false,false,false,false,false,false,,Click,false,false,,false,List,,true,,false,,,,List,,,,,,Renewable,,false,,,,,,,
,,,,,15d04c44-0dbe-45f2-b3a7-97d556a5016a,false,,AAAAAAAAAAAAAAAAAAAAAAAAAAA,,,Default,One per quote line,,,,Quantity,,false,,,,,,,,,,false,,,false,,,1.0,false,,,,false,false,false,false,,false,false,false,false,false,false,false,false,,Click,false,false,,false,List,,true,,false,,,,List,,,,,,Renewable,,false,,,,,,,
,,,,,15d04c44-0dbe-45f2-b3a7-97d556a5016a,false,,AAAAAAAAAAAAAAAAAAAAAAAAAAA,,,Default,One per quote line,,,,Quantity,,false,,,,,,,,,,false,,,false,,,1.0,false,,,,false,false,false,false,,false,false,false,false,false,false,false,false,,Click,false,false,,false,List,,true,,false,,,,List,,,,,,Renewable,,false,,,,,,,
,,,,,15d04c44-0dbe-45f2-b3a7-97d556a5016a,false,,AAAAAAAAAAAAAAAAAAAAAAAAAAA,,,Default,One per quote line,,,,Quantity,,false,,,,,,,,,,false,,,false,,,1.0,false,,,,false,false,false,false,,false,false,false,false,false,false,false,false,,Click,false,false,,false,List,,true,,false,,,,List,,,,,,Renewable,,false,,,,,,,
,,,,,15d04c44-0dbe-45f2-b3a7-97d556a5016a,false,,AAAAAAAAAAAAAAAAAAAAAAAAAAA,,,Default,One per quote line,,,,Quantity,,false,,,,,,,,,,false,,,false,,,1.0,false,,,,false,false,false,false,,false,false,false,false,false,false,false,false,,Click,false,false,,false,List,,true,,false,,,,List,,,,,,Renewable,,false,,,,,,,
,,,,,15d04c44-0dbe-45f2-b3a7-97d556a5016a,false,,AAAAAAAAAAAAAAAAAAAAAAAAAAA,,,Default,One per quote line,,,,Quantity,,false,,,,,,,,,,false,,,false,,,1.0,false,,,,false,false,false,false,,false,false,false,false,false,false,false,false,,Click,false,false,,false,List,,true,,false,,,,List,,,,,,Renewable,,false,,,,,,,
,,,,,15d04c44-0dbe-45f2-b3a7-97d556a5016a,false,,AAAAAAAAAAAAAAAAAAAAAAAAAAA,,,Default,One per quote line,,,,Quantity,,false,,,,,,,,,,false,,,false,,,1.0,false,,,,false,false,false,false,,false,false,false,false,false,false,false,false,,Click,false,false,,false,List,,true,,false,,,,List,,,,,,Renewable,,false,,,,,,,
,,,,,15d04c44-0dbe-45f2-b3a7-97d556a5016a,false,,AAAAAAAAAAAAAAAAAAAAAAAAAAA,,,Default,One per quote line,,,,Quantity,,false,,,,,,,,,,false,,,false,,,1.0,false,,,,false,false,false,false,,false,false,false,false,false,false,false,false,,Click,false,false,,false,List,,true,,false,,,,List,,,,,,Renewable,,false,,,,,,,
,,,,,15d04c44-0dbe-45f2-b3a7-97d556a5016a,false,,AAAAAAAAAAAAAAAAAAAAAAAAAAA,,,Default,One per quote line,,,,Quantity,,false,,,,,,,,,,false,,,false,,,1.0,false,,,,false,false,false,false,,false,false,false,false,false,false,false,false,,Click,false,false,,false,List,,true,,false,,,,List,,,,,,Renewable,,false,,,,,,,
,,,,,15d04c44-0dbe-45f2-b3a7-97d556a5016a,false,,AAAAAAAAAAAAAAAAAAAAAAAAAAA,,,Default,One per quote line,,,,Quantity,,false,,,,,,,,,,false,,,false,,,1.0,false,,,,false,false,false,false,,false,false,false,false,false,false,false,false,,Click,false,false,,false,List,,true,,false,,,,List,,,,,,Renewable,,false,,,,,,,
,,,,,15d04c44-0dbe-45f2-b3a7-97d556a5016a,false,,AAAAAAAAAAAAAAAAAAAAAAAAAAA,,,Default,One per quote line,,,,Quantity,,false,,,,,,,,,,false,,,false,,,1.0,false,,,,false,false,false,false,,false,false,false,false,false,false,false,false,,Click,false,false,,false,List,,true,,false,,,,List,,,,,,Renewable,,false,,,,,,,
,,,,,15d04c44-0dbe-45f2-b3a7-97d556a5016a,false,,AAAAAAAAAAAAAAAAAAAAAAAAAAA,,,Default,One per quote line,,,,Quantity,,false,,,,,,,,,,false,,,false,,,1.0,false,,,,false,false,false,false,,false,false,false,false,false,false,false,false,,Click,false,false,,false,List,,true,,false,,,,List,,,,,,Renewable,,false,,,,,,,
,,,,,15d04c44-0dbe-45f2-b3a7-97d556a5016a,false,,AAAAAAAAAAAAAAAAAAAAAAAAAAA,,,Default,One per quote line,,,,Quantity,,false,,,,,,,,,,false,,,false,,,1.0,false,,,,false,false,false,false,,false,false,false,false,false,false,false,false,,Click,false,false,,false,List,,true,,false,,,,List,,,,,,Renewable,,false,,,,,,,
,,,,,15d04c44-0dbe-45f2-b3a7-97d556a5016a,false,,AAAAAAAAAAAAAAAAAAAAAAAAAAA,,,Default,One per quote line,,,,Quantity,,false,,,,,,,,,,false,,,false,,,1.0,false,,,,false,false,false,false,,false,false,false,false,false,false,false,false,,Click,false,false,,false,List,,true,,false,,,,List,,,,,,Renewable,,false,,,,,,,
,,,,,15d04c44-0dbe-45f2-b3a7-97d556a5016a,false,,AAAAAAAAAAAAAAAAAAAAAAAAAAA,,,Default,One per quote line,,,,Quantity,,false,,,,,,,,,,false,,,false,,,1.0,false,,,,false,false,false,false,,false,false,false,false,false,false,false,false,,Click,false,false,,false,List,,true,,false,,,,List,,,,,,Renewable,,false,,,,,,,
,,,,,15d04c44-0dbe-45f2-b3a7-97d556a5016a,false,,AAAAAAAAAAAAAAAAAAAAAAAAAAA,,,Default,One per quote line,,,,Quantity,,false,,,,,,,,,,false,,,false,,,1.0,false,,,,false,false,false,false,,false,false,false,false,false,false,false,false,,Click,false,false,,false,List,,true,,false,,,,List,,,,,,Renewable,,false,,,,,,,
,,,,,15d04c44-0dbe-45f2-b3a7-97d556a5016a,false,,AAAAAAAAAAAAAAAAAAAAAAAAAAA,,,Default,One per quote line,,,,Quantity,,false,,,,,,,,,,false,,,false,,,1.0,false,,,,false,false,false,false,,false,false,false,false,false,false,false,false,,Click,false,false,,false,List,,true,,false,,,,List,,,,,,Renewable,,false,,,,,,,
,,,,,15d04c44-0dbe-45f2-b3a7-97d556a5016a,false,,AAAAAAAAAAAAAAAAAAAAAAAAAAA,,,Default,One per quote line,,,,Quantity,,false,,,,,,,,,,false,,,false,,,1.0,false,,,,false,false,false,false,,false,false,false,false,false,false,false,false,,Click,false,false,,false,List,,true,,false,,,,List,,,,,,Renewable,,false,,,,,,,
,,,,,15d04c44-0dbe-45f2-b3a7-97d556a5016a,false,,AAAAAAAAAAAAAAAAAAAAAAAAAAA,,,Default,One per quote line,,,,Quantity,,false,,,,,,,,,,false,,,false,,,1.0,false,,,,false,false,false,false,,false,false,false,false,false,false,false,false,,Click,false,false,,false,List,,true,,false,,,,List,,,,,,Renewable,,false,,,,,,,
,,,,,15d04c44-0dbe-45f2-b3a7-97d556a5016a,false,,AAAAAAAAAAAAAAAAAAAAAAAAAAA,,,Default,One per quote line,,,,Quantity,,false,,,,,,,,,,false,,,false,,,1.0,false,,,,false,false,false,false,,false,false,false,false,false,false,false,false,,Click,false,false,,false,List,,true,,false,,,,List,,,,,,Renewable,,false,,,,,,,
,,,,,15d04c44-0dbe-45f2-b3a7-97d556a5016a,false,,AAAAAAAAAAAAAAAAAAAAAAAAAAA,,,Default,One per quote line,,,,Quantity,,false,,,,,,,,,,false,,,false,,,1.0,false,,,,false,false,false,false,,false,false,false,false,false,false,false,false,,Click,false,false,,false,List,,true,,false,,,,List,,,,,,Renewable,,false,,,,,,,
,,,,,15d04c44-0dbe-45f2-b3a7-97d556a5016a,false,,AAAAAAAAAAAAAAAAAAAAAAAAAAA,,,Default,One per quote line,,,,Quantity,,false,,,,,,,,,,false,,,false,,,1.0,false,,,,false,false,false,false,,false,false,false,false,false,false,false,false,,Click,false,false,,false,List,,true,,false,,,,List,,,,,,Renewable,,false,,,,,,,
,,,,,15d04c44-0dbe-45f2-b3a7-97d556a5016a,false,,AAAAAAAAAAAAAAAAAAAAAAAAAAA,,,Default,One per quote line,,,,Quantity,,false,,,,,,,,,,false,,,false,,,1.0,false,,,,false,false,false,false,,false,false,false,false,false,false,false,false,,Click,false,false,,false,List,,true,,false,,,,List,,,,,,Renewable,,false,,,,,,,
,,,,,15d04c44-0dbe-45f2-b3a7-97d556a5016a,false,,AAAAAAAAAAAAAAAAAAAAAAAAAAA,,,Default,One per quote line,,,,Quantity,,false,,,,,,,,,,false,,,false,,,1.0,false,,,,false,false,false,false,,false,false,false,false,false,false,false,false,,Click,false,false,,false,List,,true,,false,,,,List,,,,,,Renewable,,false,,,,,,,
,,,,,15d04c44-0dbe-45f2-b3a7-97d556a5016a,false,,AAAAAAAAAAAAAAAAAAAAAAAAAAA,,,Default,One per quote line,,,,Quantity,,false,,,,,,,,,,false,,,false,,,1.0,false,,,,false,false,false,false,,false,false,false,false,false,false,false,false,,Click,false,false,,false,List,,true,,false,,,,List,,,,,,Renewable,,false,,,,,,,
,,,,,15d04c44-0dbe-45f2-b3a7-97d556a5016a,false,,AAAAAAAAAAAAAAAAAAAAAAAAAAA,,,Default,One per quote line,,,,Quantity,,false,,,,,,,,,,false,,,false,,,1.0,false,,,,false,false,false,false,,false,false,false,false,false,false,false,false,,Click,false,false,,false,List,,true,,false,,,,List,,,,,,Renewable,,false,,,,,,,
,,,,,15d04c44-0dbe-45f2-b3a7-97d556a5016a,false,,AAAAAAAAAAAAAAAAAAAAAAAAAAA,,,Default,One per quote line,,,,Quantity,,false,,,,,,,,,,false,,,false,,,1.0,false,,,,false,false,false,false,,false,false,false,false,false,false,false,false,,Click,false,false,,false,List,,true,,false,,,,List,,,,,,Renewable,,false,,,,,,,
,,,,,15d04c44-0dbe-45f2-b3a7-97d556a5016a,false,,AAAAAAAAAAAAAAAAAAAAAAAAAAA,,,Default,One per quote line,,,,Quantity,,false,,,,,,,,,,false,,,false,,,1.0,false,,,,false,false,false,false,,false,false,false,false,false,false,false,false,,Click,false,false,,false,List,,true,,false,,,,List,,,,,,Renewable,,false,,,,,,,
,,,,,15d04c44-0dbe-45f2-b3a7-97d556a5016a,false,,AAAAAAAAAAAAAAAAAAAAAAAAAAA,,,Default,One per quote line,,,,Quantity,,false,,,,,,,,,,false,,,false,,,1.0,false,,,,false,false,false,false,,false,false,false,false,false,false,false,false,,Click,false,false,,false,List,,true,,false,,,,List,,,,,,Renewable,,false,,,,,,,
,,,,,15d04c44-0dbe-45f2-b3a7-97d556a5016a,false,,AAAAAAAAAAAAAAAAAAAAAAAAAAA,,,Default,One per quote line,,,,Quantity,,false,,,,,,,,,,false,,,false,,,1.0,false,,,,false,false,false,false,,false,false,false,false,false,false,false,false,,Click,false,false,,false,List,,true,,false,,,,List,,,,,,Renewable,,false,,,,,,,
,,,,,15d04c44-0dbe-45f2-b3a7-97d556a5016a,false,,AAAAAAAAAAAAAAAAAAAAAAAAAAA,,,Default,One per quote line,,,,Quantity,,false,,,,,,,,,,false,,,false,,,1.0,false,,,,false,false,false,false,,false,false,false,false,false,false,false,false,,Click,false,false,,false,List,,true,,false,,,,List,,,,,,Renewable,,false,,,,,,,
,,,,,15d04c44-0dbe-45f2-b3a7-97d556a5016a,false,,AAAAAAAAAAAAAAAAAAAAAAAAAAA,,,Default,One per quote line,,,,Quantity,,false,,,,,,,,,,false,,,false,,,1.0,false,,,,false,false,false,false,,false,false,false,false,false,false,false,false,,Click,false,false,,false,List,,true,,false,,,,List,,,,,,Renewable,,false,,,,,,,
,,,,,15d04c44-0dbe-45f2-b3a7-97d556a5016a,false,,AAAAAAAAAAAAAAAAAAAAAAAAAAA,,,Default,One per quote line,,,,Quantity,,false,,,,,,,,,,false,,,false,,,1.0,false,,,,false,false,false,false,,false,false,false,false,false,false,false,false,,Click,false,false,,false,List,,true,,false,,,,List,,,,,,Renewable,,false,,,,,,,
,,,,,3cc02cd8-fe70-4b87-8224-5d681054e5d3,false,,TEST,,,Default,One per quote line,,,,Quantity,,false,,,,,,,,,,false,,,false,,,1.0,false,,,,false,false,false,false,,false,false,false,false,false,false,false,false,,Click,false,false,,false,List,,true,,false,,,,List,,,,,,Renewable,,false,,,,,,,
,,,,,3cc02cd8-fe70-4b87-8224-5d681054e5d3,false,,TEST,,,Default,One per quote line,,,,Quantity,,false,,,,,,,,,,false,,,false,,,1.0,false,,,,false,false,false,false,,false,false,false,false,false,false,false,false,,Click,false,false,,false,List,,true,,false,,,,List,,,,,,Renewable,,false,,,,,,,
,,,,,3cc02cd8-fe70-4b87-8224-5d681054e5d3,false,,TEST,,,Default,One per quote line,,,,Quantity,,false,,,,,,,,,,false,,,false,,,1.0,false,,,,false,false,false,false,,false,false,false,false,false,false,false,false,,Click,false,false,,false,List,,true,,false,,,,List,,,,,,Renewable,,false,,,,,,,
,,,,,3cc02cd8-fe70-4b87-8224-5d681054e5d3,false,,TEST,,,Default,One per quote line,,,,Quantity,,false,,,,,,,,,,false,,,false,,,1.0,false,,,,false,false,false,false,,false,false,false,false,false,false,false,false,,Click,false,false,,false,List,,true,,false,,,,List,,,,,,Renewable,,false,,,,,,,
,,,,,3cc02cd8-fe70-4b87-8224-5d681054e5d3,false,,TEST,,,Default,One per quote line,,,,Quantity,,false,,,,,,,,,,false,,,false,,,1.0,false,,,,false,false,false,false,,false,false,false,false,false,false,false,false,,Click,false,false,,false,List,,true,,false,,,,List,,,,,,Renewable,,false,,,,,,,
,,,,,3cc02cd8-fe70-4b87-8224-5d681054e5d3,false,,TEST,,,Default,One per quote line,,,,Quantity,,false,,,,,,,,,,false,,,false,,,1.0,false,,,,false,false,false,false,,false,false,false,false,false,false,false,false,,Click,false,false,,false,List,,true,,false,,,,List,,,,,,Renewable,,false,,,,,,,
,,,,,3cc02cd8-fe70-4b87-8224-5d681054e5d3,false,,TEST,,,Default,One per quote line,,,,Quantity,,false,,,,,,,,,,false,,,false,,,1.0,false,,,,false,false,false,false,,false,false,false,false,false,false,false,false,,Click,false,false,,false,List,,true,,false,,,,List,,,,,,Renewable,,false,,,,,,,
,,,,,3cc02cd8-fe70-4b87-8224-5d681054e5d3,false,,TEST,,,Default,One per quote line,,,,Quantity,,false,,,,,,,,,,false,,,false,,,1.0,false,,,,false,false,false,false,,false,false,false,false,false,false,false,false,,Click,false,false,,false,List,,true,,false,,,,List,,,,,,Renewable,,false,,,,,,,
,,,,,3cc02cd8-fe70-4b87-8224-5d681054e5d3,false,,TEST,,,Default,One per quote line,,,,Quantity,,false,,,,,,,,,,false,,,false,,,1.0,false,,,,false,false,false,false,,false,false,false,false,false,false,false,false,,Click,false,false,,false,List,,true,,false,,,,List,,,,,,Renewable,,false,,,,,,,
,,,,,3cc02cd8-fe70-4b87-8224-5d681054e5d3,false,,TEST,,,Default,One per quote line,,,,Quantity,,false,,,,,,,,,,false,,,false,,,1.0,false,,,,false,false,false,false,,false,false,false,false,false,false,false,false,,Click,false,false,,false,List,,true,,false,,,,List,,,,,,Renewable,,false,,,,,,,
,,,,,3cc02cd8-fe70-4b87-8224-5d681054e5d3,false,,TEST,,,Default,One per quote line,,,,Quantity,,false,,,,,,,,,,false,,,false,,,1.0,false,,,,false,false,false,false,,false,false,false,false,false,false,false,false,,Click,false,false,,false,List,,true,,false,,,,List,,,,,,Renewable,,false,,,,,,,
,,,,,3cc02cd8-fe70-4b87-8224-5d681054e5d3,false,,TEST,,,Default,One per quote line,,,,Quantity,,false,,,,,,,,,,false,,,false,,,1.0,false,,,,false,false,false,false,,false,false,false,false,false,false,false,false,,Click,false,false,,false,List,,true,,false,,,,List,,,,,,Renewable,,false,,,,,,,
,,,,,3cc02cd8-fe70-4b87-8224-5d681054e5d3,false,,TEST,,,Default,One per quote line,,,,Quantity,,false,,,,,,,,,,false,,,false,,,1.0,false,,,,false,false,false,false,,false,false,false,false,false,false,false,false,,Click,false,false,,false,List,,true,,false,,,,List,,,,,,Renewable,,false,,,,,,,
,,,,,3cc02cd8-fe70-4b87-8224-5d681054e5d3,false,,TEST,,,Default,One per quote line,,,,Quantity,,false,,,,,,,,,,false,,,false,,,1.0,false,,,,false,false,false,false,,false,false,false,false,false,false,false,false,,Click,false,false,,false,List,,true,,false,,,,List,,,,,,Renewable,,false,,,,,,,
,,,,,3cc02cd8-fe70-4b87-8224-5d681054e5d3,false,,TEST,,,Default,One per quote line,,,,Quantity,,false,,,,,,,,,,false,,,false,,,1.0,false,,,,false,false,false,false,,false,false,false,false,false,false,false,false,,Click,false,false,,false,List,,true,,false,,,,List,,,,,,Renewable,,false,,,,,,,
,,,,,3cc02cd8-fe70-4b87-8224-5d681054e5d3,false,,TEST,,,Default,One per quote line,,,,Quantity,,false,,,,,,,,,,false,,,false,,,1.0,false,,,,false,false,false,false,,false,false,false,false,false,false,false,false,,Click,false,false,,false,List,,true,,false,,,,List,,,,,,Renewable,,false,,,,,,,
,,,,,3cc02cd8-fe70-4b87-8224-5d681054e5d3,false,,TEST,,,Default,One per quote line,,,,Quantity,,false,,,,,,,,,,false,,,false,,,1.0,false,,,,false,false,false,false,,false,false,false,false,false,false,false,false,,Click,false,false,,false,List,,true,,false,,,,List,,,,,,Renewable,,false,,,,,,,
,,,,,3cc02cd8-fe70-4b87-8224-5d681054e5d3,false,,TEST,,,Default,One per quote line,,,,Quantity,,false,,,,,,,,,,false,,,false,,,1.0,false,,,,false,false,false,false,,false,false,false,false,false,false,false,false,,Click,false,false,,false,List,,true,,false,,,,List,,,,,,Renewable,,false,,,,,,,
,,,,,3cc02cd8-fe70-4b87-8224-5d681054e5d3,false,,TEST,,,Default,One per quote line,,,,Quantity,,false,,,,,,,,,,false,,,false,,,1.0,false,,,,false,false,false,false,,false,false,false,false,false,false,false,false,,Click,false,false,,false,List,,true,,false,,,,List,,,,,,Renewable,,false,,,,,,,
,,,,,3cc02cd8-fe70-4b87-8224-5d681054e5d3,false,,TEST,,,Default,One per quote line,,,,Quantity,,false,,,,,,,,,,false,,,false,,,1.0,false,,,,false,false,false,false,,false,false,false,false,false,false,false,false,,Click,false,false,,false,List,,true,,false,,,,List,,,,,,Renewable,,false,,,,,,,
,,,,,3cc02cd8-fe70-4b87-8224-5d681054e5d3,false,,TEST,,,Default,One per quote line,,,,Quantity,,false,,,,,,,,,,false,,,false,,,1.0,false,,,,false,false,false,false,,false,false,false,false,false,false,false,false,,Click,false,false,,false,List,,true,,false,,,,List,,,,,,Renewable,,false,,,,,,,
,,,,,3cc02cd8-fe70-4b87-8224-5d681054e5d3,false,,TEST,,,Default,One per quote line,,,,Quantity,,false,,,,,,,,,,false,,,false,,,1.0,false,,,,false,false,false,false,,false,false,false,false,false,false,false,false,,Click,false,false,,false,List,,true,,false,,,,List,,,,,,Renewable,,false,,,,,,,
,,,,,3cc02cd8-fe70-4b87-8224-5d681054e5d3,false,,TEST,,,Default,One per quote line,,,,Quantity,,false,,,,,,,,,,false,,,false,,,1.0,false,,,,false,false,false,false,,false,false,false,false,false,false,false,false,,Click,false,false,,false,List,,true,,false,,,,List,,,,,,Renewable,,false,,,,,,,
,,,,,3cc02cd8-fe70-4b87-8224-5d681054e5d3,false,,TEST,,,Default,One per quote line,,,,Quantity,,false,,,,,,,,,,false,,,false,,,1.0,false,,,,false,false,false,false,,false,false,false,false,false,false,false,false,,Click,false,false,,false,List,,true,,false,,,,List,,,,,,Renewable,,false,,,,,,,
,,,,,3cc02cd8-fe70-4b87-8224-5d681054e5d3,false,,TEST,,,Default,One per quote line,,,,Quantity,,false,,,,,,,,,,false,,,false,,,1.0,false,,,,false,false,false,false,,false,false,false,false,false,false,false,false,,Click,false,false,,false,List,,true,,false,,,,List,,,,,,Renewable,,false,,,,,,,
,,,,,3cc02cd8-fe70-4b87-8224-5d681054e5d3,false,,TEST,,,Default,One per quote line,,,,Quantity,,false,,,,,,,,,,false,,,false,,,1.0,false,,,,false,false,false,false,,false,false,false,false,false,false,false,false,,Click,false,false,,false,List,,true,,false,,,,List,,,,,,Renewable,,false,,,,,,,
,,,,,3cc02cd8-fe70-4b87-8224-5d681054e5d3,false,,TEST,,,Default,One per quote line,,,,Quantity,,false,,,,,,,,,,false,,,false,,,1.0,false,,,,false,false,false,false,,false,false,false,false,false,false,false,false,,Click,false,false,,false,List,,true,,false,,,,List,,,,,,Renewable,,false,,,,,,,
,,,,,3cc02cd8-fe70-4b87-8224-5d681054e5d3,false,,TEST,,,Default,One per quote line,,,,Quantity,,false,,,,,,,,,,false,,,false,,,1.0,false,,,,false,false,false,false,,false,false,false,false,false,false,false,false,,Click,false,false,,false,List,,true,,false,,,,List,,,,,,Renewable,,false,,,,,,,
,,,,,3cc02cd8-fe70-4b87-8224-5d681054e5d3,false,,TEST,,,Default,One per quote line,,,,Quantity,,false,,,,,,,,,,false,,,false,,,1.0,false,,,,false,false,false,false,,false,false,false,false,false,false,false,false,,Click,false,false,,false,List,,true,,false,,,,List,,,,,,Renewable,,false,,,,,,,
,,,,,3cc02cd8-fe70-4b87-8224-5d681054e5d3,false,,TEST,,,Default,One per quote line,,,,Quantity,,false,,,,,,,,,,false,,,false,,,1.0,false,,,,false,false,false,false,,false,false,false,false,false,false,false,false,,Click,false,false,,false,List,,true,,false,,,,List,,,,,,Renewable,,false,,,,,,,
,,,,,3cc02cd8-fe70-4b87-8224-5d681054e5d3,false,,TEST,,,Default,One per quote line,,,,Quantity,,false,,,,,,,,,,false,,,false,,,1.0,false,,,,false,false,false,false,,false,false,false,false,false,false,false,false,,Click,false,false,,false,List,,true,,false,,,,List,,,,,,Renewable,,false,,,,,,,
,,,,,3cc02cd8-fe70-4b87-8224-5d681054e5d3,false,,TEST,,,Default,One per quote line,,,,Quantity,,false,,,,,,,,,,false,,,false,,,1.0,false,,,,false,false,false,false,,false,false,false,false,false,false,false,false,,Click,false,false,,false,List,,true,,false,,,,List,,,,,,Renewable,,false,,,,,,,
,,,,,3cc02cd8-fe70-4b87-8224-5d681054e5d3,false,,TEST,,,Default,One per quote line,,,,Quantity,,false,,,,,,,,,,false,,,false,,,1.0,false,,,,false,false,false,false,,false,false,false,false,false,false,false,false,,Click,false,false,,false,List,,true,,false,,,,List,,,,,,Renewable,,false,,,,,,,
,,,,,3cc02cd8-fe70-4b87-8224-5d681054e5d3,false,,TEST,,,Default,One per quote line,,,,Quantity,,false,,,,,,,,,,false,,,false,,,1.0,false,,,,false,false,false,false,,false,false,false,false,false,false,false,false,,Click,false,false,,false,List,,true,,false,,,,List,,,,,,Renewable,,false,,,,,,,
,,,,,3cc02cd8-fe70-4b87-8224-5d681054e5d3,false,,TEST,,,Default,One per quote line,,,,Quantity,,false,,,,,,,,,,false,,,false,,,1.0,false,,,,false,false,false,false,,false,false,false,false,false,false,false,false,,Click,false,false,,false,List,,true,,false,,,,List,,,,,,Renewable,,false,,,,,,,
,,,,,3cc02cd8-fe70-4b87-8224-5d681054e5d3,false,,TEST,,,Default,One per quote line,,,,Quantity,,false,,,,,,,,,,false,,,false,,,1.0,false,,,,false,false,false,false,,false,false,false,false,false,false,false,false,,Click,false,false,,false,List,,true,,false,,,,List,,,,,,Renewable,,false,,,,,,,
,,,,,3cc02cd8-fe70-4b87-8224-5d681054e5d3,false,,TEST,,,Default,One per quote line,,,,Quantity,,false,,,,,,,,,,false,,,false,,,1.0,false,,,,false,false,false,false,,false,false,false,false,false,false,false,false,,Click,false,false,,false,List,,true,,false,,,,List,,,,,,Renewable,,false,,,,,,,
,,,,,3cc02cd8-fe70-4b87-8224-5d681054e5d3,false,,TEST,,,Default,One per quote line,,,,Quantity,,false,,,,,,,,,,false,,,false,,,1.0,false,,,,false,false,false,false,,false,false,false,false,false,false,false,false,,Click,false,false,,false,List,,true,,false,,,,List,,,,,,Renewable,,false,,,,,,,
,,,,,3cc02cd8-fe70-4b87-8224-5d681054e5d3,false,,TEST,,,Default,One per quote line,,,,Quantity,,false,,,,,,,,,,false,,,false,,,1.0,false,,,,false,false,false,false,,false,false,false,false,false,false,false,false,,Click,false,false,,false,List,,true,,false,,,,List,,,,,,Renewable,,false,,,,,,,
,,,,,3cc02cd8-fe70-4b87-8224-5d681054e5d3,false,,TEST,,,Default,One per quote line,,,,Quantity,,false,,,,,,,,,,false,,,false,,,1.0,false,,,,false,false,false,false,,false,false,false,false,false,false,false,false,,Click,false,false,,false,List,,true,,false,,,,List,,,,,,Renewable,,false,,,,,,,
,,,,,3cc02cd8-fe70-4b87-8224-5d681054e5d3,false,,TEST,,,Default,One per quote line,,,,Quantity,,false,,,,,,,,,,false,,,false,,,1.0,false,,,,false,false,false,false,,false,false,false,false,false,false,false,false,,Click,false,false,,false,List,,true,,false,,,,List,,,,,,Renewable,,false,,,,,,,
,,,,,3cc02cd8-fe70-4b87-8224-5d681054e5d3,false,,TEST,,,Default,One per quote line,,,,Quantity,,false,,,,,,,,,,false,,,false,,,1.0,false,,,,false,false,false,false,,false,false,false,false,false,false,false,false,,Click,false,false,,false,List,,true,,false,,,,List,,,,,,Renewable,,false,,,,,,,
,,,,,3cc02cd8-fe70-4b87-8224-5d681054e5d3,false,,TEST,,,Default,One per quote line,,,,Quantity,,false,,,,,,,,,,false,,,false,,,1.0,false,,,,false,false,false,false,,false,false,false,false,false,false,false,false,,Click,false,false,,false,List,,true,,false,,,,List,,,,,,Renewable,,false,,,,,,,
,,,,,3cc02cd8-fe70-4b87-8224-5d681054e5d3,false,,TEST,,,Default,One per quote line,,,,Quantity,,false,,,,,,,,,,false,,,false,,,1.0,false,,,,false,false,false,false,,false,false,false,false,false,false,false,false,,Click,false,false,,false,List,,true,,false,,,,List,,,,,,Renewable,,false,,,,,,,
,,,,,3cc02cd8-fe70-4b87-8224-5d681054e5d3,false,,TEST,,,Default,One per quote line,,,,Quantity,,false,,,,,,,,,,false,,,false,,,1.0,false,,,,false,false,false,false,,false,false,false,false,false,false,false,false,,Click,false,false,,false,List,,true,,false,,,,List,,,,,,Renewable,,false,,,,,,,
,,,,,3cc02cd8-fe70-4b87-8224-5d681054e5d3,false,,TEST,,,Default,One per quote line,,,,Quantity,,false,,,,,,,,,,false,,,false,,,1.0,false,,,,false,false,false,false,,false,false,false,false,false,false,false,false,,Click,false,false,,false,List,,true,,false,,,,List,,,,,,Renewable,,false,,,,,,,
,,,,,3cc02cd8-fe70-4b87-8224-5d681054e5d3,false,,TEST,,,Default,One per quote line,,,,Quantity,,false,,,,,,,,,,false,,,false,,,1.0,false,,,,false,false,false,false,,false,false,false,false,false,false,false,false,,Click,false,false,,false,List,,true,,false,,,,List,,,,,,Renewable,,false,,,,,,,
,,,,,3cc02cd8-fe70-4b87-8224-5d681054e5d3,false,,TEST,,,Default,One per quote line,,,,Quantity,,false,,,,,,,,,,false,,,false,,,1.0,false,,,,false,false,false,false,,false,false,false,false,false,false,false,false,,Click,false,false,,false,List,,true,,false,,,,List,,,,,,Renewable,,false,,,,,,,
,,,,,3cc02cd8-fe70-4b87-8224-5d681054e5d3,false,,TEST,,,Default,One per quote line,,,,Quantity,,false,,,,,,,,,,false,,,false,,,1.0,false,,,,false,false,false,false,,false,false,false,false,false,false,false,false,,Click,false,false,,false,List,,true,,false,,,,List,,,,,,Renewable,,false,,,,,,,
,,,,,362c5e60-33ee-495c-9020-e596cba66587,false,,myProduct_EDIT,,,Default,One per quote line,,,,Quantity,,false,,,,,,,,,,false,,,false,,,1.0,false,,,,false,false,false,false,,false,false,false,false,false,false,false,false,,Click,false,false,,false,List,,true,,false,,,,List,,,,,,Renewable,,false,,,,,,,
,,,,,362c5e60-33ee-495c-9020-e596cba66587,false,,myProduct_EDIT,,,Default,One per quote line,,,,Quantity,,false,,,,,,,,,,false,,,false,,,1.0,false,,,,false,false,false,false,,false,false,false,false,false,false,false,false,,Click,false,false,,false,List,,true,,false,,,,List,,,,,,Renewable,,false,,,,,,,
,,,,,362c5e60-33ee-495c-9020-e596cba66587,false,,myProduct_EDIT,,,Default,One per quote line,,,,Quantity,,false,,,,,,,,,,false,,,false,,,1.0,false,,,,false,false,false,false,,false,false,false,false,false,false,false,false,,Click,false,false,,false,List,,true,,false,,,,List,,,,,,Renewable,,false,,,,,,,
,,,,,362c5e60-33ee-495c-9020-e596cba66587,false,,myProduct_EDIT,,,Default,One per quote line,,,,Quantity,,false,,,,,,,,,,false,,,false,,,1.0,false,,,,false,false,false,false,,false,false,false,false,false,false,false,false,,Click,false,false,,false,List,,true,,false,,,,List,,,,,,Renewable,,false,,,,,,,
,,,,,362c5e60-33ee-495c-9020-e596cba66587,false,,myProduct_EDIT,,,Default,One per quote line,,,,Quantity,,false,,,,,,,,,,false,,,false,,,1.0,false,,,,false,false,false,false,,false,false,false,false,false,false,false,false,,Click,false,false,,false,List,,true,,false,,,,List,,,,,,Renewable,,false,,,,,,,
,,,,,362c5e60-33ee-495c-9020-e596cba66587,false,,myProduct_EDIT,,,Default,One per quote line,,,,Quantity,,false,,,,,,,,,,false,,,false,,,1.0,false,,,,false,false,false,false,,false,false,false,false,false,false,false,false,,Click,false,false,,false,List,,true,,false,,,,List,,,,,,Renewable,,false,,,,,,,
,,,,,362c5e60-33ee-495c-9020-e596cba66587,false,,myProduct_EDIT,,,Default,One per quote line,,,,Quantity,,false,,,,,,,,,,false,,,false,,,1.0,false,,,,false,false,false,false,,false,false,false,false,false,false,false,false,,Click,false,false,,false,List,,true,,false,,,,List,,,,,,Renewable,,false,,,,,,,
,,,,,362c5e60-33ee-495c-9020-e596cba66587,false,,myProduct_EDIT,,,Default,One per quote line,,,,Quantity,,false,,,,,,,,,,false,,,false,,,1.0,false,,,,false,false,false,false,,false,false,false,false,false,false,false,false,,Click,false,false,,false,List,,true,,false,,,,List,,,,,,Renewable,,false,,,,,,,
,,,,,362c5e60-33ee-495c-9020-e596cba66587,false,,myProduct_EDIT,,,Default,One per quote line,,,,Quantity,,false,,,,,,,,,,false,,,false,,,1.0,false,,,,false,false,false,false,,false,false,false,false,false,false,false,false,,Click,false,false,,false,List,,true,,false,,,,List,,,,,,Renewable,,false,,,,,,,
,,,,,362c5e60-33ee-495c-9020-e596cba66587,false,,myProduct_EDIT,,,Default,One per quote line,,,,Quantity,,false,,,,,,,,,,false,,,false,,,1.0,false,,,,false,false,false,false,,false,false,false,false,false,false,false,false,,Click,false,false,,false,List,,true,,false,,,,List,,,,,,Renewable,,false,,,,,,,
,,,,,362c5e60-33ee-495c-9020-e596cba66587,false,,myProduct_EDIT,,,Default,One per quote line,,,,Quantity,,false,,,,,,,,,,false,,,false,,,1.0,false,,,,false,false,false,false,,false,false,false,false,false,false,false,false,,Click,false,false,,false,List,,true,,false,,,,List,,,,,,Renewable,,false,,,,,,,
,,,,,362c5e60-33ee-495c-9020-e596cba66587,false,,myProduct_EDIT,,,Default,One per quote line,,,,Quantity,,false,,,,,,,,,,false,,,false,,,1.0,false,,,,false,false,false,false,,false,false,false,false,false,false,false,false,,Click,false,false,,false,List,,true,,false,,,,List,,,,,,Renewable,,false,,,,,,,
,,,,,362c5e60-33ee-495c-9020-e596cba66587,false,,myProduct_EDIT,,,Default,One per quote line,,,,Quantity,,false,,,,,,,,,,false,,,false,,,1.0,false,,,,false,false,false,false,,false,false,false,false,false,false,false,false,,Click,false,false,,false,List,,true,,false,,,,List,,,,,,Renewable,,false,,,,,,,
,,,,,362c5e60-33ee-495c-9020-e596cba66587,false,,myProduct_EDIT,,,Default,One per quote line,,,,Quantity,,false,,,,,,,,,,false,,,false,,,1.0,false,,,,false,false,false,false,,false,false,false,false,false,false,false,false,,Click,false,false,,false,List,,true,,false,,,,List,,,,,,Renewable,,false,,,,,,,
,,,,,362c5e60-33ee-495c-9020-e596cba66587,false,,myProduct_EDIT,,,Default,One per quote line,,,,Quantity,,false,,,,,,,,,,false,,,false,,,1.0,false,,,,false,false,false,false,,false,false,false,false,false,false,false,false,,Click,false,false,,false,List,,true,,false,,,,List,,,,,,Renewable,,false,,,,,,,
,,,,,362c5e60-33ee-495c-9020-e596cba66587,false,,myProduct_EDIT,,,Default,One per quote line,,,,Quantity,,false,,,,,,,,,,false,,,false,,,1.0,false,,,,false,false,false,false,,false,false,false,false,false,false,false,false,,Click,false,false,,false,List,,true,,false,,,,List,,,,,,Renewable,,false,,,,,,,
,,,,,362c5e60-33ee-495c-9020-e596cba66587,false,,myProduct_EDIT,,,Default,One per quote line,,,,Quantity,,false,,,,,,,,,,false,,,false,,,1.0,false,,,,false,false,false,false,,false,false,false,false,false,false,false,false,,Click,false,false,,false,List,,true,,false,,,,List,,,,,,Renewable,,false,,,,,,,
,,,,,362c5e60-33ee-495c-9020-e596cba66587,false,,myProduct_EDIT,,,Default,One per quote line,,,,Quantity,,false,,,,,,,,,,false,,,false,,,1.0,false,,,,false,false,false,false,,false,false,false,false,false,false,false,false,,Click,false,false,,false,List,,true,,false,,,,List,,,,,,Renewable,,false,,,,,,,
,,,,,362c5e60-33ee-495c-9020-e596cba66587,false,,myProduct_EDIT,,,Default,One per quote line,,,,Quantity,,false,,,,,,,,,,false,,,false,,,1.0,false,,,,false,false,false,false,,false,false,false,false,false,false,false,false,,Click,false,false,,false,List,,true,,false,,,,List,,,,,,Renewable,,false,,,,,,,
,,,,,362c5e60-33ee-495c-9020-e596cba66587,false,,myProduct_EDIT,,,Default,One per quote line,,,,Quantity,,false,,,,,,,,,,false,,,false,,,1.0,false,,,,false,false,false,false,,false,false,false,false,false,false,false,false,,Click,false,false,,false,List,,true,,false,,,,List,,,,,,Renewable,,false,,,,,,,
,,,,,362c5e60-33ee-495c-9020-e596cba66587,false,,myProduct_EDIT,,,Default,One per quote line,,,,Quantity,,false,,,,,,,,,,false,,,false,,,1.0,false,,,,false,false,false,false,,false,false,false,false,false,false,false,false,,Click,false,false,,false,List,,true,,false,,,,List,,,,,,Renewable,,false,,,,,,,
,,,,,362c5e60-33ee-495c-9020-e596cba66587,false,,myProduct_EDIT,,,Default,One per quote line,,,,Quantity,,false,,,,,,,,,,false,,,false,,,1.0,false,,,,false,false,false,false,,false,false,false,false,false,false,false,false,,Click,false,false,,false,List,,true,,false,,,,List,,,,,,Renewable,,false,,,,,,,
,,,,,362c5e60-33ee-495c-9020-e596cba66587,false,,myProduct_EDIT,,,Default,One per quote line,,,,Quantity,,false,,,,,,,,,,false,,,false,,,1.0,false,,,,false,false,false,false,,false,false,false,false,false,false,false,false,,Click,false,false,,false,List,,true,,false,,,,List,,,,,,Renewable,,false,,,,,,,
,,,,,362c5e60-33ee-495c-9020-e596cba66587,false,,myProduct_EDIT,,,Default,One per quote line,,,,Quantity,,false,,,,,,,,,,false,,,false,,,1.0,false,,,,false,false,false,false,,false,false,false,false,false,false,false,false,,Click,false,false,,false,List,,true,,false,,,,List,,,,,,Renewable,,false,,,,,,,
,,,,,362c5e60-33ee-495c-9020-e596cba66587,false,,myProduct_EDIT,,,Default,One per quote line,,,,Quantity,,false,,,,,,,,,,false,,,false,,,1.0,false,,,,false,false,false,false,,false,false,false,false,false,false,false,false,,Click,false,false,,false,List,,true,,false,,,,List,,,,,,Renewable,,false,,,,,,,
,,,,,362c5e60-33ee-495c-9020-e596cba66587,false,,myProduct_EDIT,,,Default,One per quote line,,,,Quantity,,false,,,,,,,,,,false,,,false,,,1.0,false,,,,false,false,false,false,,false,false,false,false,false,false,false,false,,Click,false,false,,false,List,,true,,false,,,,List,,,,,,Renewable,,false,,,,,,,
,,,,,362c5e60-33ee-495c-9020-e596cba66587,false,,myProduct_EDIT,,,Default,One per quote line,,,,Quantity,,false,,,,,,,,,,false,,,false,,,1.0,false,,,,false,false,false,false,,false,false,false,false,false,false,false,false,,Click,false,false,,false,List,,true,,false,,,,List,,,,,,Renewable,,false,,,,,,,
,,,,,362c5e60-33ee-495c-9020-e596cba66587,false,,myProduct_EDIT,,,Default,One per quote line,,,,Quantity,,false,,,,,,,,,,false,,,false,,,1.0,false,,,,false,false,false,false,,false,false,false,false,false,false,false,false,,Click,false,false,,false,List,,true,,false,,,,List,,,,,,Renewable,,false,,,,,,,
,,,,,362c5e60-33ee-495c-9020-e596cba66587,false,,myProduct_EDIT,,,Default,One per quote line,,,,Quantity,,false,,,,,,,,,,false,,,false,,,1.0,false,,,,false,false,false,false,,false,false,false,false,false,false,false,false,,Click,false,false,,false,List,,true,,false,,,,List,,,,,,Renewable,,false,,,,,,,
,,,,,362c5e60-33ee-495c-9020-e596cba66587,false,,myProduct_EDIT,,,Default,One per quote line,,,,Quantity,,false,,,,,,,,,,false,,,false,,,1.0,false,,,,false,false,false,false,,false,false,false,false,false,false,false,false,,Click,false,false,,false,List,,true,,false,,,,List,,,,,,Renewable,,false,,,,,,,
,,,,,362c5e60-33ee-495c-9020-e596cba66587,false,,myProduct_EDIT,,,Default,One per quote line,,,,Quantity,,false,,,,,,,,,,false,,,false,,,1.0,false,,,,false,false,false,false,,false,false,false,false,false,false,false,false,,Click,false,false,,false,List,,true,,false,,,,List,,,,,,Renewable,,false,,,,,,,
,,,,,362c5e60-33ee-495c-9020-e596cba66587,false,,myProduct_EDIT,,,Default,One per quote line,,,,Quantity,,false,,,,,,,,,,false,,,false,,,1.0,false,,,,false,false,false,false,,false,false,false,false,false,false,false,false,,Click,false,false,,false,List,,true,,false,,,,List,,,,,,Renewable,,false,,,,,,,
,,,,,362c5e60-33ee-495c-9020-e596cba66587,false,,myProduct_EDIT,,,Default,One per quote line,,,,Quantity,,false,,,,,,,,,,false,,,false,,,1.0,false,,,,false,false,false,false,,false,false,false,false,false,false,false,false,,Click,false,false,,false,List,,true,,false,,,,List,,,,,,Renewable,,false,,,,,,,
,,,,,362c5e60-33ee-495c-9020-e596cba66587,false,,myProduct_EDIT,,,Default,One per quote line,,,,Quantity,,false,,,,,,,,,,false,,,false,,,1.0,false,,,,false,false,false,false,,false,false,false,false,false,false,false,false,,Click,false,false,,false,List,,true,,false,,,,List,,,,,,Renewable,,false,,,,,,,
,,,,,362c5e60-33ee-495c-9020-e596cba66587,false,,myProduct_EDIT,,,Default,One per quote line,,,,Quantity,,false,,,,,,,,,,false,,,false,,,1.0,false,,,,false,false,false,false,,false,false,false,false,false,false,false,false,,Click,false,false,,false,List,,true,,false,,,,List,,,,,,Renewable,,false,,,,,,,
,,,,,362c5e60-33ee-495c-9020-e596cba66587,false,,myProduct_EDIT,,,Default,One per quote line,,,,Quantity,,false,,,,,,,,,,false,,,false,,,1.0,false,,,,false,false,false,false,,false,false,false,false,false,false,false,false,,Click,false,false,,false,List,,true,,false,,,,List,,,,,,Renewable,,false,,,,,,,
,,,,,362c5e60-33ee-495c-9020-e596cba66587,false,,myProduct_EDIT,,,Default,One per quote line,,,,Quantity,,false,,,,,,,,,,false,,,false,,,1.0,false,,,,false,false,false,false,,false,false,false,false,false,false,false,false,,Click,false,false,,false,List,,true,,false,,,,List,,,,,,Renewable,,false,,,,,,,
,,,,,362c5e60-33ee-495c-9020-e596cba66587,false,,myProduct_EDIT,,,Default,One per quote line,,,,Quantity,,false,,,,,,,,,,false,,,false,,,1.0,false,,,,false,false,false,false,,false,false,false,false,false,false,false,false,,Click,false,false,,false,List,,true,,false,,,,List,,,,,,Renewable,,false,,,,,,,
,,,,,362c5e60-33ee-495c-9020-e596cba66587,false,,myProduct_EDIT,,,Default,One per quote line,,,,Quantity,,false,,,,,,,,,,false,,,false,,,1.0,false,,,,false,false,false,false,,false,false,false,false,false,false,false,false,,Click,false,false,,false,List,,true,,false,,,,List,,,,,,Renewable,,false,,,,,,,
,,,,,362c5e60-33ee-495c-9020-e596cba66587,false,,myProduct_EDIT,,,Default,One per quote line,,,,Quantity,,false,,,,,,,,,,false,,,false,,,1.0,false,,,,false,false,false,false,,false,false,false,false,false,false,false,false,,Click,false,false,,false,List,,true,,false,,,,List,,,,,,Renewable,,false,,,,,,,
,,,,,362c5e60-33ee-495c-9020-e596cba66587,false,,myProduct_EDIT,,,Default,One per quote line,,,,Quantity,,false,,,,,,,,,,false,,,false,,,1.0,false,,,,false,false,false,false,,false,false,false,false,false,false,false,false,,Click,false,false,,false,List,,true,,false,,,,List,,,,,,Renewable,,false,,,,,,,
,,,,,362c5e60-33ee-495c-9020-e596cba66587,false,,myProduct_EDIT,,,Default,One per quote line,,,,Quantity,,false,,,,,,,,,,false,,,false,,,1.0,false,,,,false,false,false,false,,false,false,false,false,false,false,false,false,,Click,false,false,,false,List,,true,,false,,,,List,,,,,,Renewable,,false,,,,,,,
,,,,,362c5e60-33ee-495c-9020-e596cba66587,false,,myProduct_EDIT,,,Default,One per quote line,,,,Quantity,,false,,,,,,,,,,false,,,false,,,1.0,false,,,,false,false,false,false,,false,false,false,false,false,false,false,false,,Click,false,false,,false,List,,true,,false,,,,List,,,,,,Renewable,,false,,,,,,,
,,,,,362c5e60-33ee-495c-9020-e596cba66587,false,,myProduct_EDIT,,,Default,One per quote line,,,,Quantity,,false,,,,,,,,,,false,,,false,,,1.0,false,,,,false,false,false,false,,false,false,false,false,false,false,false,false,,Click,false,false,,false,List,,true,,false,,,,List,,,,,,Renewable,,false,,,,,,,
,,,,,362c5e60-33ee-495c-9020-e596cba66587,false,,myProduct_EDIT,,,Default,One per quote line,,,,Quantity,,false,,,,,,,,,,false,,,false,,,1.0,false,,,,false,false,false,false,,false,false,false,false,false,false,false,false,,Click,false,false,,false,List,,true,,false,,,,List,,,,,,Renewable,,false,,,,,,,
,,,,,362c5e60-33ee-495c-9020-e596cba66587,false,,myProduct_EDIT,,,Default,One per quote line,,,,Quantity,,false,,,,,,,,,,false,,,false,,,1.0,false,,,,false,false,false,false,,false,false,false,false,false,false,false,false,,Click,false,false,,false,List,,true,,false,,,,List,,,,,,Renewable,,false,,,,,,,
,,,,,362c5e60-33ee-495c-9020-e596cba66587,false,,myProduct_EDIT,,,Default,One per quote line,,,,Quantity,,false,,,,,,,,,,false,,,false,,,1.0,false,,,,false,false,false,false,,false,false,false,false,false,false,false,false,,Click,false,false,,false,List,,true,,false,,,,List,,,,,,Renewable,,false,,,,,,,
,,,,,362c5e60-33ee-495c-9020-e596cba66587,false,,myProduct_EDIT,,,Default,One per quote line,,,,Quantity,,false,,,,,,,,,,false,,,false,,,1.0,false,,,,false,false,false,false,,false,false,false,false,false,false,false,false,,Click,false,false,,false,List,,true,,false,,,,List,,,,,,Renewable,,false,,,,,,,
,,,,,362c5e60-33ee-495c-9020-e596cba66587,false,,myProduct_EDIT,,,Default,One per quote line,,,,Quantity,,false,,,,,,,,,,false,,,false,,,1.0,false,,,,false,false,false,false,,false,false,false,false,false,false,false,false,,Click,false,false,,false,List,,true,,false,,,,List,,,,,,Renewable,,false,,,,,,,
,,,,,bd238825-0cf1-45a3-8b80-0d2cb0791b56,false,,NEW RECORD,,,Default,One per quote line,,,,Quantity,,false,,,,,,,,,,false,,,false,,,1.0,false,,,,false,false,false,false,,false,false,false,false,false,false,false,false,,Click,false,false,,false,List,,true,,false,,,,List,,,,,,Renewable,,false,,,,,,,
,,,,,bd238825-0cf1-45a3-8b80-0d2cb0791b56,false,,NEW RECORD,,,Default,One per quote line,,,,Quantity,,false,,,,,,,,,,false,,,false,,,1.0,false,,,,false,false,false,false,,false,false,false,false,false,false,false,false,,Click,false,false,,false,List,,true,,false,,,,List,,,,,,Renewable,,false,,,,,,,
,,,,,bd238825-0cf1-45a3-8b80-0d2cb0791b56,false,,NEW RECORD,,,Default,One per quote line,,,,Quantity,,false,,,,,,,,,,false,,,false,,,1.0,false,,,,false,false,false,false,,false,false,false,false,false,false,false,false,,Click,false,false,,false,List,,true,,false,,,,List,,,,,,Renewable,,false,,,,,,,
,,,,,bd238825-0cf1-45a3-8b80-0d2cb0791b56,false,,NEW RECORD,,,Default,One per quote line,,,,Quantity,,false,,,,,,,,,,false,,,false,,,1.0,false,,,,false,false,false,false,,false,false,false,false,false,false,false,false,,Click,false,false,,false,List,,true,,false,,,,List,,,,,,Renewable,,false,,,,,,,
,,,,,bd238825-0cf1-45a3-8b80-0d2cb0791b56,false,,NEW RECORD,,,Default,One per quote line,,,,Quantity,,false,,,,,,,,,,false,,,false,,,1.0,false,,,,false,false,false,false,,false,false,false,false,false,false,false,false,,Click,false,false,,false,List,,true,,false,,,,List,,,,,,Renewable,,false,,,,,,,
,,,,,bd238825-0cf1-45a3-8b80-0d2cb0791b56,false,,NEW RECORD,,,Default,One per quote line,,,,Quantity,,false,,,,,,,,,,false,,,false,,,1.0,false,,,,false,false,false,false,,false,false,false,false,false,false,false,false,,Click,false,false,,false,List,,true,,false,,,,List,,,,,,Renewable,,false,,,,,,,
,,,,,bd238825-0cf1-45a3-8b80-0d2cb0791b56,false,,NEW RECORD,,,Default,One per quote line,,,,Quantity,,false,,,,,,,,,,false,,,false,,,1.0,false,,,,false,false,false,false,,false,false,false,false,false,false,false,false,,Click,false,false,,false,List,,true,,false,,,,List,,,,,,Renewable,,false,,,,,,,
,,,,,bd238825-0cf1-45a3-8b80-0d2cb0791b56,false,,NEW RECORD,,,Default,One per quote line,,,,Quantity,,false,,,,,,,,,,false,,,false,,,1.0,false,,,,false,false,false,false,,false,false,false,false,false,false,false,false,,Click,false,false,,false,List,,true,,false,,,,List,,,,,,Renewable,,false,,,,,,,
,,,,,bd238825-0cf1-45a3-8b80-0d2cb0791b56,false,,NEW RECORD,,,Default,One per quote line,,,,Quantity,,false,,,,,,,,,,false,,,false,,,1.0,false,,,,false,false,false,false,,false,false,false,false,false,false,false,false,,Click,false,false,,false,List,,true,,false,,,,List,,,,,,Renewable,,false,,,,,,,
,,,,,bd238825-0cf1-45a3-8b80-0d2cb0791b56,false,,NEW RECORD,,,Default,One per quote line,,,,Quantity,,false,,,,,,,,,,false,,,false,,,1.0,false,,,,false,false,false,false,,false,false,false,false,false,false,false,false,,Click,false,false,,false,List,,true,,false,,,,List,,,,,,Renewable,,false,,,,,,,
,,,,,bd238825-0cf1-45a3-8b80-0d2cb0791b56,false,,NEW RECORD,,,Default,One per quote line,,,,Quantity,,false,,,,,,,,,,false,,,false,,,1.0,false,,,,false,false,false,false,,false,false,false,false,false,false,false,false,,Click,false,false,,false,List,,true,,false,,,,List,,,,,,Renewable,,false,,,,,,,
,,,,,bd238825-0cf1-45a3-8b80-0d2cb0791b56,false,,NEW RECORD,,,Default,One per quote line,,,,Quantity,,false,,,,,,,,,,false,,,false,,,1.0,false,,,,false,false,false,false,,false,false,false,false,false,false,false,false,,Click,false,false,,false,List,,true,,false,,,,List,,,,,,Renewable,,false,,,,,,,
,,,,,bd238825-0cf1-45a3-8b80-0d2cb0791b56,false,,NEW RECORD,,,Default,One per quote line,,,,Quantity,,false,,,,,,,,,,false,,,false,,,1.0,false,,,,false,false,false,false,,false,false,false,false,false,false,false,false,,Click,false,false,,false,List,,true,,false,,,,List,,,,,,Renewable,,false,,,,,,,
,,,,,bd238825-0cf1-45a3-8b80-0d2cb0791b56,false,,NEW RECORD,,,Default,One per quote line,,,,Quantity,,false,,,,,,,,,,false,,,false,,,1.0,false,,,,false,false,false,false,,false,false,false,false,false,false,false,false,,Click,false,false,,false,List,,true,,false,,,,List,,,,,,Renewable,,false,,,,,,,
,,,,,bd238825-0cf1-45a3-8b80-0d2cb0791b56,false,,NEW RECORD,,,Default,One per quote line,,,,Quantity,,false,,,,,,,,,,false,,,false,,,1.0,false,,,,false,false,false,false,,false,false,false,false,false,false,false,false,,Click,false,false,,false,List,,true,,false,,,,List,,,,,,Renewable,,false,,,,,,,
,,,,,bd238825-0cf1-45a3-8b80-0d2cb0791b56,false,,NEW RECORD,,,Default,One per quote line,,,,Quantity,,false,,,,,,,,,,false,,,false,,,1.0,false,,,,false,false,false,false,,false,false,false,false,false,false,false,false,,Click,false,false,,false,List,,true,,false,,,,List,,,,,,Renewable,,false,,,,,,,
,,,,,bd238825-0cf1-45a3-8b80-0d2cb0791b56,false,,NEW RECORD,,,Default,One per quote line,,,,Quantity,,false,,,,,,,,,,false,,,false,,,1.0,false,,,,false,false,false,false,,false,false,false,false,false,false,false,false,,Click,false,false,,false,List,,true,,false,,,,List,,,,,,Renewable,,false,,,,,,,
,,,,,bd238825-0cf1-45a3-8b80-0d2cb0791b56,false,,NEW RECORD,,,Default,One per quote line,,,,Quantity,,false,,,,,,,,,,false,,,false,,,1.0,false,,,,false,false,false,false,,false,false,false,false,false,false,false,false,,Click,false,false,,false,List,,true,,false,,,,List,,,,,,Renewable,,false,,,,,,,
,,,,,bd238825-0cf1-45a3-8b80-0d2cb0791b56,false,,NEW RECORD,,,Default,One per quote line,,,,Quantity,,false,,,,,,,,,,false,,,false,,,1.0,false,,,,false,false,false,false,,false,false,false,false,false,false,false,false,,Click,false,false,,false,List,,true,,false,,,,List,,,,,,Renewable,,false,,,,,,,
,,,,,bd238825-0cf1-45a3-8b80-0d2cb0791b56,false,,NEW RECORD,,,Default,One per quote line,,,,Quantity,,false,,,,,,,,,,false,,,false,,,1.0,false,,,,false,false,false,false,,false,false,false,false,false,false,false,false,,Click,false,false,,false,List,,true,,false,,,,List,,,,,,Renewable,,false,,,,,,,
,,,,,bd238825-0cf1-45a3-8b80-0d2cb0791b56,false,,NEW RECORD,,,Default,One per quote line,,,,Quantity,,false,,,,,,,,,,false,,,false,,,1.0,false,,,,false,false,false,false,,false,false,false,false,false,false,false,false,,Click,false,false,,false,List,,true,,false,,,,List,,,,,,Renewable,,false,,,,,,,
,,,,,bd238825-0cf1-45a3-8b80-0d2cb0791b56,false,,NEW RECORD,,,Default,One per quote line,,,,Quantity,,false,,,,,,,,,,false,,,false,,,1.0,false,,,,false,false,false,false,,false,false,false,false,false,false,false,false,,Click,false,false,,false,List,,true,,false,,,,List,,,,,,Renewable,,false,,,,,,,
,,,,,bd238825-0cf1-45a3-8b80-0d2cb0791b56,false,,NEW RECORD,,,Default,One per quote line,,,,Quantity,,false,,,,,,,,,,false,,,false,,,1.0,false,,,,false,false,false,false,,false,false,false,false,false,false,false,false,,Click,false,false,,false,List,,true,,false,,,,List,,,,,,Renewable,,false,,,,,,,
,,,,,bd238825-0cf1-45a3-8b80-0d2cb0791b56,false,,NEW RECORD,,,Default,One per quote line,,,,Quantity,,false,,,,,,,,,,false,,,false,,,1.0,false,,,,false,false,false,false,,false,false,false,false,false,false,false,false,,Click,false,false,,false,List,,true,,false,,,,List,,,,,,Renewable,,false,,,,,,,
,,,,,bd238825-0cf1-45a3-8b80-0d2cb0791b56,false,,NEW RECORD,,,Default,One per quote line,,,,Quantity,,false,,,,,,,,,,false,,,false,,,1.0,false,,,,false,false,false,false,,false,false,false,false,false,false,false,false,,Click,false,false,,false,List,,true,,false,,,,List,,,,,,Renewable,,false,,,,,,,
,,,,,bd238825-0cf1-45a3-8b80-0d2cb0791b56,false,,NEW RECORD,,,Default,One per quote line,,,,Quantity,,false,,,,,,,,,,false,,,false,,,1.0,false,,,,false,false,false,false,,false,false,false,false,false,false,false,false,,Click,false,false,,false,List,,true,,false,,,,List,,,,,,Renewable,,false,,,,,,,
,,,,,bd238825-0cf1-45a3-8b80-0d2cb0791b56,false,,NEW RECORD,,,Default,One per quote line,,,,Quantity,,false,,,,,,,,,,false,,,false,,,1.0,false,,,,false,false,false,false,,false,false,false,false,false,false,false,false,,Click,false,false,,false,List,,true,,false,,,,List,,,,,,Renewable,,false,,,,,,,
,,,,,bd238825-0cf1-45a3-8b80-0d2cb0791b56,false,,NEW RECORD,,,Default,One per quote line,,,,Quantity,,false,,,,,,,,,,false,,,false,,,1.0,false,,,,false,false,false,false,,false,false,false,false,false,false,false,false,,Click,false,false,,false,List,,true,,false,,,,List,,,,,,Renewable,,false,,,,,,,
,,,,,bd238825-0cf1-45a3-8b80-0d2cb0791b56,false,,NEW RECORD,,,Default,One per quote line,,,,Quantity,,false,,,,,,,,,,false,,,false,,,1.0,false,,,,false,false,false,false,,false,false,false,false,false,false,false,false,,Click,false,false,,false,List,,true,,false,,,,List,,,,,,Renewable,,false,,,,,,,
,,,,,bd238825-0cf1-45a3-8b80-0d2cb0791b56,false,,NEW RECORD,,,Default,One per quote line,,,,Quantity,,false,,,,,,,,,,false,,,false,,,1.0,false,,,,false,false,false,false,,false,false,false,false,false,false,false,false,,Click,false,false,,false,List,,true,,false,,,,List,,,,,,Renewable,,false,,,,,,,
,,,,,bd238825-0cf1-45a3-8b80-0d2cb0791b56,false,,NEW RECORD,,,Default,One per quote line,,,,Quantity,,false,,,,,,,,,,false,,,false,,,1.0,false,,,,false,false,false,false,,false,false,false,false,false,false,false,false,,Click,false,false,,false,List,,true,,false,,,,List,,,,,,Renewable,,false,,,,,,,
,,,,,bd238825-0cf1-45a3-8b80-0d2cb0791b56,false,,NEW RECORD,,,Default,One per quote line,,,,Quantity,,false,,,,,,,,,,false,,,false,,,1.0,false,,,,false,false,false,false,,false,false,false,false,false,false,false,false,,Click,false,false,,false,List,,true,,false,,,,List,,,,,,Renewable,,false,,,,,,,
,,,,,bd238825-0cf1-45a3-8b80-0d2cb0791b56,false,,NEW RECORD,,,Default,One per quote line,,,,Quantity,,false,,,,,,,,,,false,,,false,,,1.0,false,,,,false,false,false,false,,false,false,false,false,false,false,false,false,,Click,false,false,,false,List,,true,,false,,,,List,,,,,,Renewable,,false,,,,,,,
,,,,,bd238825-0cf1-45a3-8b80-0d2cb0791b56,false,,NEW RECORD,,,Default,One per quote line,,,,Quantity,,false,,,,,,,,,,false,,,false,,,1.0,false,,,,false,false,false,false,,false,false,false,false,false,false,false,false,,Click,false,false,,false,List,,true,,false,,,,List,,,,,,Renewable,,false,,,,,,,
,,,,,bd238825-0cf1-45a3-8b80-0d2cb0791b56,false,,NEW RECORD,,,Default,One per quote line,,,,Quantity,,false,,,,,,,,,,false,,,false,,,1.0,false,,,,false,false,false,false,,false,false,false,false,false,false,false,false,,Click,false,false,,false,List,,true,,false,,,,List,,,,,,Renewable,,false,,,,,,,
,,,,,bd238825-0cf1-45a3-8b80-0d2cb0791b56,false,,NEW RECORD,,,Default,One per quote line,,,,Quantity,,false,,,,,,,,,,false,,,false,,,1.0,false,,,,false,false,false,false,,false,false,false,false,false,false,false,false,,Click,false,false,,false,List,,true,,false,,,,List,,,,,,Renewable,,false,,,,,,,
,,,,,bd238825-0cf1-45a3-8b80-0d2cb0791b56,false,,NEW RECORD,,,Default,One per quote line,,,,Quantity,,false,,,,,,,,,,false,,,false,,,1.0,false,,,,false,false,false,false,,false,false,false,false,false,false,false,false,,Click,false,false,,false,List,,true,,false,,,,List,,,,,,Renewable,,false,,,,,,,
,,,,,bd238825-0cf1-45a3-8b80-0d2cb0791b56,false,,NEW RECORD,,,Default,One per quote line,,,,Quantity,,false,,,,,,,,,,false,,,false,,,1.0,false,,,,false,false,false,false,,false,false,false,false,false,false,false,false,,Click,false,false,,false,List,,true,,false,,,,List,,,,,,Renewable,,false,,,,,,,
,,,,,bd238825-0cf1-45a3-8b80-0d2cb0791b56,false,,NEW RECORD,,,Default,One per quote line,,,,Quantity,,false,,,,,,,,,,false,,,false,,,1.0,false,,,,false,false,false,false,,false,false,false,false,false,false,false,false,,Click,false,false,,false,List,,true,,false,,,,List,,,,,,Renewable,,false,,,,,,,
,,,,,bd238825-0cf1-45a3-8b80-0d2cb0791b56,false,,NEW RECORD,,,Default,One per quote line,,,,Quantity,,false,,,,,,,,,,false,,,false,,,1.0,false,,,,false,false,false,false,,false,false,false,false,false,false,false,false,,Click,false,false,,false,List,,true,,false,,,,List,,,,,,Renewable,,false,,,,,,,
,,,,,bd238825-0cf1-45a3-8b80-0d2cb0791b56,false,,NEW RECORD,,,Default,One per quote line,,,,Quantity,,false,,,,,,,,,,false,,,false,,,1.0,false,,,,false,false,false,false,,false,false,false,false,false,false,false,false,,Click,false,false,,false,List,,true,,false,,,,List,,,,,,Renewable,,false,,,,,,,
,,,,,bd238825-0cf1-45a3-8b80-0d2cb0791b56,false,,NEW RECORD,,,Default,One per quote line,,,,Quantity,,false,,,,,,,,,,false,,,false,,,1.0,false,,,,false,false,false,false,,false,false,false,false,false,false,false,false,,Click,false,false,,false,List,,true,,false,,,,List,,,,,,Renewable,,false,,,,,,,
,,,,,bd238825-0cf1-45a3-8b80-0d2cb0791b56,false,,NEW RECORD,,,Default,One per quote line,,,,Quantity,,false,,,,,,,,,,false,,,false,,,1.0,false,,,,false,false,false,false,,false,false,false,false,false,false,false,false,,Click,false,false,,false,List,,true,,false,,,,List,,,,,,Renewable,,false,,,,,,,
,,,,,bd238825-0cf1-45a3-8b80-0d2cb0791b56,false,,NEW RECORD,,,Default,One per quote line,,,,Quantity,,false,,,,,,,,,,false,,,false,,,1.0,false,,,,false,false,false,false,,false,false,false,false,false,false,false,false,,Click,false,false,,false,List,,true,,false,,,,List,,,,,,Renewable,,false,,,,,,,
,,,,,bd238825-0cf1-45a3-8b80-0d2cb0791b56,false,,NEW RECORD,,,Default,One per quote line,,,,Quantity,,false,,,,,,,,,,false,,,false,,,1.0,false,,,,false,false,false,false,,false,false,false,false,false,false,false,false,,Click,false,false,,false,List,,true,,false,,,,List,,,,,,Renewable,,false,,,,,,,
,,,,,bd238825-0cf1-45a3-8b80-0d2cb0791b56,false,,NEW RECORD,,,Default,One per quote line,,,,Quantity,,false,,,,,,,,,,false,,,false,,,1.0,false,,,,false,false,false,false,,false,false,false,false,false,false,false,false,,Click,false,false,,false,List,,true,,false,,,,List,,,,,,Renewable,,false,,,,,,,
,,,,,bd238825-0cf1-45a3-8b80-0d2cb0791b56,false,,NEW RECORD,,,Default,One per quote line,,,,Quantity,,false,,,,,,,,,,false,,,false,,,1.0,false,,,,false,false,false,false,,false,false,false,false,false,false,false,false,,Click,false,false,,false,List,,true,,false,,,,List,,,,,,Renewable,,false,,,,,,,
,,,,,bd238825-0cf1-45a3-8b80-0d2cb0791b56,false,,NEW RECORD,,,Default,One per quote line,,,,Quantity,,false,,,,,,,,,,false,,,false,,,1.0,false,,,,false,false,false,false,,false,false,false,false,false,false,false,false,,Click,false,false,,false,List,,true,,false,,,,List,,,,,,Renewable,,false,,,,,,,
,,,,,bd238825-0cf1-45a3-8b80-0d2cb0791b56,false,,NEW RECORD,,,Default,One per quote line,,,,Quantity,,false,,,,,,,,,,false,,,false,,,1.0,false,,,,false,false,false,false,,false,false,false,false,false,false,false,false,,Click,false,false,,false,List,,true,,false,,,,List,,,,,,Renewable,,false,,,,,,,
,,,,,98929381-f9d9-4e55-8c96-cf142ef35dce,false,,FRIDAY,,,Default,One per quote line,,,,Quantity,,false,,,,,,,,,,false,,,false,,,1.0,false,,,,false,false,false,false,,false,false,false,false,false,false,false,false,,Click,false,false,,false,List,,true,,false,,,,List,,,,,,Renewable,,false,,,,,,,
,,,,,98929381-f9d9-4e55-8c96-cf142ef35dce,false,,FRIDAY,,,Default,One per quote line,,,,Quantity,,false,,,,,,,,,,false,,,false,,,1.0,false,,,,false,false,false,false,,false,false,false,false,false,false,false,false,,Click,false,false,,false,List,,true,,false,,,,List,,,,,,Renewable,,false,,,,,,,
,,,,,98929381-f9d9-4e55-8c96-cf142ef35dce,false,,FRIDAY,,,Default,One per quote line,,,,Quantity,,false,,,,,,,,,,false,,,false,,,1.0,false,,,,false,false,false,false,,false,false,false,false,false,false,false,false,,Click,false,false,,false,List,,true,,false,,,,List,,,,,,Renewable,,false,,,,,,,
,,,,,98929381-f9d9-4e55-8c96-cf142ef35dce,false,,FRIDAY,,,Default,One per quote line,,,,Quantity,,false,,,,,,,,,,false,,,false,,,1.0,false,,,,false,false,false,false,,false,false,false,false,false,false,false,false,,Click,false,false,,false,List,,true,,false,,,,List,,,,,,Renewable,,false,,,,,,,
,,,,,98929381-f9d9-4e55-8c96-cf142ef35dce,false,,FRIDAY,,,Default,One per quote line,,,,Quantity,,false,,,,,,,,,,false,,,false,,,1.0,false,,,,false,false,false,false,,false,false,false,false,false,false,false,false,,Click,false,false,,false,List,,true,,false,,,,List,,,,,,Renewable,,false,,,,,,,
,,,,,98929381-f9d9-4e55-8c96-cf142ef35dce,false,,FRIDAY,,,Default,One per quote line,,,,Quantity,,false,,,,,,,,,,false,,,false,,,1.0,false,,,,false,false,false,false,,false,false,false,false,false,false,false,false,,Click,false,false,,false,List,,true,,false,,,,List,,,,,,Renewable,,false,,,,,,,
,,,,,98929381-f9d9-4e55-8c96-cf142ef35dce,false,,FRIDAY,,,Default,One per quote line,,,,Quantity,,false,,,,,,,,,,false,,,false,,,1.0,false,,,,false,false,false,false,,false,false,false,false,false,false,false,false,,Click,false,false,,false,List,,true,,false,,,,List,,,,,,Renewable,,false,,,,,,,
,,,,,98929381-f9d9-4e55-8c96-cf142ef35dce,false,,FRIDAY,,,Default,One per quote line,,,,Quantity,,false,,,,,,,,,,false,,,false,,,1.0,false,,,,false,false,false,false,,false,false,false,false,false,false,false,false,,Click,false,false,,false,List,,true,,false,,,,List,,,,,,Renewable,,false,,,,,,,
,,,,,98929381-f9d9-4e55-8c96-cf142ef35dce,false,,FRIDAY,,,Default,One per quote line,,,,Quantity,,false,,,,,,,,,,false,,,false,,,1.0,false,,,,false,false,false,false,,false,false,false,false,false,false,false,false,,Click,false,false,,false,List,,true,,false,,,,List,,,,,,Renewable,,false,,,,,,,
,,,,,98929381-f9d9-4e55-8c96-cf142ef35dce,false,,FRIDAY,,,Default,One per quote line,,,,Quantity,,false,,,,,,,,,,false,,,false,,,1.0,false,,,,false,false,false,false,,false,false,false,false,false,false,false,false,,Click,false,false,,false,List,,true,,false,,,,List,,,,,,Renewable,,false,,,,,,,
,,,,,98929381-f9d9-4e55-8c96-cf142ef35dce,false,,FRIDAY,,,Default,One per quote line,,,,Quantity,,false,,,,,,,,,,false,,,false,,,1.0,false,,,,false,false,false,false,,false,false,false,false,false,false,false,false,,Click,false,false,,false,List,,true,,false,,,,List,,,,,,Renewable,,false,,,,,,,
,,,,,98929381-f9d9-4e55-8c96-cf142ef35dce,false,,FRIDAY,,,Default,One per quote line,,,,Quantity,,false,,,,,,,,,,false,,,false,,,1.0,false,,,,false,false,false,false,,false,false,false,false,false,false,false,false,,Click,false,false,,false,List,,true,,false,,,,List,,,,,,Renewable,,false,,,,,,,
,,,,,98929381-f9d9-4e55-8c96-cf142ef35dce,false,,FRIDAY,,,Default,One per quote line,,,,Quantity,,false,,,,,,,,,,false,,,false,,,1.0,false,,,,false,false,false,false,,false,false,false,false,false,false,false,false,,Click,false,false,,false,List,,true,,false,,,,List,,,,,,Renewable,,false,,,,,,,
,,,,,98929381-f9d9-4e55-8c96-cf142ef35dce,false,,FRIDAY,,,Default,One per quote line,,,,Quantity,,false,,,,,,,,,,false,,,false,,,1.0,false,,,,false,false,false,false,,false,false,false,false,false,false,false,false,,Click,false,false,,false,List,,true,,false,,,,List,,,,,,Renewable,,false,,,,,,,
,,,,,98929381-f9d9-4e55-8c96-cf142ef35dce,false,,FRIDAY,,,Default,One per quote line,,,,Quantity,,false,,,,,,,,,,false,,,false,,,1.0,false,,,,false,false,false,false,,false,false,false,false,false,false,false,false,,Click,false,false,,false,List,,true,,false,,,,List,,,,,,Renewable,,false,,,,,,,
,,,,,98929381-f9d9-4e55-8c96-cf142ef35dce,false,,FRIDAY,,,Default,One per quote line,,,,Quantity,,false,,,,,,,,,,false,,,false,,,1.0,false,,,,false,false,false,false,,false,false,false,false,false,false,false,false,,Click,false,false,,false,List,,true,,false,,,,List,,,,,,Renewable,,false,,,,,,,
,,,,,98929381-f9d9-4e55-8c96-cf142ef35dce,false,,FRIDAY,,,Default,One per quote line,,,,Quantity,,false,,,,,,,,,,false,,,false,,,1.0,false,,,,false,false,false,false,,false,false,false,false,false,false,false,false,,Click,false,false,,false,List,,true,,false,,,,List,,,,,,Renewable,,false,,,,,,,
,,,,,98929381-f9d9-4e55-8c96-cf142ef35dce,false,,FRIDAY,,,Default,One per quote line,,,,Quantity,,false,,,,,,,,,,false,,,false,,,1.0,false,,,,false,false,false,false,,false,false,false,false,false,false,false,false,,Click,false,false,,false,List,,true,,false,,,,List,,,,,,Renewable,,false,,,,,,,
,,,,,98929381-f9d9-4e55-8c96-cf142ef35dce,false,,FRIDAY,,,Default,One per quote line,,,,Quantity,,false,,,,,,,,,,false,,,false,,,1.0,false,,,,false,false,false,false,,false,false,false,false,false,false,false,false,,Click,false,false,,false,List,,true,,false,,,,List,,,,,,Renewable,,false,,,,,,,
,,,,,98929381-f9d9-4e55-8c96-cf142ef35dce,false,,FRIDAY,,,Default,One per quote line,,,,Quantity,,false,,,,,,,,,,false,,,false,,,1.0,false,,,,false,false,false,false,,false,false,false,false,false,false,false,false,,Click,false,false,,false,List,,true,,false,,,,List,,,,,,Renewable,,false,,,,,,,
,,,,,98929381-f9d9-4e55-8c96-cf142ef35dce,false,,FRIDAY,,,Default,One per quote line,,,,Quantity,,false,,,,,,,,,,false,,,false,,,1.0,false,,,,false,false,false,false,,false,false,false,false,false,false,false,false,,Click,false,false,,false,List,,true,,false,,,,List,,,,,,Renewable,,false,,,,,,,
,,,,,98929381-f9d9-4e55-8c96-cf142ef35dce,false,,FRIDAY,,,Default,One per quote line,,,,Quantity,,false,,,,,,,,,,false,,,false,,,1.0,false,,,,false,false,false,false,,false,false,false,false,false,false,false,false,,Click,false,false,,false,List,,true,,false,,,,List,,,,,,Renewable,,false,,,,,,,
,,,,,98929381-f9d9-4e55-8c96-cf142ef35dce,false,,FRIDAY,,,Default,One per quote line,,,,Quantity,,false,,,,,,,,,,false,,,false,,,1.0,false,,,,false,false,false,false,,false,false,false,false,false,false,false,false,,Click,false,false,,false,List,,true,,false,,,,List,,,,,,Renewable,,false,,,,,,,
,,,,,98929381-f9d9-4e55-8c96-cf142ef35dce,false,,FRIDAY,,,Default,One per quote line,,,,Quantity,,false,,,,,,,,,,false,,,false,,,1.0,false,,,,false,false,false,false,,false,false,false,false,false,false,false,false,,Click,false,false,,false,List,,true,,false,,,,List,,,,,,Renewable,,false,,,,,,,
,,,,,98929381-f9d9-4e55-8c96-cf142ef35dce,false,,FRIDAY,,,Default,One per quote line,,,,Quantity,,false,,,,,,,,,,false,,,false,,,1.0,false,,,,false,false,false,false,,false,false,false,false,false,false,false,false,,Click,false,false,,false,List,,true,,false,,,,List,,,,,,Renewable,,false,,,,,,,
,,,,,98929381-f9d9-4e55-8c96-cf142ef35dce,false,,FRIDAY,,,Default,One per quote line,,,,Quantity,,false,,,,,,,,,,false,,,false,,,1.0,false,,,,false,false,false,false,,false,false,false,false,false,false,false,false,,Click,false,false,,false,List,,true,,false,,,,List,,,,,,Renewable,,false,,,,,,,
,,,,,98929381-f9d9-4e55-8c96-cf142ef35dce,false,,FRIDAY,,,Default,One per quote line,,,,Quantity,,false,,,,,,,,,,false,,,false,,,1.0,false,,,,false,false,false,false,,false,false,false,false,false,false,false,false,,Click,false,false,,false,List,,true,,false,,,,List,,,,,,Renewable,,false,,,,,,,
,,,,,98929381-f9d9-4e55-8c96-cf142ef35dce,false,,FRIDAY,,,Default,One per quote line,,,,Quantity,,false,,,,,,,,,,false,,,false,,,1.0,false,,,,false,false,false,false,,false,false,false,false,false,false,false,false,,Click,false,false,,false,List,,true,,false,,,,List,,,,,,Renewable,,false,,,,,,,
,,,,,98929381-f9d9-4e55-8c96-cf142ef35dce,false,,FRIDAY,,,Default,One per quote line,,,,Quantity,,false,,,,,,,,,,false,,,false,,,1.0,false,,,,false,false,false,false,,false,false,false,false,false,false,false,false,,Click,false,false,,false,List,,true,,false,,,,List,,,,,,Renewable,,false,,,,,,,
,,,,,98929381-f9d9-4e55-8c96-cf142ef35dce,false,,FRIDAY,,,Default,One per quote line,,,,Quantity,,false,,,,,,,,,,false,,,false,,,1.0,false,,,,false,false,false,false,,false,false,false,false,false,false,false,false,,Click,false,false,,false,List,,true,,false,,,,List,,,,,,Renewable,,false,,,,,,,
,,,,,98929381-f9d9-4e55-8c96-cf142ef35dce,false,,FRIDAY,,,Default,One per quote line,,,,Quantity,,false,,,,,,,,,,false,,,false,,,1.0,false,,,,false,false,false,false,,false,false,false,false,false,false,false,false,,Click,false,false,,false,List,,true,,false,,,,List,,,,,,Renewable,,false,,,,,,,
,,,,,98929381-f9d9-4e55-8c96-cf142ef35dce,false,,FRIDAY,,,Default,One per quote line,,,,Quantity,,false,,,,,,,,,,false,,,false,,,1.0,false,,,,false,false,false,false,,false,false,false,false,false,false,false,false,,Click,false,false,,false,List,,true,,false,,,,List,,,,,,Renewable,,false,,,,,,,
,,,,,98929381-f9d9-4e55-8c96-cf142ef35dce,false,,FRIDAY,,,Default,One per quote line,,,,Quantity,,false,,,,,,,,,,false,,,false,,,1.0,false,,,,false,false,false,false,,false,false,false,false,false,false,false,false,,Click,false,false,,false,List,,true,,false,,,,List,,,,,,Renewable,,false,,,,,,,
,,,,,98929381-f9d9-4e55-8c96-cf142ef35dce,false,,FRIDAY,,,Default,One per quote line,,,,Quantity,,false,,,,,,,,,,false,,,false,,,1.0,false,,,,false,false,false,false,,false,false,false,false,false,false,false,false,,Click,false,false,,false,List,,true,,false,,,,List,,,,,,Renewable,,false,,,,,,,
,,,,,98929381-f9d9-4e55-8c96-cf142ef35dce,false,,FRIDAY,,,Default,One per quote line,,,,Quantity,,false,,,,,,,,,,false,,,false,,,1.0,false,,,,false,false,false,false,,false,false,false,false,false,false,false,false,,Click,false,false,,false,List,,true,,false,,,,List,,,,,,Renewable,,false,,,,,,,
,,,,,98929381-f9d9-4e55-8c96-cf142ef35dce,false,,FRIDAY,,,Default,One per quote line,,,,Quantity,,false,,,,,,,,,,false,,,false,,,1.0,false,,,,false,false,false,false,,false,false,false,false,false,false,false,false,,Click,false,false,,false,List,,true,,false,,,,List,,,,,,Renewable,,false,,,,,,,
,,,,,98929381-f9d9-4e55-8c96-cf142ef35dce,false,,FRIDAY,,,Default,One per quote line,,,,Quantity,,false,,,,,,,,,,false,,,false,,,1.0,false,,,,false,false,false,false,,false,false,false,false,false,false,false,false,,Click,false,false,,false,List,,true,,false,,,,List,,,,,,Renewable,,false,,,,,,,
,,,,,98929381-f9d9-4e55-8c96-cf142ef35dce,false,,FRIDAY,,,Default,One per quote line,,,,Quantity,,false,,,,,,,,,,false,,,false,,,1.0,false,,,,false,false,false,false,,false,false,false,false,false,false,false,false,,Click,false,false,,false,List,,true,,false,,,,List,,,,,,Renewable,,false,,,,,,,
,,,,,98929381-f9d9-4e55-8c96-cf142ef35dce,false,,FRIDAY,,,Default,One per quote line,,,,Quantity,,false,,,,,,,,,,false,,,false,,,1.0,false,,,,false,false,false,false,,false,false,false,false,false,false,false,false,,Click,false,false,,false,List,,true,,false,,,,List,,,,,,Renewable,,false,,,,,,,
,,,,,98929381-f9d9-4e55-8c96-cf142ef35dce,false,,FRIDAY,,,Default,One per quote line,,,,Quantity,,false,,,,,,,,,,false,,,false,,,1.0,false,,,,false,false,false,false,,false,false,false,false,false,false,false,false,,Click,false,false,,false,List,,true,,false,,,,List,,,,,,Renewable,,false,,,,,,,
,,,,,98929381-f9d9-4e55-8c96-cf142ef35dce,false,,FRIDAY,,,Default,One per quote line,,,,Quantity,,false,,,,,,,,,,false,,,false,,,1.0,false,,,,false,false,false,false,,false,false,false,false,false,false,false,false,,Click,false,false,,false,List,,true,,false,,,,List,,,,,,Renewable,,false,,,,,,,
,,,,,98929381-f9d9-4e55-8c96-cf142ef35dce,false,,FRIDAY,,,Default,One per quote line,,,,Quantity,,false,,,,,,,,,,false,,,false,,,1.0,false,,,,false,false,false,false,,false,false,false,false,false,false,false,false,,Click,false,false,,false,List,,true,,false,,,,List,,,,,,Renewable,,false,,,,,,,
,,,,,98929381-f9d9-4e55-8c96-cf142ef35dce,false,,FRIDAY,,,Default,One per quote line,,,,Quantity,,false,,,,,,,,,,false,,,false,,,1.0,false,,,,false,false,false,false,,false,false,false,false,false,false,false,false,,Click,false,false,,false,List,,true,,false,,,,List,,,,,,Renewable,,false,,,,,,,
,,,,,98929381-f9d9-4e55-8c96-cf142ef35dce,false,,FRIDAY,,,Default,One per quote line,,,,Quantity,,false,,,,,,,,,,false,,,false,,,1.0,false,,,,false,false,false,false,,false,false,false,false,false,false,false,false,,Click,false,false,,false,List,,true,,false,,,,List,,,,,,Renewable,,false,,,,,,,
,,,,,98929381-f9d9-4e55-8c96-cf142ef35dce,false,,FRIDAY,,,Default,One per quote line,,,,Quantity,,false,,,,,,,,,,false,,,false,,,1.0,false,,,,false,false,false,false,,false,false,false,false,false,false,false,false,,Click,false,false,,false,List,,true,,false,,,,List,,,,,,Renewable,,false,,,,,,,
,,,,,98929381-f9d9-4e55-8c96-cf142ef35dce,false,,FRIDAY,,,Default,One per quote line,,,,Quantity,,false,,,,,,,,,,false,,,false,,,1.0,false,,,,false,false,false,false,,false,false,false,false,false,false,false,false,,Click,false,false,,false,List,,true,,false,,,,List,,,,,,Renewable,,false,,,,,,,
,,,,,98929381-f9d9-4e55-8c96-cf142ef35dce,false,,FRIDAY,,,Default,One per quote line,,,,Quantity,,false,,,,,,,,,,false,,,false,,,1.0,false,,,,false,false,false,false,,false,false,false,false,false,false,false,false,,Click,false,false,,false,List,,true,,false,,,,List,,,,,,Renewable,,false,,,,,,,
,,,,,98929381-f9d9-4e55-8c96-cf142ef35dce,false,,FRIDAY,,,Default,One per quote line,,,,Quantity,,false,,,,,,,,,,false,,,false,,,1.0,false,,,,false,false,false,false,,false,false,false,false,false,false,false,false,,Click,false,false,,false,List,,true,,false,,,,List,,,,,,Renewable,,false,,,,,,,
,,,,,98929381-f9d9-4e55-8c96-cf142ef35dce,false,,FRIDAY,,,Default,One per quote line,,,,Quantity,,false,,,,,,,,,,false,,,false,,,1.0,false,,,,false,false,false,false,,false,false,false,false,false,false,false,false,,Click,false,false,,false,List,,true,,false,,,,List,,,,,,Renewable,,false,,,,,,,
,,,,,f95bd96a-f5f6-4853-bbc8-8aa21ca9e315,false,,testtttttttttttttttttttttttttttt,,,Default,One per quote line,,,,Quantity,,false,,,,,,,,,,false,,,false,,,1.0,false,,,,false,false,false,false,,false,false,false,false,false,false,false,false,,Click,false,false,,false,List,,true,,false,,,,List,,,,,,Renewable,,false,,,,,,,
,,,,,f95bd96a-f5f6-4853-bbc8-8aa21ca9e315,false,,testtttttttttttttttttttttttttttt,,,Default,One per quote line,,,,Quantity,,false,,,,,,,,,,false,,,false,,,1.0,false,,,,false,false,false,false,,false,false,false,false,false,false,false,false,,Click,false,false,,false,List,,true,,false,,,,List,,,,,,Renewable,,false,,,,,,,
,,,,,f95bd96a-f5f6-4853-bbc8-8aa21ca9e315,false,,testtttttttttttttttttttttttttttt,,,Default,One per quote line,,,,Quantity,,false,,,,,,,,,,false,,,false,,,1.0,false,,,,false,false,false,false,,false,false,false,false,false,false,false,false,,Click,false,false,,false,List,,true,,false,,,,List,,,,,,Renewable,,false,,,,,,,
,,,,,f95bd96a-f5f6-4853-bbc8-8aa21ca9e315,false,,testtttttttttttttttttttttttttttt,,,Default,One per quote line,,,,Quantity,,false,,,,,,,,,,false,,,false,,,1.0,false,,,,false,false,false,false,,false,false,false,false,false,false,false,false,,Click,false,false,,false,List,,true,,false,,,,List,,,,,,Renewable,,false,,,,,,,
,,,,,f95bd96a-f5f6-4853-bbc8-8aa21ca9e315,false,,testtttttttttttttttttttttttttttt,,,Default,One per quote line,,,,Quantity,,false,,,,,,,,,,false,,,false,,,1.0,false,,,,false,false,false,false,,false,false,false,false,false,false,false,false,,Click,false,false,,false,List,,true,,false,,,,List,,,,,,Renewable,,false,,,,,,,
,,,,,f95bd96a-f5f6-4853-bbc8-8aa21ca9e315,false,,testtttttttttttttttttttttttttttt,,,Default,One per quote line,,,,Quantity,,false,,,,,,,,,,false,,,false,,,1.0,false,,,,false,false,false,false,,false,false,false,false,false,false,false,false,,Click,false,false,,false,List,,true,,false,,,,List,,,,,,Renewable,,false,,,,,,,
,,,,,f95bd96a-f5f6-4853-bbc8-8aa21ca9e315,false,,testtttttttttttttttttttttttttttt,,,Default,One per quote line,,,,Quantity,,false,,,,,,,,,,false,,,false,,,1.0,false,,,,false,false,false,false,,false,false,false,false,false,false,false,false,,Click,false,false,,false,List,,true,,false,,,,List,,,,,,Renewable,,false,,,,,,,
,,,,,f95bd96a-f5f6-4853-bbc8-8aa21ca9e315,false,,testtttttttttttttttttttttttttttt,,,Default,One per quote line,,,,Quantity,,false,,,,,,,,,,false,,,false,,,1.0,false,,,,false,false,false,false,,false,false,false,false,false,false,false,false,,Click,false,false,,false,List,,true,,false,,,,List,,,,,,Renewable,,false,,,,,,,
,,,,,f95bd96a-f5f6-4853-bbc8-8aa21ca9e315,false,,testtttttttttttttttttttttttttttt,,,Default,One per quote line,,,,Quantity,,false,,,,,,,,,,false,,,false,,,1.0,false,,,,false,false,false,false,,false,false,false,false,false,false,false,false,,Click,false,false,,false,List,,true,,false,,,,List,,,,,,Renewable,,false,,,,,,,
,,,,,f95bd96a-f5f6-4853-bbc8-8aa21ca9e315,false,,testtttttttttttttttttttttttttttt,,,Default,One per quote line,,,,Quantity,,false,,,,,,,,,,false,,,false,,,1.0,false,,,,false,false,false,false,,false,false,false,false,false,false,false,false,,Click,false,false,,false,List,,true,,false,,,,List,,,,,,Renewable,,false,,,,,,,
,,,,,f95bd96a-f5f6-4853-bbc8-8aa21ca9e315,false,,testtttttttttttttttttttttttttttt,,,Default,One per quote line,,,,Quantity,,false,,,,,,,,,,false,,,false,,,1.0,false,,,,false,false,false,false,,false,false,false,false,false,false,false,false,,Click,false,false,,false,List,,true,,false,,,,List,,,,,,Renewable,,false,,,,,,,
,,,,,f95bd96a-f5f6-4853-bbc8-8aa21ca9e315,false,,testtttttttttttttttttttttttttttt,,,Default,One per quote line,,,,Quantity,,false,,,,,,,,,,false,,,false,,,1.0,false,,,,false,false,false,false,,false,false,false,false,false,false,false,false,,Click,false,false,,false,List,,true,,false,,,,List,,,,,,Renewable,,false,,,,,,,
,,,,,f95bd96a-f5f6-4853-bbc8-8aa21ca9e315,false,,testtttttttttttttttttttttttttttt,,,Default,One per quote line,,,,Quantity,,false,,,,,,,,,,false,,,false,,,1.0,false,,,,false,false,false,false,,false,false,false,false,false,false,false,false,,Click,false,false,,false,List,,true,,false,,,,List,,,,,,Renewable,,false,,,,,,,
,,,,,f95bd96a-f5f6-4853-bbc8-8aa21ca9e315,false,,testtttttttttttttttttttttttttttt,,,Default,One per quote line,,,,Quantity,,false,,,,,,,,,,false,,,false,,,1.0,false,,,,false,false,false,false,,false,false,false,false,false,false,false,false,,Click,false,false,,false,List,,true,,false,,,,List,,,,,,Renewable,,false,,,,,,,
,,,,,f95bd96a-f5f6-4853-bbc8-8aa21ca9e315,false,,testtttttttttttttttttttttttttttt,,,Default,One per quote line,,,,Quantity,,false,,,,,,,,,,false,,,false,,,1.0,false,,,,false,false,false,false,,false,false,false,false,false,false,false,false,,Click,false,false,,false,List,,true,,false,,,,List,,,,,,Renewable,,false,,,,,,,
,,,,,f95bd96a-f5f6-4853-bbc8-8aa21ca9e315,false,,testtttttttttttttttttttttttttttt,,,Default,One per quote line,,,,Quantity,,false,,,,,,,,,,false,,,false,,,1.0,false,,,,false,false,false,false,,false,false,false,false,false,false,false,false,,Click,false,false,,false,List,,true,,false,,,,List,,,,,,Renewable,,false,,,,,,,
,,,,,f95bd96a-f5f6-4853-bbc8-8aa21ca9e315,false,,testtttttttttttttttttttttttttttt,,,Default,One per quote line,,,,Quantity,,false,,,,,,,,,,false,,,false,,,1.0,false,,,,false,false,false,false,,false,false,false,false,false,false,false,false,,Click,false,false,,false,List,,true,,false,,,,List,,,,,,Renewable,,false,,,,,,,
,,,,,f95bd96a-f5f6-4853-bbc8-8aa21ca9e315,false,,testtttttttttttttttttttttttttttt,,,Default,One per quote line,,,,Quantity,,false,,,,,,,,,,false,,,false,,,1.0,false,,,,false,false,false,false,,false,false,false,false,false,false,false,false,,Click,false,false,,false,List,,true,,false,,,,List,,,,,,Renewable,,false,,,,,,,
,,,,,f95bd96a-f5f6-4853-bbc8-8aa21ca9e315,false,,testtttttttttttttttttttttttttttt,,,Default,One per quote line,,,,Quantity,,false,,,,,,,,,,false,,,false,,,1.0,false,,,,false,false,false,false,,false,false,false,false,false,false,false,false,,Click,false,false,,false,List,,true,,false,,,,List,,,,,,Renewable,,false,,,,,,,
,,,,,f95bd96a-f5f6-4853-bbc8-8aa21ca9e315,false,,testtttttttttttttttttttttttttttt,,,Default,One per quote line,,,,Quantity,,false,,,,,,,,,,false,,,false,,,1.0,false,,,,false,false,false,false,,false,false,false,false,false,false,false,false,,Click,false,false,,false,List,,true,,false,,,,List,,,,,,Renewable,,false,,,,,,,
,,,,,f95bd96a-f5f6-4853-bbc8-8aa21ca9e315,false,,testtttttttttttttttttttttttttttt,,,Default,One per quote line,,,,Quantity,,false,,,,,,,,,,false,,,false,,,1.0,false,,,,false,false,false,false,,false,false,false,false,false,false,false,false,,Click,false,false,,false,List,,true,,false,,,,List,,,,,,Renewable,,false,,,,,,,
,,,,,f95bd96a-f5f6-4853-bbc8-8aa21ca9e315,false,,testtttttttttttttttttttttttttttt,,,Default,One per quote line,,,,Quantity,,false,,,,,,,,,,false,,,false,,,1.0,false,,,,false,false,false,false,,false,false,false,false,false,false,false,false,,Click,false,false,,false,List,,true,,false,,,,List,,,,,,Renewable,,false,,,,,,,
,,,,,f95bd96a-f5f6-4853-bbc8-8aa21ca9e315,false,,testtttttttttttttttttttttttttttt,,,Default,One per quote line,,,,Quantity,,false,,,,,,,,,,false,,,false,,,1.0,false,,,,false,false,false,false,,false,false,false,false,false,false,false,false,,Click,false,false,,false,List,,true,,false,,,,List,,,,,,Renewable,,false,,,,,,,
,,,,,f95bd96a-f5f6-4853-bbc8-8aa21ca9e315,false,,testtttttttttttttttttttttttttttt,,,Default,One per quote line,,,,Quantity,,false,,,,,,,,,,false,,,false,,,1.0,false,,,,false,false,false,false,,false,false,false,false,false,false,false,false,,Click,false,false,,false,List,,true,,false,,,,List,,,,,,Renewable,,false,,,,,,,
,,,,,f95bd96a-f5f6-4853-bbc8-8aa21ca9e315,false,,testtttttttttttttttttttttttttttt,,,Default,One per quote line,,,,Quantity,,false,,,,,,,,,,false,,,false,,,1.0,false,,,,false,false,false,false,,false,false,false,false,false,false,false,false,,Click,false,false,,false,List,,true,,false,,,,List,,,,,,Renewable,,false,,,,,,,
,,,,,f95bd96a-f5f6-4853-bbc8-8aa21ca9e315,false,,testtttttttttttttttttttttttttttt,,,Default,One per quote line,,,,Quantity,,false,,,,,,,,,,false,,,false,,,1.0,false,,,,false,false,false,false,,false,false,false,false,false,false,false,false,,Click,false,false,,false,List,,true,,false,,,,List,,,,,,Renewable,,false,,,,,,,
,,,,,f95bd96a-f5f6-4853-bbc8-8aa21ca9e315,false,,testtttttttttttttttttttttttttttt,,,Default,One per quote line,,,,Quantity,,false,,,,,,,,,,false,,,false,,,1.0,false,,,,false,false,false,false,,false,false,false,false,false,false,false,false,,Click,false,false,,false,List,,true,,false,,,,List,,,,,,Renewable,,false,,,,,,,
,,,,,f95bd96a-f5f6-4853-bbc8-8aa21ca9e315,false,,testtttttttttttttttttttttttttttt,,,Default,One per quote line,,,,Quantity,,false,,,,,,,,,,false,,,false,,,1.0,false,,,,false,false,false,false,,false,false,false,false,false,false,false,false,,Click,false,false,,false,List,,true,,false,,,,List,,,,,,Renewable,,false,,,,,,,
,,,,,f95bd96a-f5f6-4853-bbc8-8aa21ca9e315,false,,testtttttttttttttttttttttttttttt,,,Default,One per quote line,,,,Quantity,,false,,,,,,,,,,false,,,false,,,1.0,false,,,,false,false,false,false,,false,false,false,false,false,false,false,false,,Click,false,false,,false,List,,true,,false,,,,List,,,,,,Renewable,,false,,,,,,,
,,,,,f95bd96a-f5f6-4853-bbc8-8aa21ca9e315,false,,testtttttttttttttttttttttttttttt,,,Default,One per quote line,,,,Quantity,,false,,,,,,,,,,false,,,false,,,1.0,false,,,,false,false,false,false,,false,false,false,false,false,false,false,false,,Click,false,false,,false,List,,true,,false,,,,List,,,,,,Renewable,,false,,,,,,,
,,,,,f95bd96a-f5f6-4853-bbc8-8aa21ca9e315,false,,testtttttttttttttttttttttttttttt,,,Default,One per quote line,,,,Quantity,,false,,,,,,,,,,false,,,false,,,1.0,false,,,,false,false,false,false,,false,false,false,false,false,false,false,false,,Click,false,false,,false,List,,true,,false,,,,List,,,,,,Renewable,,false,,,,,,,
,,,,,f95bd96a-f5f6-4853-bbc8-8aa21ca9e315,false,,testtttttttttttttttttttttttttttt,,,Default,One per quote line,,,,Quantity,,false,,,,,,,,,,false,,,false,,,1.0,false,,,,false,false,false,false,,false,false,false,false,false,false,false,false,,Click,false,false,,false,List,,true,,false,,,,List,,,,,,Renewable,,false,,,,,,,
,,,,,f95bd96a-f5f6-4853-bbc8-8aa21ca9e315,false,,testtttttttttttttttttttttttttttt,,,Default,One per quote line,,,,Quantity,,false,,,,,,,,,,false,,,false,,,1.0,false,,,,false,false,false,false,,false,false,false,false,false,false,false,false,,Click,false,false,,false,List,,true,,false,,,,List,,,,,,Renewable,,false,,,,,,,
,,,,,f95bd96a-f5f6-4853-bbc8-8aa21ca9e315,false,,testtttttttttttttttttttttttttttt,,,Default,One per quote line,,,,Quantity,,false,,,,,,,,,,false,,,false,,,1.0,false,,,,false,false,false,false,,false,false,false,false,false,false,false,false,,Click,false,false,,false,List,,true,,false,,,,List,,,,,,Renewable,,false,,,,,,,
,,,,,f95bd96a-f5f6-4853-bbc8-8aa21ca9e315,false,,testtttttttttttttttttttttttttttt,,,Default,One per quote line,,,,Quantity,,false,,,,,,,,,,false,,,false,,,1.0,false,,,,false,false,false,false,,false,false,false,false,false,false,false,false,,Click,false,false,,false,List,,true,,false,,,,List,,,,,,Renewable,,false,,,,,,,
,,,,,f95bd96a-f5f6-4853-bbc8-8aa21ca9e315,false,,testtttttttttttttttttttttttttttt,,,Default,One per quote line,,,,Quantity,,false,,,,,,,,,,false,,,false,,,1.0,false,,,,false,false,false,false,,false,false,false,false,false,false,false,false,,Click,false,false,,false,List,,true,,false,,,,List,,,,,,Renewable,,false,,,,,,,
,,,,,f95bd96a-f5f6-4853-bbc8-8aa21ca9e315,false,,testtttttttttttttttttttttttttttt,,,Default,One per quote line,,,,Quantity,,false,,,,,,,,,,false,,,false,,,1.0,false,,,,false,false,false,false,,false,false,false,false,false,false,false,false,,Click,false,false,,false,List,,true,,false,,,,List,,,,,,Renewable,,false,,,,,,,
,,,,,f95bd96a-f5f6-4853-bbc8-8aa21ca9e315,false,,testtttttttttttttttttttttttttttt,,,Default,One per quote line,,,,Quantity,,false,,,,,,,,,,false,,,false,,,1.0,false,,,,false,false,false,false,,false,false,false,false,false,false,false,false,,Click,false,false,,false,List,,true,,false,,,,List,,,,,,Renewable,,false,,,,,,,
,,,,,f95bd96a-f5f6-4853-bbc8-8aa21ca9e315,false,,testtttttttttttttttttttttttttttt,,,Default,One per quote line,,,,Quantity,,false,,,,,,,,,,false,,,false,,,1.0,false,,,,false,false,false,false,,false,false,false,false,false,false,false,false,,Click,false,false,,false,List,,true,,false,,,,List,,,,,,Renewable,,false,,,,,,,
,,,,,f95bd96a-f5f6-4853-bbc8-8aa21ca9e315,false,,testtttttttttttttttttttttttttttt,,,Default,One per quote line,,,,Quantity,,false,,,,,,,,,,false,,,false,,,1.0,false,,,,false,false,false,false,,false,false,false,false,false,false,false,false,,Click,false,false,,false,List,,true,,false,,,,List,,,,,,Renewable,,false,,,,,,,
,,,,,f95bd96a-f5f6-4853-bbc8-8aa21ca9e315,false,,testtttttttttttttttttttttttttttt,,,Default,One per quote line,,,,Quantity,,false,,,,,,,,,,false,,,false,,,1.0,false,,,,false,false,false,false,,false,false,false,false,false,false,false,false,,Click,false,false,,false,List,,true,,false,,,,List,,,,,,Renewable,,false,,,,,,,
,,,,,f95bd96a-f5f6-4853-bbc8-8aa21ca9e315,false,,testtttttttttttttttttttttttttttt,,,Default,One per quote line,,,,Quantity,,false,,,,,,,,,,false,,,false,,,1.0,false,,,,false,false,false,false,,false,false,false,false,false,false,false,false,,Click,false,false,,false,List,,true,,false,,,,List,,,,,,Renewable,,false,,,,,,,
,,,,,f95bd96a-f5f6-4853-bbc8-8aa21ca9e315,false,,testtttttttttttttttttttttttttttt,,,Default,One per quote line,,,,Quantity,,false,,,,,,,,,,false,,,false,,,1.0,false,,,,false,false,false,false,,false,false,false,false,false,false,false,false,,Click,false,false,,false,List,,true,,false,,,,List,,,,,,Renewable,,false,,,,,,,
,,,,,f95bd96a-f5f6-4853-bbc8-8aa21ca9e315,false,,testtttttttttttttttttttttttttttt,,,Default,One per quote line,,,,Quantity,,false,,,,,,,,,,false,,,false,,,1.0,false,,,,false,false,false,false,,false,false,false,false,false,false,false,false,,Click,false,false,,false,List,,true,,false,,,,List,,,,,,Renewable,,false,,,,,,,
,,,,,f95bd96a-f5f6-4853-bbc8-8aa21ca9e315,false,,testtttttttttttttttttttttttttttt,,,Default,One per quote line,,,,Quantity,,false,,,,,,,,,,false,,,false,,,1.0,false,,,,false,false,false,false,,false,false,false,false,false,false,false,false,,Click,false,false,,false,List,,true,,false,,,,List,,,,,,Renewable,,false,,,,,,,
,,,,,f95bd96a-f5f6-4853-bbc8-8aa21ca9e315,false,,testtttttttttttttttttttttttttttt,,,Default,One per quote line,,,,Quantity,,false,,,,,,,,,,false,,,false,,,1.0,false,,,,false,false,false,false,,false,false,false,false,false,false,false,false,,Click,false,false,,false,List,,true,,false,,,,List,,,,,,Renewable,,false,,,,,,,
,,,,,f95bd96a-f5f6-4853-bbc8-8aa21ca9e315,false,,testtttttttttttttttttttttttttttt,,,Default,One per quote line,,,,Quantity,,false,,,,,,,,,,false,,,false,,,1.0,false,,,,false,false,false,false,,false,false,false,false,false,false,false,false,,Click,false,false,,false,List,,true,,false,,,,List,,,,,,Renewable,,false,,,,,,,
,,,,,f95bd96a-f5f6-4853-bbc8-8aa21ca9e315,false,,testtttttttttttttttttttttttttttt,,,Default,One per quote line,,,,Quantity,,false,,,,,,,,,,false,,,false,,,1.0,false,,,,false,false,false,false,,false,false,false,false,false,false,false,false,,Click,false,false,,false,List,,true,,false,,,,List,,,,,,Renewable,,false,,,,,,,
,,,,,f95bd96a-f5f6-4853-bbc8-8aa21ca9e315,false,,testtttttttttttttttttttttttttttt,,,Default,One per quote line,,,,Quantity,,false,,,,,,,,,,false,,,false,,,1.0,false,,,,false,false,false,false,,false,false,false,false,false,false,false,false,,Click,false,false,,false,List,,true,,false,,,,List,,,,,,Renewable,,false,,,,,,,
,,,,,6a880833-99dc-4729-b6d4-a1f620352d3e,false,,AAAAAAAAAAAAAAAAAAAAAAAAAAA,,,Default,One per quote line,,,,Quantity,,false,,,,,,,,,,false,,,false,,,1.0,false,,,,false,false,false,false,,false,false,false,false,false,false,false,false,,Click,false,false,,false,List,,true,,false,,,,List,,,,,,Renewable,,false,,,,,,,
,,,,,6a880833-99dc-4729-b6d4-a1f620352d3e,false,,AAAAAAAAAAAAAAAAAAAAAAAAAAA,,,Default,One per quote line,,,,Quantity,,false,,,,,,,,,,false,,,false,,,1.0,false,,,,false,false,false,false,,false,false,false,false,false,false,false,false,,Click,false,false,,false,List,,true,,false,,,,List,,,,,,Renewable,,false,,,,,,,
,,,,,6a880833-99dc-4729-b6d4-a1f620352d3e,false,,AAAAAAAAAAAAAAAAAAAAAAAAAAA,,,Default,One per quote line,,,,Quantity,,false,,,,,,,,,,false,,,false,,,1.0,false,,,,false,false,false,false,,false,false,false,false,false,false,false,false,,Click,false,false,,false,List,,true,,false,,,,List,,,,,,Renewable,,false,,,,,,,
,,,,,6a880833-99dc-4729-b6d4-a1f620352d3e,false,,AAAAAAAAAAAAAAAAAAAAAAAAAAA,,,Default,One per quote line,,,,Quantity,,false,,,,,,,,,,false,,,false,,,1.0,false,,,,false,false,false,false,,false,false,false,false,false,false,false,false,,Click,false,false,,false,List,,true,,false,,,,List,,,,,,Renewable,,false,,,,,,,
,,,,,6a880833-99dc-4729-b6d4-a1f620352d3e,false,,AAAAAAAAAAAAAAAAAAAAAAAAAAA,,,Default,One per quote line,,,,Quantity,,false,,,,,,,,,,false,,,false,,,1.0,false,,,,false,false,false,false,,false,false,false,false,false,false,false,false,,Click,false,false,,false,List,,true,,false,,,,List,,,,,,Renewable,,false,,,,,,,
,,,,,6a880833-99dc-4729-b6d4-a1f620352d3e,false,,AAAAAAAAAAAAAAAAAAAAAAAAAAA,,,Default,One per quote line,,,,Quantity,,false,,,,,,,,,,false,,,false,,,1.0,false,,,,false,false,false,false,,false,false,false,false,false,false,false,false,,Click,false,false,,false,List,,true,,false,,,,List,,,,,,Renewable,,false,,,,,,,
,,,,,6a880833-99dc-4729-b6d4-a1f620352d3e,false,,AAAAAAAAAAAAAAAAAAAAAAAAAAA,,,Default,One per quote line,,,,Quantity,,false,,,,,,,,,,false,,,false,,,1.0,false,,,,false,false,false,false,,false,false,false,false,false,false,false,false,,Click,false,false,,false,List,,true,,false,,,,List,,,,,,Renewable,,false,,,,,,,
,,,,,6a880833-99dc-4729-b6d4-a1f620352d3e,false,,AAAAAAAAAAAAAAAAAAAAAAAAAAA,,,Default,One per quote line,,,,Quantity,,false,,,,,,,,,,false,,,false,,,1.0,false,,,,false,false,false,false,,false,false,false,false,false,false,false,false,,Click,false,false,,false,List,,true,,false,,,,List,,,,,,Renewable,,false,,,,,,,
,,,,,6a880833-99dc-4729-b6d4-a1f620352d3e,false,,AAAAAAAAAAAAAAAAAAAAAAAAAAA,,,Default,One per quote line,,,,Quantity,,false,,,,,,,,,,false,,,false,,,1.0,false,,,,false,false,false,false,,false,false,false,false,false,false,false,false,,Click,false,false,,false,List,,true,,false,,,,List,,,,,,Renewable,,false,,,,,,,
,,,,,6a880833-99dc-4729-b6d4-a1f620352d3e,false,,AAAAAAAAAAAAAAAAAAAAAAAAAAA,,,Default,One per quote line,,,,Quantity,,false,,,,,,,,,,false,,,false,,,1.0,false,,,,false,false,false,false,,false,false,false,false,false,false,false,false,,Click,false,false,,false,List,,true,,false,,,,List,,,,,,Renewable,,false,,,,,,,
,,,,,6a880833-99dc-4729-b6d4-a1f620352d3e,false,,AAAAAAAAAAAAAAAAAAAAAAAAAAA,,,Default,One per quote line,,,,Quantity,,false,,,,,,,,,,false,,,false,,,1.0,false,,,,false,false,false,false,,false,false,false,false,false,false,false,false,,Click,false,false,,false,List,,true,,false,,,,List,,,,,,Renewable,,false,,,,,,,
,,,,,6a880833-99dc-4729-b6d4-a1f620352d3e,false,,AAAAAAAAAAAAAAAAAAAAAAAAAAA,,,Default,One per quote line,,,,Quantity,,false,,,,,,,,,,false,,,false,,,1.0,false,,,,false,false,false,false,,false,false,false,false,false,false,false,false,,Click,false,false,,false,List,,true,,false,,,,List,,,,,,Renewable,,false,,,,,,,
,,,,,6a880833-99dc-4729-b6d4-a1f620352d3e,false,,AAAAAAAAAAAAAAAAAAAAAAAAAAA,,,Default,One per quote line,,,,Quantity,,false,,,,,,,,,,false,,,false,,,1.0,false,,,,false,false,false,false,,false,false,false,false,false,false,false,false,,Click,false,false,,false,List,,true,,false,,,,List,,,,,,Renewable,,false,,,,,,,
,,,,,6a880833-99dc-4729-b6d4-a1f620352d3e,false,,AAAAAAAAAAAAAAAAAAAAAAAAAAA,,,Default,One per quote line,,,,Quantity,,false,,,,,,,,,,false,,,false,,,1.0,false,,,,false,false,false,false,,false,false,false,false,false,false,false,false,,Click,false,false,,false,List,,true,,false,,,,List,,,,,,Renewable,,false,,,,,,,
,,,,,6a880833-99dc-4729-b6d4-a1f620352d3e,false,,AAAAAAAAAAAAAAAAAAAAAAAAAAA,,,Default,One per quote line,,,,Quantity,,false,,,,,,,,,,false,,,false,,,1.0,false,,,,false,false,false,false,,false,false,false,false,false,false,false,false,,Click,false,false,,false,List,,true,,false,,,,List,,,,,,Renewable,,false,,,,,,,
,,,,,6a880833-99dc-4729-b6d4-a1f620352d3e,false,,AAAAAAAAAAAAAAAAAAAAAAAAAAA,,,Default,One per quote line,,,,Quantity,,false,,,,,,,,,,false,,,false,,,1.0,false,,,,false,false,false,false,,false,false,false,false,false,false,false,false,,Click,false,false,,false,List,,true,,false,,,,List,,,,,,Renewable,,false,,,,,,,
,,,,,6a880833-99dc-4729-b6d4-a1f620352d3e,false,,AAAAAAAAAAAAAAAAAAAAAAAAAAA,,,Default,One per quote line,,,,Quantity,,false,,,,,,,,,,false,,,false,,,1.0,false,,,,false,false,false,false,,false,false,false,false,false,false,false,false,,Click,false,false,,false,List,,true,,false,,,,List,,,,,,Renewable,,false,,,,,,,
,,,,,6a880833-99dc-4729-b6d4-a1f620352d3e,false,,AAAAAAAAAAAAAAAAAAAAAAAAAAA,,,Default,One per quote line,,,,Quantity,,false,,,,,,,,,,false,,,false,,,1.0,false,,,,false,false,false,false,,false,false,false,false,false,false,false,false,,Click,false,false,,false,List,,true,,false,,,,List,,,,,,Renewable,,false,,,,,,,
,,,,,6a880833-99dc-4729-b6d4-a1f620352d3e,false,,AAAAAAAAAAAAAAAAAAAAAAAAAAA,,,Default,One per quote line,,,,Quantity,,false,,,,,,,,,,false,,,false,,,1.0,false,,,,false,false,false,false,,false,false,false,false,false,false,false,false,,Click,false,false,,false,List,,true,,false,,,,List,,,,,,Renewable,,false,,,,,,,
,,,,,6a880833-99dc-4729-b6d4-a1f620352d3e,false,,AAAAAAAAAAAAAAAAAAAAAAAAAAA,,,Default,One per quote line,,,,Quantity,,false,,,,,,,,,,false,,,false,,,1.0,false,,,,false,false,false,false,,false,false,false,false,false,false,false,false,,Click,false,false,,false,List,,true,,false,,,,List,,,,,,Renewable,,false,,,,,,,
,,,,,6a880833-99dc-4729-b6d4-a1f620352d3e,false,,AAAAAAAAAAAAAAAAAAAAAAAAAAA,,,Default,One per quote line,,,,Quantity,,false,,,,,,,,,,false,,,false,,,1.0,false,,,,false,false,false,false,,false,false,false,false,false,false,false,false,,Click,false,false,,false,List,,true,,false,,,,List,,,,,,Renewable,,false,,,,,,,
,,,,,6a880833-99dc-4729-b6d4-a1f620352d3e,false,,AAAAAAAAAAAAAAAAAAAAAAAAAAA,,,Default,One per quote line,,,,Quantity,,false,,,,,,,,,,false,,,false,,,1.0,false,,,,false,false,false,false,,false,false,false,false,false,false,false,false,,Click,false,false,,false,List,,true,,false,,,,List,,,,,,Renewable,,false,,,,,,,
,,,,,6a880833-99dc-4729-b6d4-a1f620352d3e,false,,AAAAAAAAAAAAAAAAAAAAAAAAAAA,,,Default,One per quote line,,,,Quantity,,false,,,,,,,,,,false,,,false,,,1.0,false,,,,false,false,false,false,,false,false,false,false,false,false,false,false,,Click,false,false,,false,List,,true,,false,,,,List,,,,,,Renewable,,false,,,,,,,
,,,,,6a880833-99dc-4729-b6d4-a1f620352d3e,false,,AAAAAAAAAAAAAAAAAAAAAAAAAAA,,,Default,One per quote line,,,,Quantity,,false,,,,,,,,,,false,,,false,,,1.0,false,,,,false,false,false,false,,false,false,false,false,false,false,false,false,,Click,false,false,,false,List,,true,,false,,,,List,,,,,,Renewable,,false,,,,,,,
,,,,,6a880833-99dc-4729-b6d4-a1f620352d3e,false,,AAAAAAAAAAAAAAAAAAAAAAAAAAA,,,Default,One per quote line,,,,Quantity,,false,,,,,,,,,,false,,,false,,,1.0,false,,,,false,false,false,false,,false,false,false,false,false,false,false,false,,Click,false,false,,false,List,,true,,false,,,,List,,,,,,Renewable,,false,,,,,,,
,,,,,6a880833-99dc-4729-b6d4-a1f620352d3e,false,,AAAAAAAAAAAAAAAAAAAAAAAAAAA,,,Default,One per quote line,,,,Quantity,,false,,,,,,,,,,false,,,false,,,1.0,false,,,,false,false,false,false,,false,false,false,false,false,false,false,false,,Click,false,false,,false,List,,true,,false,,,,List,,,,,,Renewable,,false,,,,,,,
,,,,,6a880833-99dc-4729-b6d4-a1f620352d3e,false,,AAAAAAAAAAAAAAAAAAAAAAAAAAA,,,Default,One per quote line,,,,Quantity,,false,,,,,,,,,,false,,,false,,,1.0,false,,,,false,false,false,false,,false,false,false,false,false,false,false,false,,Click,false,false,,false,List,,true,,false,,,,List,,,,,,Renewable,,false,,,,,,,
,,,,,6a880833-99dc-4729-b6d4-a1f620352d3e,false,,AAAAAAAAAAAAAAAAAAAAAAAAAAA,,,Default,One per quote line,,,,Quantity,,false,,,,,,,,,,false,,,false,,,1.0,false,,,,false,false,false,false,,false,false,false,false,false,false,false,false,,Click,false,false,,false,List,,true,,false,,,,List,,,,,,Renewable,,false,,,,,,,
,,,,,6a880833-99dc-4729-b6d4-a1f620352d3e,false,,AAAAAAAAAAAAAAAAAAAAAAAAAAA,,,Default,One per quote line,,,,Quantity,,false,,,,,,,,,,false,,,false,,,1.0,false,,,,false,false,false,false,,false,false,false,false,false,false,false,false,,Click,false,false,,false,List,,true,,false,,,,List,,,,,,Renewable,,false,,,,,,,
,,,,,6a880833-99dc-4729-b6d4-a1f620352d3e,false,,AAAAAAAAAAAAAAAAAAAAAAAAAAA,,,Default,One per quote line,,,,Quantity,,false,,,,,,,,,,false,,,false,,,1.0,false,,,,false,false,false,false,,false,false,false,false,false,false,false,false,,Click,false,false,,false,List,,true,,false,,,,List,,,,,,Renewable,,false,,,,,,,
,,,,,6a880833-99dc-4729-b6d4-a1f620352d3e,false,,AAAAAAAAAAAAAAAAAAAAAAAAAAA,,,Default,One per quote line,,,,Quantity,,false,,,,,,,,,,false,,,false,,,1.0,false,,,,false,false,false,false,,false,false,false,false,false,false,false,false,,Click,false,false,,false,List,,true,,false,,,,List,,,,,,Renewable,,false,,,,,,,
,,,,,6a880833-99dc-4729-b6d4-a1f620352d3e,false,,AAAAAAAAAAAAAAAAAAAAAAAAAAA,,,Default,One per quote line,,,,Quantity,,false,,,,,,,,,,false,,,false,,,1.0,false,,,,false,false,false,false,,false,false,false,false,false,false,false,false,,Click,false,false,,false,List,,true,,false,,,,List,,,,,,Renewable,,false,,,,,,,
,,,,,6a880833-99dc-4729-b6d4-a1f620352d3e,false,,AAAAAAAAAAAAAAAAAAAAAAAAAAA,,,Default,One per quote line,,,,Quantity,,false,,,,,,,,,,false,,,false,,,1.0,false,,,,false,false,false,false,,false,false,false,false,false,false,false,false,,Click,false,false,,false,List,,true,,false,,,,List,,,,,,Renewable,,false,,,,,,,
,,,,,6a880833-99dc-4729-b6d4-a1f620352d3e,false,,AAAAAAAAAAAAAAAAAAAAAAAAAAA,,,Default,One per quote line,,,,Quantity,,false,,,,,,,,,,false,,,false,,,1.0,false,,,,false,false,false,false,,false,false,false,false,false,false,false,false,,Click,false,false,,false,List,,true,,false,,,,List,,,,,,Renewable,,false,,,,,,,
,,,,,6a880833-99dc-4729-b6d4-a1f620352d3e,false,,AAAAAAAAAAAAAAAAAAAAAAAAAAA,,,Default,One per quote line,,,,Quantity,,false,,,,,,,,,,false,,,false,,,1.0,false,,,,false,false,false,false,,false,false,false,false,false,false,false,false,,Click,false,false,,false,List,,true,,false,,,,List,,,,,,Renewable,,false,,,,,,,
,,,,,6a880833-99dc-4729-b6d4-a1f620352d3e,false,,AAAAAAAAAAAAAAAAAAAAAAAAAAA,,,Default,One per quote line,,,,Quantity,,false,,,,,,,,,,false,,,false,,,1.0,false,,,,false,false,false,false,,false,false,false,false,false,false,false,false,,Click,false,false,,false,List,,true,,false,,,,List,,,,,,Renewable,,false,,,,,,,
,,,,,6a880833-99dc-4729-b6d4-a1f620352d3e,false,,AAAAAAAAAAAAAAAAAAAAAAAAAAA,,,Default,One per quote line,,,,Quantity,,false,,,,,,,,,,false,,,false,,,1.0,false,,,,false,false,false,false,,false,false,false,false,false,false,false,false,,Click,false,false,,false,List,,true,,false,,,,List,,,,,,Renewable,,false,,,,,,,
,,,,,6a880833-99dc-4729-b6d4-a1f620352d3e,false,,AAAAAAAAAAAAAAAAAAAAAAAAAAA,,,Default,One per quote line,,,,Quantity,,false,,,,,,,,,,false,,,false,,,1.0,false,,,,false,false,false,false,,false,false,false,false,false,false,false,false,,Click,false,false,,false,List,,true,,false,,,,List,,,,,,Renewable,,false,,,,,,,
,,,,,6a880833-99dc-4729-b6d4-a1f620352d3e,false,,AAAAAAAAAAAAAAAAAAAAAAAAAAA,,,Default,One per quote line,,,,Quantity,,false,,,,,,,,,,false,,,false,,,1.0,false,,,,false,false,false,false,,false,false,false,false,false,false,false,false,,Click,false,false,,false,List,,true,,false,,,,List,,,,,,Renewable,,false,,,,,,,
,,,,,6a880833-99dc-4729-b6d4-a1f620352d3e,false,,AAAAAAAAAAAAAAAAAAAAAAAAAAA,,,Default,One per quote line,,,,Quantity,,false,,,,,,,,,,false,,,false,,,1.0,false,,,,false,false,false,false,,false,false,false,false,false,false,false,false,,Click,false,false,,false,List,,true,,false,,,,List,,,,,,Renewable,,false,,,,,,,
,,,,,6a880833-99dc-4729-b6d4-a1f620352d3e,false,,AAAAAAAAAAAAAAAAAAAAAAAAAAA,,,Default,One per quote line,,,,Quantity,,false,,,,,,,,,,false,,,false,,,1.0,false,,,,false,false,false,false,,false,false,false,false,false,false,false,false,,Click,false,false,,false,List,,true,,false,,,,List,,,,,,Renewable,,false,,,,,,,
,,,,,6a880833-99dc-4729-b6d4-a1f620352d3e,false,,AAAAAAAAAAAAAAAAAAAAAAAAAAA,,,Default,One per quote line,,,,Quantity,,false,,,,,,,,,,false,,,false,,,1.0,false,,,,false,false,false,false,,false,false,false,false,false,false,false,false,,Click,false,false,,false,List,,true,,false,,,,List,,,,,,Renewable,,false,,,,,,,
,,,,,6a880833-99dc-4729-b6d4-a1f620352d3e,false,,AAAAAAAAAAAAAAAAAAAAAAAAAAA,,,Default,One per quote line,,,,Quantity,,false,,,,,,,,,,false,,,false,,,1.0,false,,,,false,false,false,false,,false,false,false,false,false,false,false,false,,Click,false,false,,false,List,,true,,false,,,,List,,,,,,Renewable,,false,,,,,,,
,,,,,6a880833-99dc-4729-b6d4-a1f620352d3e,false,,AAAAAAAAAAAAAAAAAAAAAAAAAAA,,,Default,One per quote line,,,,Quantity,,false,,,,,,,,,,false,,,false,,,1.0,false,,,,false,false,false,false,,false,false,false,false,false,false,false,false,,Click,false,false,,false,List,,true,,false,,,,List,,,,,,Renewable,,false,,,,,,,
,,,,,6a880833-99dc-4729-b6d4-a1f620352d3e,false,,AAAAAAAAAAAAAAAAAAAAAAAAAAA,,,Default,One per quote line,,,,Quantity,,false,,,,,,,,,,false,,,false,,,1.0,false,,,,false,false,false,false,,false,false,false,false,false,false,false,false,,Click,false,false,,false,List,,true,,false,,,,List,,,,,,Renewable,,false,,,,,,,
,,,,,6a880833-99dc-4729-b6d4-a1f620352d3e,false,,AAAAAAAAAAAAAAAAAAAAAAAAAAA,,,Default,One per quote line,,,,Quantity,,false,,,,,,,,,,false,,,false,,,1.0,false,,,,false,false,false,false,,false,false,false,false,false,false,false,false,,Click,false,false,,false,List,,true,,false,,,,List,,,,,,Renewable,,false,,,,,,,
,,,,,6a880833-99dc-4729-b6d4-a1f620352d3e,false,,AAAAAAAAAAAAAAAAAAAAAAAAAAA,,,Default,One per quote line,,,,Quantity,,false,,,,,,,,,,false,,,false,,,1.0,false,,,,false,false,false,false,,false,false,false,false,false,false,false,false,,Click,false,false,,false,List,,true,,false,,,,List,,,,,,Renewable,,false,,,,,,,
,,,,,6a880833-99dc-4729-b6d4-a1f620352d3e,false,,AAAAAAAAAAAAAAAAAAAAAAAAAAA,,,Default,One per quote line,,,,Quantity,,false,,,,,,,,,,false,,,false,,,1.0,false,,,,false,false,false,false,,false,false,false,false,false,false,false,false,,Click,false,false,,false,List,,true,,false,,,,List,,,,,,Renewable,,false,,,,,,,
,,,,,6a880833-99dc-4729-b6d4-a1f620352d3e,false,,AAAAAAAAAAAAAAAAAAAAAAAAAAA,,,Default,One per quote line,,,,Quantity,,false,,,,,,,,,,false,,,false,,,1.0,false,,,,false,false,false,false,,false,false,false,false,false,false,false,false,,Click,false,false,,false,List,,true,,false,,,,List,,,,,,Renewable,,false,,,,,,,
,,,,,7bc8aba3-8ecd-4694-9fe2-d8d5c3a9af73,false,,TEST,,,Default,One per quote line,,,,Quantity,,false,,,,,,,,,,false,,,false,,,1.0,false,,,,false,false,false,false,,false,false,false,false,false,false,false,false,,Click,false,false,,false,List,,true,,false,,,,List,,,,,,Renewable,,false,,,,,,,
,,,,,7bc8aba3-8ecd-4694-9fe2-d8d5c3a9af73,false,,TEST,,,Default,One per quote line,,,,Quantity,,false,,,,,,,,,,false,,,false,,,1.0,false,,,,false,false,false,false,,false,false,false,false,false,false,false,false,,Click,false,false,,false,List,,true,,false,,,,List,,,,,,Renewable,,false,,,,,,,
,,,,,7bc8aba3-8ecd-4694-9fe2-d8d5c3a9af73,false,,TEST,,,Default,One per quote line,,,,Quantity,,false,,,,,,,,,,false,,,false,,,1.0,false,,,,false,false,false,false,,false,false,false,false,false,false,false,false,,Click,false,false,,false,List,,true,,false,,,,List,,,,,,Renewable,,false,,,,,,,
,,,,,7bc8aba3-8ecd-4694-9fe2-d8d5c3a9af73,false,,TEST,,,Default,One per quote line,,,,Quantity,,false,,,,,,,,,,false,,,false,,,1.0,false,,,,false,false,false,false,,false,false,false,false,false,false,false,false,,Click,false,false,,false,List,,true,,false,,,,List,,,,,,Renewable,,false,,,,,,,
,,,,,7bc8aba3-8ecd-4694-9fe2-d8d5c3a9af73,false,,TEST,,,Default,One per quote line,,,,Quantity,,false,,,,,,,,,,false,,,false,,,1.0,false,,,,false,false,false,false,,false,false,false,false,false,false,false,false,,Click,false,false,,false,List,,true,,false,,,,List,,,,,,Renewable,,false,,,,,,,
,,,,,7bc8aba3-8ecd-4694-9fe2-d8d5c3a9af73,false,,TEST,,,Default,One per quote line,,,,Quantity,,false,,,,,,,,,,false,,,false,,,1.0,false,,,,false,false,false,false,,false,false,false,false,false,false,false,false,,Click,false,false,,false,List,,true,,false,,,,List,,,,,,Renewable,,false,,,,,,,
,,,,,7bc8aba3-8ecd-4694-9fe2-d8d5c3a9af73,false,,TEST,,,Default,One per quote line,,,,Quantity,,false,,,,,,,,,,false,,,false,,,1.0,false,,,,false,false,false,false,,false,false,false,false,false,false,false,false,,Click,false,false,,false,List,,true,,false,,,,List,,,,,,Renewable,,false,,,,,,,
,,,,,7bc8aba3-8ecd-4694-9fe2-d8d5c3a9af73,false,,TEST,,,Default,One per quote line,,,,Quantity,,false,,,,,,,,,,false,,,false,,,1.0,false,,,,false,false,false,false,,false,false,false,false,false,false,false,false,,Click,false,false,,false,List,,true,,false,,,,List,,,,,,Renewable,,false,,,,,,,
,,,,,7bc8aba3-8ecd-4694-9fe2-d8d5c3a9af73,false,,TEST,,,Default,One per quote line,,,,Quantity,,false,,,,,,,,,,false,,,false,,,1.0,false,,,,false,false,false,false,,false,false,false,false,false,false,false,false,,Click,false,false,,false,List,,true,,false,,,,List,,,,,,Renewable,,false,,,,,,,
,,,,,7bc8aba3-8ecd-4694-9fe2-d8d5c3a9af73,false,,TEST,,,Default,One per quote line,,,,Quantity,,false,,,,,,,,,,false,,,false,,,1.0,false,,,,false,false,false,false,,false,false,false,false,false,false,false,false,,Click,false,false,,false,List,,true,,false,,,,List,,,,,,Renewable,,false,,,,,,,
,,,,,7bc8aba3-8ecd-4694-9fe2-d8d5c3a9af73,false,,TEST,,,Default,One per quote line,,,,Quantity,,false,,,,,,,,,,false,,,false,,,1.0,false,,,,false,false,false,false,,false,false,false,false,false,false,false,false,,Click,false,false,,false,List,,true,,false,,,,List,,,,,,Renewable,,false,,,,,,,
,,,,,7bc8aba3-8ecd-4694-9fe2-d8d5c3a9af73,false,,TEST,,,Default,One per quote line,,,,Quantity,,false,,,,,,,,,,false,,,false,,,1.0,false,,,,false,false,false,false,,false,false,false,false,false,false,false,false,,Click,false,false,,false,List,,true,,false,,,,List,,,,,,Renewable,,false,,,,,,,
,,,,,7bc8aba3-8ecd-4694-9fe2-d8d5c3a9af73,false,,TEST,,,Default,One per quote line,,,,Quantity,,false,,,,,,,,,,false,,,false,,,1.0,false,,,,false,false,false,false,,false,false,false,false,false,false,false,false,,Click,false,false,,false,List,,true,,false,,,,List,,,,,,Renewable,,false,,,,,,,
,,,,,7bc8aba3-8ecd-4694-9fe2-d8d5c3a9af73,false,,TEST,,,Default,One per quote line,,,,Quantity,,false,,,,,,,,,,false,,,false,,,1.0,false,,,,false,false,false,false,,false,false,false,false,false,false,false,false,,Click,false,false,,false,List,,true,,false,,,,List,,,,,,Renewable,,false,,,,,,,
,,,,,7bc8aba3-8ecd-4694-9fe2-d8d5c3a9af73,false,,TEST,,,Default,One per quote line,,,,Quantity,,false,,,,,,,,,,false,,,false,,,1.0,false,,,,false,false,false,false,,false,false,false,false,false,false,false,false,,Click,false,false,,false,List,,true,,false,,,,List,,,,,,Renewable,,false,,,,,,,
,,,,,7bc8aba3-8ecd-4694-9fe2-d8d5c3a9af73,false,,TEST,,,Default,One per quote line,,,,Quantity,,false,,,,,,,,,,false,,,false,,,1.0,false,,,,false,false,false,false,,false,false,false,false,false,false,false,false,,Click,false,false,,false,List,,true,,false,,,,List,,,,,,Renewable,,false,,,,,,,
,,,,,7bc8aba3-8ecd-4694-9fe2-d8d5c3a9af73,false,,TEST,,,Default,One per quote line,,,,Quantity,,false,,,,,,,,,,false,,,false,,,1.0,false,,,,false,false,false,false,,false,false,false,false,false,false,false,false,,Click,false,false,,false,List,,true,,false,,,,List,,,,,,Renewable,,false,,,,,,,
,,,,,7bc8aba3-8ecd-4694-9fe2-d8d5c3a9af73,false,,TEST,,,Default,One per quote line,,,,Quantity,,false,,,,,,,,,,false,,,false,,,1.0,false,,,,false,false,false,false,,false,false,false,false,false,false,false,false,,Click,false,false,,false,List,,true,,false,,,,List,,,,,,Renewable,,false,,,,,,,
,,,,,7bc8aba3-8ecd-4694-9fe2-d8d5c3a9af73,false,,TEST,,,Default,One per quote line,,,,Quantity,,false,,,,,,,,,,false,,,false,,,1.0,false,,,,false,false,false,false,,false,false,false,false,false,false,false,false,,Click,false,false,,false,List,,true,,false,,,,List,,,,,,Renewable,,false,,,,,,,
,,,,,7bc8aba3-8ecd-4694-9fe2-d8d5c3a9af73,false,,TEST,,,Default,One per quote line,,,,Quantity,,false,,,,,,,,,,false,,,false,,,1.0,false,,,,false,false,false,false,,false,false,false,false,false,false,false,false,,Click,false,false,,false,List,,true,,false,,,,List,,,,,,Renewable,,false,,,,,,,
,,,,,7bc8aba3-8ecd-4694-9fe2-d8d5c3a9af73,false,,TEST,,,Default,One per quote line,,,,Quantity,,false,,,,,,,,,,false,,,false,,,1.0,false,,,,false,false,false,false,,false,false,false,false,false,false,false,false,,Click,false,false,,false,List,,true,,false,,,,List,,,,,,Renewable,,false,,,,,,,
,,,,,7bc8aba3-8ecd-4694-9fe2-d8d5c3a9af73,false,,TEST,,,Default,One per quote line,,,,Quantity,,false,,,,,,,,,,false,,,false,,,1.0,false,,,,false,false,false,false,,false,false,false,false,false,false,false,false,,Click,false,false,,false,List,,true,,false,,,,List,,,,,,Renewable,,false,,,,,,,
,,,,,7bc8aba3-8ecd-4694-9fe2-d8d5c3a9af73,false,,TEST,,,Default,One per quote line,,,,Quantity,,false,,,,,,,,,,false,,,false,,,1.0,false,,,,false,false,false,false,,false,false,false,false,false,false,false,false,,Click,false,false,,false,List,,true,,false,,,,List,,,,,,Renewable,,false,,,,,,,
,,,,,7bc8aba3-8ecd-4694-9fe2-d8d5c3a9af73,false,,TEST,,,Default,One per quote line,,,,Quantity,,false,,,,,,,,,,false,,,false,,,1.0,false,,,,false,false,false,false,,false,false,false,false,false,false,false,false,,Click,false,false,,false,List,,true,,false,,,,List,,,,,,Renewable,,false,,,,,,,
,,,,,7bc8aba3-8ecd-4694-9fe2-d8d5c3a9af73,false,,TEST,,,Default,One per quote line,,,,Quantity,,false,,,,,,,,,,false,,,false,,,1.0,false,,,,false,false,false,false,,false,false,false,false,false,false,false,false,,Click,false,false,,false,List,,true,,false,,,,List,,,,,,Renewable,,false,,,,,,,
,,,,,7bc8aba3-8ecd-4694-9fe2-d8d5c3a9af73,false,,TEST,,,Default,One per quote line,,,,Quantity,,false,,,,,,,,,,false,,,false,,,1.0,false,,,,false,false,false,false,,false,false,false,false,false,false,false,false,,Click,false,false,,false,List,,true,,false,,,,List,,,,,,Renewable,,false,,,,,,,
,,,,,7bc8aba3-8ecd-4694-9fe2-d8d5c3a9af73,false,,TEST,,,Default,One per quote line,,,,Quantity,,false,,,,,,,,,,false,,,false,,,1.0,false,,,,false,false,false,false,,false,false,false,false,false,false,false,false,,Click,false,false,,false,List,,true,,false,,,,List,,,,,,Renewable,,false,,,,,,,
,,,,,7bc8aba3-8ecd-4694-9fe2-d8d5c3a9af73,false,,TEST,,,Default,One per quote line,,,,Quantity,,false,,,,,,,,,,false,,,false,,,1.0,false,,,,false,false,false,false,,false,false,false,false,false,false,false,false,,Click,false,false,,false,List,,true,,false,,,,List,,,,,,Renewable,,false,,,,,,,
,,,,,7bc8aba3-8ecd-4694-9fe2-d8d5c3a9af73,false,,TEST,,,Default,One per quote line,,,,Quantity,,false,,,,,,,,,,false,,,false,,,1.0,false,,,,false,false,false,false,,false,false,false,false,false,false,false,false,,Click,false,false,,false,List,,true,,false,,,,List,,,,,,Renewable,,false,,,,,,,
,,,,,7bc8aba3-8ecd-4694-9fe2-d8d5c3a9af73,false,,TEST,,,Default,One per quote line,,,,Quantity,,false,,,,,,,,,,false,,,false,,,1.0,false,,,,false,false,false,false,,false,false,false,false,false,false,false,false,,Click,false,false,,false,List,,true,,false,,,,List,,,,,,Renewable,,false,,,,,,,
,,,,,7bc8aba3-8ecd-4694-9fe2-d8d5c3a9af73,false,,TEST,,,Default,One per quote line,,,,Quantity,,false,,,,,,,,,,false,,,false,,,1.0,false,,,,false,false,false,false,,false,false,false,false,false,false,false,false,,Click,false,false,,false,List,,true,,false,,,,List,,,,,,Renewable,,false,,,,,,,
,,,,,7bc8aba3-8ecd-4694-9fe2-d8d5c3a9af73,false,,TEST,,,Default,One per quote line,,,,Quantity,,false,,,,,,,,,,false,,,false,,,1.0,false,,,,false,false,false,false,,false,false,false,false,false,false,false,false,,Click,false,false,,false,List,,true,,false,,,,List,,,,,,Renewable,,false,,,,,,,
,,,,,7bc8aba3-8ecd-4694-9fe2-d8d5c3a9af73,false,,TEST,,,Default,One per quote line,,,,Quantity,,false,,,,,,,,,,false,,,false,,,1.0,false,,,,false,false,false,false,,false,false,false,false,false,false,false,false,,Click,false,false,,false,List,,true,,false,,,,List,,,,,,Renewable,,false,,,,,,,
,,,,,7bc8aba3-8ecd-4694-9fe2-d8d5c3a9af73,false,,TEST,,,Default,One per quote line,,,,Quantity,,false,,,,,,,,,,false,,,false,,,1.0,false,,,,false,false,false,false,,false,false,false,false,false,false,false,false,,Click,false,false,,false,List,,true,,false,,,,List,,,,,,Renewable,,false,,,,,,,
,,,,,7bc8aba3-8ecd-4694-9fe2-d8d5c3a9af73,false,,TEST,,,Default,One per quote line,,,,Quantity,,false,,,,,,,,,,false,,,false,,,1.0,false,,,,false,false,false,false,,false,false,false,false,false,false,false,false,,Click,false,false,,false,List,,true,,false,,,,List,,,,,,Renewable,,false,,,,,,,
,,,,,7bc8aba3-8ecd-4694-9fe2-d8d5c3a9af73,false,,TEST,,,Default,One per quote line,,,,Quantity,,false,,,,,,,,,,false,,,false,,,1.0,false,,,,false,false,false,false,,false,false,false,false,false,false,false,false,,Click,false,false,,false,List,,true,,false,,,,List,,,,,,Renewable,,false,,,,,,,
,,,,,7bc8aba3-8ecd-4694-9fe2-d8d5c3a9af73,false,,TEST,,,Default,One per quote line,,,,Quantity,,false,,,,,,,,,,false,,,false,,,1.0,false,,,,false,false,false,false,,false,false,false,false,false,false,false,false,,Click,false,false,,false,List,,true,,false,,,,List,,,,,,Renewable,,false,,,,,,,
,,,,,7bc8aba3-8ecd-4694-9fe2-d8d5c3a9af73,false,,TEST,,,Default,One per quote line,,,,Quantity,,false,,,,,,,,,,false,,,false,,,1.0,false,,,,false,false,false,false,,false,false,false,false,false,false,false,false,,Click,false,false,,false,List,,true,,false,,,,List,,,,,,Renewable,,false,,,,,,,
,,,,,7bc8aba3-8ecd-4694-9fe2-d8d5c3a9af73,false,,TEST,,,Default,One per quote line,,,,Quantity,,false,,,,,,,,,,false,,,false,,,1.0,false,,,,false,false,false,false,,false,false,false,false,false,false,false,false,,Click,false,false,,false,List,,true,,false,,,,List,,,,,,Renewable,,false,,,,,,,
,,,,,7bc8aba3-8ecd-4694-9fe2-d8d5c3a9af73,false,,TEST,,,Default,One per quote line,,,,Quantity,,false,,,,,,,,,,false,,,false,,,1.0,false,,,,false,false,false,false,,false,false,false,false,false,false,false,false,,Click,false,false,,false,List,,true,,false,,,,List,,,,,,Renewable,,false,,,,,,,
,,,,,7bc8aba3-8ecd-4694-9fe2-d8d5c3a9af73,false,,TEST,,,Default,One per quote line,,,,Quantity,,false,,,,,,,,,,false,,,false,,,1.0,false,,,,false,false,false,false,,false,false,false,false,false,false,false,false,,Click,false,false,,false,List,,true,,false,,,,List,,,,,,Renewable,,false,,,,,,,
,,,,,7bc8aba3-8ecd-4694-9fe2-d8d5c3a9af73,false,,TEST,,,Default,One per quote line,,,,Quantity,,false,,,,,,,,,,false,,,false,,,1.0,false,,,,false,false,false,false,,false,false,false,false,false,false,false,false,,Click,false,false,,false,List,,true,,false,,,,List,,,,,,Renewable,,false,,,,,,,
,,,,,7bc8aba3-8ecd-4694-9fe2-d8d5c3a9af73,false,,TEST,,,Default,One per quote line,,,,Quantity,,false,,,,,,,,,,false,,,false,,,1.0,false,,,,false,false,false,false,,false,false,false,false,false,false,false,false,,Click,false,false,,false,List,,true,,false,,,,List,,,,,,Renewable,,false,,,,,,,
,,,,,7bc8aba3-8ecd-4694-9fe2-d8d5c3a9af73,false,,TEST,,,Default,One per quote line,,,,Quantity,,false,,,,,,,,,,false,,,false,,,1.0,false,,,,false,false,false,false,,false,false,false,false,false,false,false,false,,Click,false,false,,false,List,,true,,false,,,,List,,,,,,Renewable,,false,,,,,,,
,,,,,7bc8aba3-8ecd-4694-9fe2-d8d5c3a9af73,false,,TEST,,,Default,One per quote line,,,,Quantity,,false,,,,,,,,,,false,,,false,,,1.0,false,,,,false,false,false,false,,false,false,false,false,false,false,false,false,,Click,false,false,,false,List,,true,,false,,,,List,,,,,,Renewable,,false,,,,,,,
,,,,,7bc8aba3-8ecd-4694-9fe2-d8d5c3a9af73,false,,TEST,,,Default,One per quote line,,,,Quantity,,false,,,,,,,,,,false,,,false,,,1.0,false,,,,false,false,false,false,,false,false,false,false,false,false,false,false,,Click,false,false,,false,List,,true,,false,,,,List,,,,,,Renewable,,false,,,,,,,
,,,,,7bc8aba3-8ecd-4694-9fe2-d8d5c3a9af73,false,,TEST,,,Default,One per quote line,,,,Quantity,,false,,,,,,,,,,false,,,false,,,1.0,false,,,,false,false,false,false,,false,false,false,false,false,false,false,false,,Click,false,false,,false,List,,true,,false,,,,List,,,,,,Renewable,,false,,,,,,,
,,,,,7bc8aba3-8ecd-4694-9fe2-d8d5c3a9af73,false,,TEST,,,Default,One per quote line,,,,Quantity,,false,,,,,,,,,,false,,,false,,,1.0,false,,,,false,false,false,false,,false,false,false,false,false,false,false,false,,Click,false,false,,false,List,,true,,false,,,,List,,,,,,Renewable,,false,,,,,,,
,,,,,7bc8aba3-8ecd-4694-9fe2-d8d5c3a9af73,false,,TEST,,,Default,One per quote line,,,,Quantity,,false,,,,,,,,,,false,,,false,,,1.0,false,,,,false,false,false,false,,false,false,false,false,false,false,false,false,,Click,false,false,,false,List,,true,,false,,,,List,,,,,,Renewable,,false,,,,,,,
,,,,,f829c4c1-890b-445a-ac3b-24a468e0f71b,false,,myProduct_EDIT,,,Default,One per quote line,,,,Quantity,,false,,,,,,,,,,false,,,false,,,1.0,false,,,,false,false,false,false,,false,false,false,false,false,false,false,false,,Click,false,false,,false,List,,true,,false,,,,List,,,,,,Renewable,,false,,,,,,,
,,,,,f829c4c1-890b-445a-ac3b-24a468e0f71b,false,,myProduct_EDIT,,,Default,One per quote line,,,,Quantity,,false,,,,,,,,,,false,,,false,,,1.0,false,,,,false,false,false,false,,false,false,false,false,false,false,false,false,,Click,false,false,,false,List,,true,,false,,,,List,,,,,,Renewable,,false,,,,,,,
,,,,,f829c4c1-890b-445a-ac3b-24a468e0f71b,false,,myProduct_EDIT,,,Default,One per quote line,,,,Quantity,,false,,,,,,,,,,false,,,false,,,1.0,false,,,,false,false,false,false,,false,false,false,false,false,false,false,false,,Click,false,false,,false,List,,true,,false,,,,List,,,,,,Renewable,,false,,,,,,,
,,,,,f829c4c1-890b-445a-ac3b-24a468e0f71b,false,,myProduct_EDIT,,,Default,One per quote line,,,,Quantity,,false,,,,,,,,,,false,,,false,,,1.0,false,,,,false,false,false,false,,false,false,false,false,false,false,false,false,,Click,false,false,,false,List,,true,,false,,,,List,,,,,,Renewable,,false,,,,,,,
,,,,,f829c4c1-890b-445a-ac3b-24a468e0f71b,false,,myProduct_EDIT,,,Default,One per quote line,,,,Quantity,,false,,,,,,,,,,false,,,false,,,1.0,false,,,,false,false,false,false,,false,false,false,false,false,false,false,false,,Click,false,false,,false,List,,true,,false,,,,List,,,,,,Renewable,,false,,,,,,,
,,,,,f829c4c1-890b-445a-ac3b-24a468e0f71b,false,,myProduct_EDIT,,,Default,One per quote line,,,,Quantity,,false,,,,,,,,,,false,,,false,,,1.0,false,,,,false,false,false,false,,false,false,false,false,false,false,false,false,,Click,false,false,,false,List,,true,,false,,,,List,,,,,,Renewable,,false,,,,,,,
,,,,,f829c4c1-890b-445a-ac3b-24a468e0f71b,false,,myProduct_EDIT,,,Default,One per quote line,,,,Quantity,,false,,,,,,,,,,false,,,false,,,1.0,false,,,,false,false,false,false,,false,false,false,false,false,false,false,false,,Click,false,false,,false,List,,true,,false,,,,List,,,,,,Renewable,,false,,,,,,,
,,,,,f829c4c1-890b-445a-ac3b-24a468e0f71b,false,,myProduct_EDIT,,,Default,One per quote line,,,,Quantity,,false,,,,,,,,,,false,,,false,,,1.0,false,,,,false,false,false,false,,false,false,false,false,false,false,false,false,,Click,false,false,,false,List,,true,,false,,,,List,,,,,,Renewable,,false,,,,,,,
,,,,,f829c4c1-890b-445a-ac3b-24a468e0f71b,false,,myProduct_EDIT,,,Default,One per quote line,,,,Quantity,,false,,,,,,,,,,false,,,false,,,1.0,false,,,,false,false,false,false,,false,false,false,false,false,false,false,false,,Click,false,false,,false,List,,true,,false,,,,List,,,,,,Renewable,,false,,,,,,,
,,,,,f829c4c1-890b-445a-ac3b-24a468e0f71b,false,,myProduct_EDIT,,,Default,One per quote line,,,,Quantity,,false,,,,,,,,,,false,,,false,,,1.0,false,,,,false,false,false,false,,false,false,false,false,false,false,false,false,,Click,false,false,,false,List,,true,,false,,,,List,,,,,,Renewable,,false,,,,,,,
,,,,,f829c4c1-890b-445a-ac3b-24a468e0f71b,false,,myProduct_EDIT,,,Default,One per quote line,,,,Quantity,,false,,,,,,,,,,false,,,false,,,1.0,false,,,,false,false,false,false,,false,false,false,false,false,false,false,false,,Click,false,false,,false,List,,true,,false,,,,List,,,,,,Renewable,,false,,,,,,,
,,,,,f829c4c1-890b-445a-ac3b-24a468e0f71b,false,,myProduct_EDIT,,,Default,One per quote line,,,,Quantity,,false,,,,,,,,,,false,,,false,,,1.0,false,,,,false,false,false,false,,false,false,false,false,false,false,false,false,,Click,false,false,,false,List,,true,,false,,,,List,,,,,,Renewable,,false,,,,,,,
,,,,,f829c4c1-890b-445a-ac3b-24a468e0f71b,false,,myProduct_EDIT,,,Default,One per quote line,,,,Quantity,,false,,,,,,,,,,false,,,false,,,1.0,false,,,,false,false,false,false,,false,false,false,false,false,false,false,false,,Click,false,false,,false,List,,true,,false,,,,List,,,,,,Renewable,,false,,,,,,,
,,,,,f829c4c1-890b-445a-ac3b-24a468e0f71b,false,,myProduct_EDIT,,,Default,One per quote line,,,,Quantity,,false,,,,,,,,,,false,,,false,,,1.0,false,,,,false,false,false,false,,false,false,false,false,false,false,false,false,,Click,false,false,,false,List,,true,,false,,,,List,,,,,,Renewable,,false,,,,,,,
,,,,,f829c4c1-890b-445a-ac3b-24a468e0f71b,false,,myProduct_EDIT,,,Default,One per quote line,,,,Quantity,,false,,,,,,,,,,false,,,false,,,1.0,false,,,,false,false,false,false,,false,false,false,false,false,false,false,false,,Click,false,false,,false,List,,true,,false,,,,List,,,,,,Renewable,,false,,,,,,,
,,,,,f829c4c1-890b-445a-ac3b-24a468e0f71b,false,,myProduct_EDIT,,,Default,One per quote line,,,,Quantity,,false,,,,,,,,,,false,,,false,,,1.0,false,,,,false,false,false,false,,false,false,false,false,false,false,false,false,,Click,false,false,,false,List,,true,,false,,,,List,,,,,,Renewable,,false,,,,,,,
,,,,,f829c4c1-890b-445a-ac3b-24a468e0f71b,false,,myProduct_EDIT,,,Default,One per quote line,,,,Quantity,,false,,,,,,,,,,false,,,false,,,1.0,false,,,,false,false,false,false,,false,false,false,false,false,false,false,false,,Click,false,false,,false,List,,true,,false,,,,List,,,,,,Renewable,,false,,,,,,,
,,,,,f829c4c1-890b-445a-ac3b-24a468e0f71b,false,,myProduct_EDIT,,,Default,One per quote line,,,,Quantity,,false,,,,,,,,,,false,,,false,,,1.0,false,,,,false,false,false,false,,false,false,false,false,false,false,false,false,,Click,false,false,,false,List,,true,,false,,,,List,,,,,,Renewable,,false,,,,,,,
,,,,,f829c4c1-890b-445a-ac3b-24a468e0f71b,false,,myProduct_EDIT,,,Default,One per quote line,,,,Quantity,,false,,,,,,,,,,false,,,false,,,1.0,false,,,,false,false,false,false,,false,false,false,false,false,false,false,false,,Click,false,false,,false,List,,true,,false,,,,List,,,,,,Renewable,,false,,,,,,,
,,,,,f829c4c1-890b-445a-ac3b-24a468e0f71b,false,,myProduct_EDIT,,,Default,One per quote line,,,,Quantity,,false,,,,,,,,,,false,,,false,,,1.0,false,,,,false,false,false,false,,false,false,false,false,false,false,false,false,,Click,false,false,,false,List,,true,,false,,,,List,,,,,,Renewable,,false,,,,,,,
,,,,,f829c4c1-890b-445a-ac3b-24a468e0f71b,false,,myProduct_EDIT,,,Default,One per quote line,,,,Quantity,,false,,,,,,,,,,false,,,false,,,1.0,false,,,,false,false,false,false,,false,false,false,false,false,false,false,false,,Click,false,false,,false,List,,true,,false,,,,List,,,,,,Renewable,,false,,,,,,,
,,,,,f829c4c1-890b-445a-ac3b-24a468e0f71b,false,,myProduct_EDIT,,,Default,One per quote line,,,,Quantity,,false,,,,,,,,,,false,,,false,,,1.0,false,,,,false,false,false,false,,false,false,false,false,false,false,false,false,,Click,false,false,,false,List,,true,,false,,,,List,,,,,,Renewable,,false,,,,,,,
,,,,,f829c4c1-890b-445a-ac3b-24a468e0f71b,false,,myProduct_EDIT,,,Default,One per quote line,,,,Quantity,,false,,,,,,,,,,false,,,false,,,1.0,false,,,,false,false,false,false,,false,false,false,false,false,false,false,false,,Click,false,false,,false,List,,true,,false,,,,List,,,,,,Renewable,,false,,,,,,,
,,,,,f829c4c1-890b-445a-ac3b-24a468e0f71b,false,,myProduct_EDIT,,,Default,One per quote line,,,,Quantity,,false,,,,,,,,,,false,,,false,,,1.0,false,,,,false,false,false,false,,false,false,false,false,false,false,false,false,,Click,false,false,,false,List,,true,,false,,,,List,,,,,,Renewable,,false,,,,,,,
,,,,,f829c4c1-890b-445a-ac3b-24a468e0f71b,false,,myProduct_EDIT,,,Default,One per quote line,,,,Quantity,,false,,,,,,,,,,false,,,false,,,1.0,false,,,,false,false,false,false,,false,false,false,false,false,false,false,false,,Click,false,false,,false,List,,true,,false,,,,List,,,,,,Renewable,,false,,,,,,,
,,,,,f829c4c1-890b-445a-ac3b-24a468e0f71b,false,,myProduct_EDIT,,,Default,One per quote line,,,,Quantity,,false,,,,,,,,,,false,,,false,,,1.0,false,,,,false,false,false,false,,false,false,false,false,false,false,false,false,,Click,false,false,,false,List,,true,,false,,,,List,,,,,,Renewable,,false,,,,,,,
,,,,,f829c4c1-890b-445a-ac3b-24a468e0f71b,false,,myProduct_EDIT,,,Default,One per quote line,,,,Quantity,,false,,,,,,,,,,false,,,false,,,1.0,false,,,,false,false,false,false,,false,false,false,false,false,false,false,false,,Click,false,false,,false,List,,true,,false,,,,List,,,,,,Renewable,,false,,,,,,,
,,,,,f829c4c1-890b-445a-ac3b-24a468e0f71b,false,,myProduct_EDIT,,,Default,One per quote line,,,,Quantity,,false,,,,,,,,,,false,,,false,,,1.0,false,,,,false,false,false,false,,false,false,false,false,false,false,false,false,,Click,false,false,,false,List,,true,,false,,,,List,,,,,,Renewable,,false,,,,,,,
,,,,,f829c4c1-890b-445a-ac3b-24a468e0f71b,false,,myProduct_EDIT,,,Default,One per quote line,,,,Quantity,,false,,,,,,,,,,false,,,false,,,1.0,false,,,,false,false,false,false,,false,false,false,false,false,false,false,false,,Click,false,false,,false,List,,true,,false,,,,List,,,,,,Renewable,,false,,,,,,,
,,,,,f829c4c1-890b-445a-ac3b-24a468e0f71b,false,,myProduct_EDIT,,,Default,One per quote line,,,,Quantity,,false,,,,,,,,,,false,,,false,,,1.0,false,,,,false,false,false,false,,false,false,false,false,false,false,false,false,,Click,false,false,,false,List,,true,,false,,,,List,,,,,,Renewable,,false,,,,,,,
,,,,,f829c4c1-890b-445a-ac3b-24a468e0f71b,false,,myProduct_EDIT,,,Default,One per quote line,,,,Quantity,,false,,,,,,,,,,false,,,false,,,1.0,false,,,,false,false,false,false,,false,false,false,false,false,false,false,false,,Click,false,false,,false,List,,true,,false,,,,List,,,,,,Renewable,,false,,,,,,,
,,,,,f829c4c1-890b-445a-ac3b-24a468e0f71b,false,,myProduct_EDIT,,,Default,One per quote line,,,,Quantity,,false,,,,,,,,,,false,,,false,,,1.0,false,,,,false,false,false,false,,false,false,false,false,false,false,false,false,,Click,false,false,,false,List,,true,,false,,,,List,,,,,,Renewable,,false,,,,,,,
,,,,,f829c4c1-890b-445a-ac3b-24a468e0f71b,false,,myProduct_EDIT,,,Default,One per quote line,,,,Quantity,,false,,,,,,,,,,false,,,false,,,1.0,false,,,,false,false,false,false,,false,false,false,false,false,false,false,false,,Click,false,false,,false,List,,true,,false,,,,List,,,,,,Renewable,,false,,,,,,,
,,,,,f829c4c1-890b-445a-ac3b-24a468e0f71b,false,,myProduct_EDIT,,,Default,One per quote line,,,,Quantity,,false,,,,,,,,,,false,,,false,,,1.0,false,,,,false,false,false,false,,false,false,false,false,false,false,false,false,,Click,false,false,,false,List,,true,,false,,,,List,,,,,,Renewable,,false,,,,,,,
,,,,,f829c4c1-890b-445a-ac3b-24a468e0f71b,false,,myProduct_EDIT,,,Default,One per quote line,,,,Quantity,,false,,,,,,,,,,false,,,false,,,1.0,false,,,,false,false,false,false,,false,false,false,false,false,false,false,false,,Click,false,false,,false,List,,true,,false,,,,List,,,,,,Renewable,,false,,,,,,,
,,,,,f829c4c1-890b-445a-ac3b-24a468e0f71b,false,,myProduct_EDIT,,,Default,One per quote line,,,,Quantity,,false,,,,,,,,,,false,,,false,,,1.0,false,,,,false,false,false,false,,false,false,false,false,false,false,false,false,,Click,false,false,,false,List,,true,,false,,,,List,,,,,,Renewable,,false,,,,,,,
,,,,,f829c4c1-890b-445a-ac3b-24a468e0f71b,false,,myProduct_EDIT,,,Default,One per quote line,,,,Quantity,,false,,,,,,,,,,false,,,false,,,1.0,false,,,,false,false,false,false,,false,false,false,false,false,false,false,false,,Click,false,false,,false,List,,true,,false,,,,List,,,,,,Renewable,,false,,,,,,,
,,,,,f829c4c1-890b-445a-ac3b-24a468e0f71b,false,,myProduct_EDIT,,,Default,One per quote line,,,,Quantity,,false,,,,,,,,,,false,,,false,,,1.0,false,,,,false,false,false,false,,false,false,false,false,false,false,false,false,,Click,false,false,,false,List,,true,,false,,,,List,,,,,,Renewable,,false,,,,,,,
,,,,,f829c4c1-890b-445a-ac3b-24a468e0f71b,false,,myProduct_EDIT,,,Default,One per quote line,,,,Quantity,,false,,,,,,,,,,false,,,false,,,1.0,false,,,,false,false,false,false,,false,false,false,false,false,false,false,false,,Click,false,false,,false,List,,true,,false,,,,List,,,,,,Renewable,,false,,,,,,,
,,,,,f829c4c1-890b-445a-ac3b-24a468e0f71b,false,,myProduct_EDIT,,,Default,One per quote line,,,,Quantity,,false,,,,,,,,,,false,,,false,,,1.0,false,,,,false,false,false,false,,false,false,false,false,false,false,false,false,,Click,false,false,,false,List,,true,,false,,,,List,,,,,,Renewable,,false,,,,,,,
,,,,,f829c4c1-890b-445a-ac3b-24a468e0f71b,false,,myProduct_EDIT,,,Default,One per quote line,,,,Quantity,,false,,,,,,,,,,false,,,false,,,1.0,false,,,,false,false,false,false,,false,false,false,false,false,false,false,false,,Click,false,false,,false,List,,true,,false,,,,List,,,,,,Renewable,,false,,,,,,,
,,,,,f829c4c1-890b-445a-ac3b-24a468e0f71b,false,,myProduct_EDIT,,,Default,One per quote line,,,,Quantity,,false,,,,,,,,,,false,,,false,,,1.0,false,,,,false,false,false,false,,false,false,false,false,false,false,false,false,,Click,false,false,,false,List,,true,,false,,,,List,,,,,,Renewable,,false,,,,,,,
,,,,,f829c4c1-890b-445a-ac3b-24a468e0f71b,false,,myProduct_EDIT,,,Default,One per quote line,,,,Quantity,,false,,,,,,,,,,false,,,false,,,1.0,false,,,,false,false,false,false,,false,false,false,false,false,false,false,false,,Click,false,false,,false,List,,true,,false,,,,List,,,,,,Renewable,,false,,,,,,,
,,,,,f829c4c1-890b-445a-ac3b-24a468e0f71b,false,,myProduct_EDIT,,,Default,One per quote line,,,,Quantity,,false,,,,,,,,,,false,,,false,,,1.0,false,,,,false,false,false,false,,false,false,false,false,false,false,false,false,,Click,false,false,,false,List,,true,,false,,,,List,,,,,,Renewable,,false,,,,,,,
,,,,,f829c4c1-890b-445a-ac3b-24a468e0f71b,false,,myProduct_EDIT,,,Default,One per quote line,,,,Quantity,,false,,,,,,,,,,false,,,false,,,1.0,false,,,,false,false,false,false,,false,false,false,false,false,false,false,false,,Click,false,false,,false,List,,true,,false,,,,List,,,,,,Renewable,,false,,,,,,,
,,,,,f829c4c1-890b-445a-ac3b-24a468e0f71b,false,,myProduct_EDIT,,,Default,One per quote line,,,,Quantity,,false,,,,,,,,,,false,,,false,,,1.0,false,,,,false,false,false,false,,false,false,false,false,false,false,false,false,,Click,false,false,,false,List,,true,,false,,,,List,,,,,,Renewable,,false,,,,,,,
,,,,,f829c4c1-890b-445a-ac3b-24a468e0f71b,false,,myProduct_EDIT,,,Default,One per quote line,,,,Quantity,,false,,,,,,,,,,false,,,false,,,1.0,false,,,,false,false,false,false,,false,false,false,false,false,false,false,false,,Click,false,false,,false,List,,true,,false,,,,List,,,,,,Renewable,,false,,,,,,,
,,,,,f829c4c1-890b-445a-ac3b-24a468e0f71b,false,,myProduct_EDIT,,,Default,One per quote line,,,,Quantity,,false,,,,,,,,,,false,,,false,,,1.0,false,,,,false,false,false,false,,false,false,false,false,false,false,false,false,,Click,false,false,,false,List,,true,,false,,,,List,,,,,,Renewable,,false,,,,,,,
,,,,,f829c4c1-890b-445a-ac3b-24a468e0f71b,false,,myProduct_EDIT,,,Default,One per quote line,,,,Quantity,,false,,,,,,,,,,false,,,false,,,1.0,false,,,,false,false,false,false,,false,false,false,false,false,false,false,false,,Click,false,false,,false,List,,true,,false,,,,List,,,,,,Renewable,,false,,,,,,,
,,,,,4cde68ea-9dab-4b89-9851-45f0d9e97762,false,,myProduct,,,Default,One per quote line,,,,Quantity,,false,,,,,,,,,,false,,,false,,,1.0,false,,,,false,false,false,false,,false,false,false,false,false,false,false,false,,Click,false,false,,false,List,,true,,false,,,,List,,,,,,Renewable,,false,,,,,,,
,,,,,4cde68ea-9dab-4b89-9851-45f0d9e97762,false,,myProduct,,,Default,One per quote line,,,,Quantity,,false,,,,,,,,,,false,,,false,,,1.0,false,,,,false,false,false,false,,false,false,false,false,false,false,false,false,,Click,false,false,,false,List,,true,,false,,,,List,,,,,,Renewable,,false,,,,,,,
,,,,,4cde68ea-9dab-4b89-9851-45f0d9e97762,false,,myProduct,,,Default,One per quote line,,,,Quantity,,false,,,,,,,,,,false,,,false,,,1.0,false,,,,false,false,false,false,,false,false,false,false,false,false,false,false,,Click,false,false,,false,List,,true,,false,,,,List,,,,,,Renewable,,false,,,,,,,
,,,,,4cde68ea-9dab-4b89-9851-45f0d9e97762,false,,myProduct,,,Default,One per quote line,,,,Quantity,,false,,,,,,,,,,false,,,false,,,1.0,false,,,,false,false,false,false,,false,false,false,false,false,false,false,false,,Click,false,false,,false,List,,true,,false,,,,List,,,,,,Renewable,,false,,,,,,,
,,,,,4cde68ea-9dab-4b89-9851-45f0d9e97762,false,,myProduct,,,Default,One per quote line,,,,Quantity,,false,,,,,,,,,,false,,,false,,,1.0,false,,,,false,false,false,false,,false,false,false,false,false,false,false,false,,Click,false,false,,false,List,,true,,false,,,,List,,,,,,Renewable,,false,,,,,,,
,,,,,4cde68ea-9dab-4b89-9851-45f0d9e97762,false,,myProduct,,,Default,One per quote line,,,,Quantity,,false,,,,,,,,,,false,,,false,,,1.0,false,,,,false,false,false,false,,false,false,false,false,false,false,false,false,,Click,false,false,,false,List,,true,,false,,,,List,,,,,,Renewable,,false,,,,,,,
,,,,,4cde68ea-9dab-4b89-9851-45f0d9e97762,false,,myProduct,,,Default,One per quote line,,,,Quantity,,false,,,,,,,,,,false,,,false,,,1.0,false,,,,false,false,false,false,,false,false,false,false,false,false,false,false,,Click,false,false,,false,List,,true,,false,,,,List,,,,,,Renewable,,false,,,,,,,
,,,,,4cde68ea-9dab-4b89-9851-45f0d9e97762,false,,myProduct,,,Default,One per quote line,,,,Quantity,,false,,,,,,,,,,false,,,false,,,1.0,false,,,,false,false,false,false,,false,false,false,false,false,false,false,false,,Click,false,false,,false,List,,true,,false,,,,List,,,,,,Renewable,,false,,,,,,,
,,,,,4cde68ea-9dab-4b89-9851-45f0d9e97762,false,,myProduct,,,Default,One per quote line,,,,Quantity,,false,,,,,,,,,,false,,,false,,,1.0,false,,,,false,false,false,false,,false,false,false,false,false,false,false,false,,Click,false,false,,false,List,,true,,false,,,,List,,,,,,Renewable,,false,,,,,,,
,,,,,4cde68ea-9dab-4b89-9851-45f0d9e97762,false,,myProduct,,,Default,One per quote line,,,,Quantity,,false,,,,,,,,,,false,,,false,,,1.0,false,,,,false,false,false,false,,false,false,false,false,false,false,false,false,,Click,false,false,,false,List,,true,,false,,,,List,,,,,,Renewable,,false,,,,,,,
,,,,,4cde68ea-9dab-4b89-9851-45f0d9e97762,false,,myProduct,,,Default,One per quote line,,,,Quantity,,false,,,,,,,,,,false,,,false,,,1.0,false,,,,false,false,false,false,,false,false,false,false,false,false,false,false,,Click,false,false,,false,List,,true,,false,,,,List,,,,,,Renewable,,false,,,,,,,
,,,,,4cde68ea-9dab-4b89-9851-45f0d9e97762,false,,myProduct,,,Default,One per quote line,,,,Quantity,,false,,,,,,,,,,false,,,false,,,1.0,false,,,,false,false,false,false,,false,false,false,false,false,false,false,false,,Click,false,false,,false,List,,true,,false,,,,List,,,,,,Renewable,,false,,,,,,,
,,,,,4cde68ea-9dab-4b89-9851-45f0d9e97762,false,,myProduct,,,Default,One per quote line,,,,Quantity,,false,,,,,,,,,,false,,,false,,,1.0,false,,,,false,false,false,false,,false,false,false,false,false,false,false,false,,Click,false,false,,false,List,,true,,false,,,,List,,,,,,Renewable,,false,,,,,,,
,,,,,4cde68ea-9dab-4b89-9851-45f0d9e97762,false,,myProduct,,,Default,One per quote line,,,,Quantity,,false,,,,,,,,,,false,,,false,,,1.0,false,,,,false,false,false,false,,false,false,false,false,false,false,false,false,,Click,false,false,,false,List,,true,,false,,,,List,,,,,,Renewable,,false,,,,,,,
,,,,,4cde68ea-9dab-4b89-9851-45f0d9e97762,false,,myProduct,,,Default,One per quote line,,,,Quantity,,false,,,,,,,,,,false,,,false,,,1.0,false,,,,false,false,false,false,,false,false,false,false,false,false,false,false,,Click,false,false,,false,List,,true,,false,,,,List,,,,,,Renewable,,false,,,,,,,
,,,,,4cde68ea-9dab-4b89-9851-45f0d9e97762,false,,myProduct,,,Default,One per quote line,,,,Quantity,,false,,,,,,,,,,false,,,false,,,1.0,false,,,,false,false,false,false,,false,false,false,false,false,false,false,false,,Click,false,false,,false,List,,true,,false,,,,List,,,,,,Renewable,,false,,,,,,,
,,,,,4cde68ea-9dab-4b89-9851-45f0d9e97762,false,,myProduct,,,Default,One per quote line,,,,Quantity,,false,,,,,,,,,,false,,,false,,,1.0,false,,,,false,false,false,false,,false,false,false,false,false,false,false,false,,Click,false,false,,false,List,,true,,false,,,,List,,,,,,Renewable,,false,,,,,,,
,,,,,4cde68ea-9dab-4b89-9851-45f0d9e97762,false,,myProduct,,,Default,One per quote line,,,,Quantity,,false,,,,,,,,,,false,,,false,,,1.0,false,,,,false,false,false,false,,false,false,false,false,false,false,false,false,,Click,false,false,,false,List,,true,,false,,,,List,,,,,,Renewable,,false,,,,,,,
,,,,,4cde68ea-9dab-4b89-9851-45f0d9e97762,false,,myProduct,,,Default,One per quote line,,,,Quantity,,false,,,,,,,,,,false,,,false,,,1.0,false,,,,false,false,false,false,,false,false,false,false,false,false,false,false,,Click,false,false,,false,List,,true,,false,,,,List,,,,,,Renewable,,false,,,,,,,
,,,,,4cde68ea-9dab-4b89-9851-45f0d9e97762,false,,myProduct,,,Default,One per quote line,,,,Quantity,,false,,,,,,,,,,false,,,false,,,1.0,false,,,,false,false,false,false,,false,false,false,false,false,false,false,false,,Click,false,false,,false,List,,true,,false,,,,List,,,,,,Renewable,,false,,,,,,,
,,,,,4cde68ea-9dab-4b89-9851-45f0d9e97762,false,,myProduct,,,Default,One per quote line,,,,Quantity,,false,,,,,,,,,,false,,,false,,,1.0,false,,,,false,false,false,false,,false,false,false,false,false,false,false,false,,Click,false,false,,false,List,,true,,false,,,,List,,,,,,Renewable,,false,,,,,,,
,,,,,4cde68ea-9dab-4b89-9851-45f0d9e97762,false,,myProduct,,,Default,One per quote line,,,,Quantity,,false,,,,,,,,,,false,,,false,,,1.0,false,,,,false,false,false,false,,false,false,false,false,false,false,false,false,,Click,false,false,,false,List,,true,,false,,,,List,,,,,,Renewable,,false,,,,,,,
,,,,,4cde68ea-9dab-4b89-9851-45f0d9e97762,false,,myProduct,,,Default,One per quote line,,,,Quantity,,false,,,,,,,,,,false,,,false,,,1.0,false,,,,false,false,false,false,,false,false,false,false,false,false,false,false,,Click,false,false,,false,List,,true,,false,,,,List,,,,,,Renewable,,false,,,,,,,
,,,,,4cde68ea-9dab-4b89-9851-45f0d9e97762,false,,myProduct,,,Default,One per quote line,,,,Quantity,,false,,,,,,,,,,false,,,false,,,1.0,false,,,,false,false,false,false,,false,false,false,false,false,false,false,false,,Click,false,false,,false,List,,true,,false,,,,List,,,,,,Renewable,,false,,,,,,,
,,,,,4cde68ea-9dab-4b89-9851-45f0d9e97762,false,,myProduct,,,Default,One per quote line,,,,Quantity,,false,,,,,,,,,,false,,,false,,,1.0,false,,,,false,false,false,false,,false,false,false,false,false,false,false,false,,Click,false,false,,false,List,,true,,false,,,,List,,,,,,Renewable,,false,,,,,,,
,,,,,4cde68ea-9dab-4b89-9851-45f0d9e97762,false,,myProduct,,,Default,One per quote line,,,,Quantity,,false,,,,,,,,,,false,,,false,,,1.0,false,,,,false,false,false,false,,false,false,false,false,false,false,false,false,,Click,false,false,,false,List,,true,,false,,,,List,,,,,,Renewable,,false,,,,,,,
,,,,,4cde68ea-9dab-4b89-9851-45f0d9e97762,false,,myProduct,,,Default,One per quote line,,,,Quantity,,false,,,,,,,,,,false,,,false,,,1.0,false,,,,false,false,false,false,,false,false,false,false,false,false,false,false,,Click,false,false,,false,List,,true,,false,,,,List,,,,,,Renewable,,false,,,,,,,
,,,,,4cde68ea-9dab-4b89-9851-45f0d9e97762,false,,myProduct,,,Default,One per quote line,,,,Quantity,,false,,,,,,,,,,false,,,false,,,1.0,false,,,,false,false,false,false,,false,false,false,false,false,false,false,false,,Click,false,false,,false,List,,true,,false,,,,List,,,,,,Renewable,,false,,,,,,,
,,,,,4cde68ea-9dab-4b89-9851-45f0d9e97762,false,,myProduct,,,Default,One per quote line,,,,Quantity,,false,,,,,,,,,,false,,,false,,,1.0,false,,,,false,false,false,false,,false,false,false,false,false,false,false,false,,Click,false,false,,false,List,,true,,false,,,,List,,,,,,Renewable,,false,,,,,,,
,,,,,4cde68ea-9dab-4b89-9851-45f0d9e97762,false,,myProduct,,,Default,One per quote line,,,,Quantity,,false,,,,,,,,,,false,,,false,,,1.0,false,,,,false,false,false,false,,false,false,false,false,false,false,false,false,,Click,false,false,,false,List,,true,,false,,,,List,,,,,,Renewable,,false,,,,,,,
,,,,,4cde68ea-9dab-4b89-9851-45f0d9e97762,false,,myProduct,,,Default,One per quote line,,,,Quantity,,false,,,,,,,,,,false,,,false,,,1.0,false,,,,false,false,false,false,,false,false,false,false,false,false,false,false,,Click,false,false,,false,List,,true,,false,,,,List,,,,,,Renewable,,false,,,,,,,
,,,,,4cde68ea-9dab-4b89-9851-45f0d9e97762,false,,myProduct,,,Default,One per quote line,,,,Quantity,,false,,,,,,,,,,false,,,false,,,1.0,false,,,,false,false,false,false,,false,false,false,false,false,false,false,false,,Click,false,false,,false,List,,true,,false,,,,List,,,,,,Renewable,,false,,,,,,,
,,,,,4cde68ea-9dab-4b89-9851-45f0d9e97762,false,,myProduct,,,Default,One per quote line,,,,Quantity,,false,,,,,,,,,,false,,,false,,,1.0,false,,,,false,false,false,false,,false,false,false,false,false,false,false,false,,Click,false,false,,false,List,,true,,false,,,,List,,,,,,Renewable,,false,,,,,,,
,,,,,4cde68ea-9dab-4b89-9851-45f0d9e97762,false,,myProduct,,,Default,One per quote line,,,,Quantity,,false,,,,,,,,,,false,,,false,,,1.0,false,,,,false,false,false,false,,false,false,false,false,false,false,false,false,,Click,false,false,,false,List,,true,,false,,,,List,,,,,,Renewable,,false,,,,,,,
,,,,,4cde68ea-9dab-4b89-9851-45f0d9e97762,false,,myProduct,,,Default,One per quote line,,,,Quantity,,false,,,,,,,,,,false,,,false,,,1.0,false,,,,false,false,false,false,,false,false,false,false,false,false,false,false,,Click,false,false,,false,List,,true,,false,,,,List,,,,,,Renewable,,false,,,,,,,
,,,,,4cde68ea-9dab-4b89-9851-45f0d9e97762,false,,myProduct,,,Default,One per quote line,,,,Quantity,,false,,,,,,,,,,false,,,false,,,1.0,false,,,,false,false,false,false,,false,false,false,false,false,false,false,false,,Click,false,false,,false,List,,true,,false,,,,List,,,,,,Renewable,,false,,,,,,,
,,,,,4cde68ea-9dab-4b89-9851-45f0d9e97762,false,,myProduct,,,Default,One per quote line,,,,Quantity,,false,,,,,,,,,,false,,,false,,,1.0,false,,,,false,false,false,false,,false,false,false,false,false,false,false,false,,Click,false,false,,false,List,,true,,false,,,,List,,,,,,Renewable,,false,,,,,,,
,,,,,4cde68ea-9dab-4b89-9851-45f0d9e97762,false,,myProduct,,,Default,One per quote line,,,,Quantity,,false,,,,,,,,,,false,,,false,,,1.0,false,,,,false,false,false,false,,false,false,false,false,false,false,false,false,,Click,false,false,,false,List,,true,,false,,,,List,,,,,,Renewable,,false,,,,,,,
,,,,,4cde68ea-9dab-4b89-9851-45f0d9e97762,false,,myProduct,,,Default,One per quote line,,,,Quantity,,false,,,,,,,,,,false,,,false,,,1.0,false,,,,false,false,false,false,,false,false,false,false,false,false,false,false,,Click,false,false,,false,List,,true,,false,,,,List,,,,,,Renewable,,false,,,,,,,
,,,,,4cde68ea-9dab-4b89-9851-45f0d9e97762,false,,myProduct,,,Default,One per quote line,,,,Quantity,,false,,,,,,,,,,false,,,false,,,1.0,false,,,,false,false,false,false,,false,false,false,false,false,false,false,false,,Click,false,false,,false,List,,true,,false,,,,List,,,,,,Renewable,,false,,,,,,,
,,,,,4cde68ea-9dab-4b89-9851-45f0d9e97762,false,,myProduct,,,Default,One per quote line,,,,Quantity,,false,,,,,,,,,,false,,,false,,,1.0,false,,,,false,false,false,false,,false,false,false,false,false,false,false,false,,Click,false,false,,false,List,,true,,false,,,,List,,,,,,Renewable,,false,,,,,,,
,,,,,4cde68ea-9dab-4b89-9851-45f0d9e97762,false,,myProduct,,,Default,One per quote line,,,,Quantity,,false,,,,,,,,,,false,,,false,,,1.0,false,,,,false,false,false,false,,false,false,false,false,false,false,false,false,,Click,false,false,,false,List,,true,,false,,,,List,,,,,,Renewable,,false,,,,,,,
,,,,,4cde68ea-9dab-4b89-9851-45f0d9e97762,false,,myProduct,,,Default,One per quote line,,,,Quantity,,false,,,,,,,,,,false,,,false,,,1.0,false,,,,false,false,false,false,,false,false,false,false,false,false,false,false,,Click,false,false,,false,List,,true,,false,,,,List,,,,,,Renewable,,false,,,,,,,
,,,,,4cde68ea-9dab-4b89-9851-45f0d9e97762,false,,myProduct,,,Default,One per quote line,,,,Quantity,,false,,,,,,,,,,false,,,false,,,1.0,false,,,,false,false,false,false,,false,false,false,false,false,false,false,false,,Click,false,false,,false,List,,true,,false,,,,List,,,,,,Renewable,,false,,,,,,,
,,,,,4cde68ea-9dab-4b89-9851-45f0d9e97762,false,,myProduct,,,Default,One per quote line,,,,Quantity,,false,,,,,,,,,,false,,,false,,,1.0,false,,,,false,false,false,false,,false,false,false,false,false,false,false,false,,Click,false,false,,false,List,,true,,false,,,,List,,,,,,Renewable,,false,,,,,,,
,,,,,4cde68ea-9dab-4b89-9851-45f0d9e97762,false,,myProduct,,,Default,One per quote line,,,,Quantity,,false,,,,,,,,,,false,,,false,,,1.0,false,,,,false,false,false,false,,false,false,false,false,false,false,false,false,,Click,false,false,,false,List,,true,,false,,,,List,,,,,,Renewable,,false,,,,,,,
,,,,,4cde68ea-9dab-4b89-9851-45f0d9e97762,false,,myProduct,,,Default,One per quote line,,,,Quantity,,false,,,,,,,,,,false,,,false,,,1.0,false,,,,false,false,false,false,,false,false,false,false,false,false,false,false,,Click,false,false,,false,List,,true,,false,,,,List,,,,,,Renewable,,false,,,,,,,
,,,,,4cde68ea-9dab-4b89-9851-45f0d9e97762,false,,myProduct,,,Default,One per quote line,,,,Quantity,,false,,,,,,,,,,false,,,false,,,1.0,false,,,,false,false,false,false,,false,false,false,false,false,false,false,false,,Click,false,false,,false,List,,true,,false,,,,List,,,,,,Renewable,,false,,,,,,,
,,,,,4cde68ea-9dab-4b89-9851-45f0d9e97762,false,,myProduct,,,Default,One per quote line,,,,Quantity,,false,,,,,,,,,,false,,,false,,,1.0,false,,,,false,false,false,false,,false,false,false,false,false,false,false,false,,Click,false,false,,false,List,,true,,false,,,,List,,,,,,Renewable,,false,,,,,,,
,,,,,2edb79a6-648c-43e2-80b1-ecde8356899d,false,,test1,,,Default,One per quote line,,,,Quantity,,false,,,,,,,,,,false,,,false,,,1.0,false,,,,false,false,false,false,,false,false,false,false,false,false,false,false,,Click,false,false,,false,List,,true,,false,,,,List,,,,,,Renewable,,false,,,,,,,
,,,,,2edb79a6-648c-43e2-80b1-ecde8356899d,false,,test1,,,Default,One per quote line,,,,Quantity,,false,,,,,,,,,,false,,,false,,,1.0,false,,,,false,false,false,false,,false,false,false,false,false,false,false,false,,Click,false,false,,false,List,,true,,false,,,,List,,,,,,Renewable,,false,,,,,,,
,,,,,2edb79a6-648c-43e2-80b1-ecde8356899d,false,,test1,,,Default,One per quote line,,,,Quantity,,false,,,,,,,,,,false,,,false,,,1.0,false,,,,false,false,false,false,,false,false,false,false,false,false,false,false,,Click,false,false,,false,List,,true,,false,,,,List,,,,,,Renewable,,false,,,,,,,
,,,,,2edb79a6-648c-43e2-80b1-ecde8356899d,false,,test1,,,Default,One per quote line,,,,Quantity,,false,,,,,,,,,,false,,,false,,,1.0,false,,,,false,false,false,false,,false,false,false,false,false,false,false,false,,Click,false,false,,false,List,,true,,false,,,,List,,,,,,Renewable,,false,,,,,,,
,,,,,2edb79a6-648c-43e2-80b1-ecde8356899d,false,,test1,,,Default,One per quote line,,,,Quantity,,false,,,,,,,,,,false,,,false,,,1.0,false,,,,false,false,false,false,,false,false,false,false,false,false,false,false,,Click,false,false,,false,List,,true,,false,,,,List,,,,,,Renewable,,false,,,,,,,
,,,,,2edb79a6-648c-43e2-80b1-ecde8356899d,false,,test1,,,Default,One per quote line,,,,Quantity,,false,,,,,,,,,,false,,,false,,,1.0,false,,,,false,false,false,false,,false,false,false,false,false,false,false,false,,Click,false,false,,false,List,,true,,false,,,,List,,,,,,Renewable,,false,,,,,,,
,,,,,2edb79a6-648c-43e2-80b1-ecde8356899d,false,,test1,,,Default,One per quote line,,,,Quantity,,false,,,,,,,,,,false,,,false,,,1.0,false,,,,false,false,false,false,,false,false,false,false,false,false,false,false,,Click,false,false,,false,List,,true,,false,,,,List,,,,,,Renewable,,false,,,,,,,
,,,,,2edb79a6-648c-43e2-80b1-ecde8356899d,false,,test1,,,Default,One per quote line,,,,Quantity,,false,,,,,,,,,,false,,,false,,,1.0,false,,,,false,false,false,false,,false,false,false,false,false,false,false,false,,Click,false,false,,false,List,,true,,false,,,,List,,,,,,Renewable,,false,,,,,,,
,,,,,2edb79a6-648c-43e2-80b1-ecde8356899d,false,,test1,,,Default,One per quote line,,,,Quantity,,false,,,,,,,,,,false,,,false,,,1.0,false,,,,false,false,false,false,,false,false,false,false,false,false,false,false,,Click,false,false,,false,List,,true,,false,,,,List,,,,,,Renewable,,false,,,,,,,
,,,,,2edb79a6-648c-43e2-80b1-ecde8356899d,false,,test1,,,Default,One per quote line,,,,Quantity,,false,,,,,,,,,,false,,,false,,,1.0,false,,,,false,false,false,false,,false,false,false,false,false,false,false,false,,Click,false,false,,false,List,,true,,false,,,,List,,,,,,Renewable,,false,,,,,,,
,,,,,2edb79a6-648c-43e2-80b1-ecde8356899d,false,,test1,,,Default,One per quote line,,,,Quantity,,false,,,,,,,,,,false,,,false,,,1.0,false,,,,false,false,false,false,,false,false,false,false,false,false,false,false,,Click,false,false,,false,List,,true,,false,,,,List,,,,,,Renewable,,false,,,,,,,
,,,,,2edb79a6-648c-43e2-80b1-ecde8356899d,false,,test1,,,Default,One per quote line,,,,Quantity,,false,,,,,,,,,,false,,,false,,,1.0,false,,,,false,false,false,false,,false,false,false,false,false,false,false,false,,Click,false,false,,false,List,,true,,false,,,,List,,,,,,Renewable,,false,,,,,,,
,,,,,2edb79a6-648c-43e2-80b1-ecde8356899d,false,,test1,,,Default,One per quote line,,,,Quantity,,false,,,,,,,,,,false,,,false,,,1.0,false,,,,false,false,false,false,,false,false,false,false,false,false,false,false,,Click,false,false,,false,List,,true,,false,,,,List,,,,,,Renewable,,false,,,,,,,
,,,,,2edb79a6-648c-43e2-80b1-ecde8356899d,false,,test1,,,Default,One per quote line,,,,Quantity,,false,,,,,,,,,,false,,,false,,,1.0,false,,,,false,false,false,false,,false,false,false,false,false,false,false,false,,Click,false,false,,false,List,,true,,false,,,,List,,,,,,Renewable,,false,,,,,,,
,,,,,2edb79a6-648c-43e2-80b1-ecde8356899d,false,,test1,,,Default,One per quote line,,,,Quantity,,false,,,,,,,,,,false,,,false,,,1.0,false,,,,false,false,false,false,,false,false,false,false,false,false,false,false,,Click,false,false,,false,List,,true,,false,,,,List,,,,,,Renewable,,false,,,,,,,
,,,,,2edb79a6-648c-43e2-80b1-ecde8356899d,false,,test1,,,Default,One per quote line,,,,Quantity,,false,,,,,,,,,,false,,,false,,,1.0,false,,,,false,false,false,false,,false,false,false,false,false,false,false,false,,Click,false,false,,false,List,,true,,false,,,,List,,,,,,Renewable,,false,,,,,,,
,,,,,2edb79a6-648c-43e2-80b1-ecde8356899d,false,,test1,,,Default,One per quote line,,,,Quantity,,false,,,,,,,,,,false,,,false,,,1.0,false,,,,false,false,false,false,,false,false,false,false,false,false,false,false,,Click,false,false,,false,List,,true,,false,,,,List,,,,,,Renewable,,false,,,,,,,
,,,,,2edb79a6-648c-43e2-80b1-ecde8356899d,false,,test1,,,Default,One per quote line,,,,Quantity,,false,,,,,,,,,,false,,,false,,,1.0,false,,,,false,false,false,false,,false,false,false,false,false,false,false,false,,Click,false,false,,false,List,,true,,false,,,,List,,,,,,Renewable,,false,,,,,,,
,,,,,2edb79a6-648c-43e2-80b1-ecde8356899d,false,,test1,,,Default,One per quote line,,,,Quantity,,false,,,,,,,,,,false,,,false,,,1.0,false,,,,false,false,false,false,,false,false,false,false,false,false,false,false,,Click,false,false,,false,List,,true,,false,,,,List,,,,,,Renewable,,false,,,,,,,
,,,,,2edb79a6-648c-43e2-80b1-ecde8356899d,false,,test1,,,Default,One per quote line,,,,Quantity,,false,,,,,,,,,,false,,,false,,,1.0,false,,,,false,false,false,false,,false,false,false,false,false,false,false,false,,Click,false,false,,false,List,,true,,false,,,,List,,,,,,Renewable,,false,,,,,,,
,,,,,2edb79a6-648c-43e2-80b1-ecde8356899d,false,,test1,,,Default,One per quote line,,,,Quantity,,false,,,,,,,,,,false,,,false,,,1.0,false,,,,false,false,false,false,,false,false,false,false,false,false,false,false,,Click,false,false,,false,List,,true,,false,,,,List,,,,,,Renewable,,false,,,,,,,
,,,,,2edb79a6-648c-43e2-80b1-ecde8356899d,false,,test1,,,Default,One per quote line,,,,Quantity,,false,,,,,,,,,,false,,,false,,,1.0,false,,,,false,false,false,false,,false,false,false,false,false,false,false,false,,Click,false,false,,false,List,,true,,false,,,,List,,,,,,Renewable,,false,,,,,,,
,,,,,2edb79a6-648c-43e2-80b1-ecde8356899d,false,,test1,,,Default,One per quote line,,,,Quantity,,false,,,,,,,,,,false,,,false,,,1.0,false,,,,false,false,false,false,,false,false,false,false,false,false,false,false,,Click,false,false,,false,List,,true,,false,,,,List,,,,,,Renewable,,false,,,,,,,
,,,,,2edb79a6-648c-43e2-80b1-ecde8356899d,false,,test1,,,Default,One per quote line,,,,Quantity,,false,,,,,,,,,,false,,,false,,,1.0,false,,,,false,false,false,false,,false,false,false,false,false,false,false,false,,Click,false,false,,false,List,,true,,false,,,,List,,,,,,Renewable,,false,,,,,,,
,,,,,2edb79a6-648c-43e2-80b1-ecde8356899d,false,,test1,,,Default,One per quote line,,,,Quantity,,false,,,,,,,,,,false,,,false,,,1.0,false,,,,false,false,false,false,,false,false,false,false,false,false,false,false,,Click,false,false,,false,List,,true,,false,,,,List,,,,,,Renewable,,false,,,,,,,
,,,,,2edb79a6-648c-43e2-80b1-ecde8356899d,false,,test1,,,Default,One per quote line,,,,Quantity,,false,,,,,,,,,,false,,,false,,,1.0,false,,,,false,false,false,false,,false,false,false,false,false,false,false,false,,Click,false,false,,false,List,,true,,false,,,,List,,,,,,Renewable,,false,,,,,,,
,,,,,2edb79a6-648c-43e2-80b1-ecde8356899d,false,,test1,,,Default,One per quote line,,,,Quantity,,false,,,,,,,,,,false,,,false,,,1.0,false,,,,false,false,false,false,,false,false,false,false,false,false,false,false,,Click,false,false,,false,List,,true,,false,,,,List,,,,,,Renewable,,false,,,,,,,
,,,,,2edb79a6-648c-43e2-80b1-ecde8356899d,false,,test1,,,Default,One per quote line,,,,Quantity,,false,,,,,,,,,,false,,,false,,,1.0,false,,,,false,false,false,false,,false,false,false,false,false,false,false,false,,Click,false,false,,false,List,,true,,false,,,,List,,,,,,Renewable,,false,,,,,,,
,,,,,2edb79a6-648c-43e2-80b1-ecde8356899d,false,,test1,,,Default,One per quote line,,,,Quantity,,false,,,,,,,,,,false,,,false,,,1.0,false,,,,false,false,false,false,,false,false,false,false,false,false,false,false,,Click,false,false,,false,List,,true,,false,,,,List,,,,,,Renewable,,false,,,,,,,
,,,,,2edb79a6-648c-43e2-80b1-ecde8356899d,false,,test1,,,Default,One per quote line,,,,Quantity,,false,,,,,,,,,,false,,,false,,,1.0,false,,,,false,false,false,false,,false,false,false,false,false,false,false,false,,Click,false,false,,false,List,,true,,false,,,,List,,,,,,Renewable,,false,,,,,,,
,,,,,2edb79a6-648c-43e2-80b1-ecde8356899d,false,,test1,,,Default,One per quote line,,,,Quantity,,false,,,,,,,,,,false,,,false,,,1.0,false,,,,false,false,false,false,,false,false,false,false,false,false,false,false,,Click,false,false,,false,List,,true,,false,,,,List,,,,,,Renewable,,false,,,,,,,
,,,,,2edb79a6-648c-43e2-80b1-ecde8356899d,false,,test1,,,Default,One per quote line,,,,Quantity,,false,,,,,,,,,,false,,,false,,,1.0,false,,,,false,false,false,false,,false,false,false,false,false,false,false,false,,Click,false,false,,false,List,,true,,false,,,,List,,,,,,Renewable,,false,,,,,,,
,,,,,2edb79a6-648c-43e2-80b1-ecde8356899d,false,,test1,,,Default,One per quote line,,,,Quantity,,false,,,,,,,,,,false,,,false,,,1.0,false,,,,false,false,false,false,,false,false,false,false,false,false,false,false,,Click,false,false,,false,List,,true,,false,,,,List,,,,,,Renewable,,false,,,,,,,
,,,,,2edb79a6-648c-43e2-80b1-ecde8356899d,false,,test1,,,Default,One per quote line,,,,Quantity,,false,,,,,,,,,,false,,,false,,,1.0,false,,,,false,false,false,false,,false,false,false,false,false,false,false,false,,Click,false,false,,false,List,,true,,false,,,,List,,,,,,Renewable,,false,,,,,,,
,,,,,2edb79a6-648c-43e2-80b1-ecde8356899d,false,,test1,,,Default,One per quote line,,,,Quantity,,false,,,,,,,,,,false,,,false,,,1.0,false,,,,false,false,false,false,,false,false,false,false,false,false,false,false,,Click,false,false,,false,List,,true,,false,,,,List,,,,,,Renewable,,false,,,,,,,
,,,,,2edb79a6-648c-43e2-80b1-ecde8356899d,false,,test1,,,Default,One per quote line,,,,Quantity,,false,,,,,,,,,,false,,,false,,,1.0,false,,,,false,false,false,false,,false,false,false,false,false,false,false,false,,Click,false,false,,false,List,,true,,false,,,,List,,,,,,Renewable,,false,,,,,,,
,,,,,2edb79a6-648c-43e2-80b1-ecde8356899d,false,,test1,,,Default,One per quote line,,,,Quantity,,false,,,,,,,,,,false,,,false,,,1.0,false,,,,false,false,false,false,,false,false,false,false,false,false,false,false,,Click,false,false,,false,List,,true,,false,,,,List,,,,,,Renewable,,false,,,,,,,
,,,,,2edb79a6-648c-43e2-80b1-ecde8356899d,false,,test1,,,Default,One per quote line,,,,Quantity,,false,,,,,,,,,,false,,,false,,,1.0,false,,,,false,false,false,false,,false,false,false,false,false,false,false,false,,Click,false,false,,false,List,,true,,false,,,,List,,,,,,Renewable,,false,,,,,,,
,,,,,2edb79a6-648c-43e2-80b1-ecde8356899d,false,,test1,,,Default,One per quote line,,,,Quantity,,false,,,,,,,,,,false,,,false,,,1.0,false,,,,false,false,false,false,,false,false,false,false,false,false,false,false,,Click,false,false,,false,List,,true,,false,,,,List,,,,,,Renewable,,false,,,,,,,
,,,,,2edb79a6-648c-43e2-80b1-ecde8356899d,false,,test1,,,Default,One per quote line,,,,Quantity,,false,,,,,,,,,,false,,,false,,,1.0,false,,,,false,false,false,false,,false,false,false,false,false,false,false,false,,Click,false,false,,false,List,,true,,false,,,,List,,,,,,Renewable,,false,,,,,,,
,,,,,2edb79a6-648c-43e2-80b1-ecde8356899d,false,,test1,,,Default,One per quote line,,,,Quantity,,false,,,,,,,,,,false,,,false,,,1.0,false,,,,false,false,false,false,,false,false,false,false,false,false,false,false,,Click,false,false,,false,List,,true,,false,,,,List,,,,,,Renewable,,false,,,,,,,
,,,,,2edb79a6-648c-43e2-80b1-ecde8356899d,false,,test1,,,Default,One per quote line,,,,Quantity,,false,,,,,,,,,,false,,,false,,,1.0,false,,,,false,false,false,false,,false,false,false,false,false,false,false,false,,Click,false,false,,false,List,,true,,false,,,,List,,,,,,Renewable,,false,,,,,,,
,,,,,2edb79a6-648c-43e2-80b1-ecde8356899d,false,,test1,,,Default,One per quote line,,,,Quantity,,false,,,,,,,,,,false,,,false,,,1.0,false,,,,false,false,false,false,,false,false,false,false,false,false,false,false,,Click,false,false,,false,List,,true,,false,,,,List,,,,,,Renewable,,false,,,,,,,
,,,,,2edb79a6-648c-43e2-80b1-ecde8356899d,false,,test1,,,Default,One per quote line,,,,Quantity,,false,,,,,,,,,,false,,,false,,,1.0,false,,,,false,false,false,false,,false,false,false,false,false,false,false,false,,Click,false,false,,false,List,,true,,false,,,,List,,,,,,Renewable,,false,,,,,,,
,,,,,2edb79a6-648c-43e2-80b1-ecde8356899d,false,,test1,,,Default,One per quote line,,,,Quantity,,false,,,,,,,,,,false,,,false,,,1.0,false,,,,false,false,false,false,,false,false,false,false,false,false,false,false,,Click,false,false,,false,List,,true,,false,,,,List,,,,,,Renewable,,false,,,,,,,
,,,,,2edb79a6-648c-43e2-80b1-ecde8356899d,false,,test1,,,Default,One per quote line,,,,Quantity,,false,,,,,,,,,,false,,,false,,,1.0,false,,,,false,false,false,false,,false,false,false,false,false,false,false,false,,Click,false,false,,false,List,,true,,false,,,,List,,,,,,Renewable,,false,,,,,,,
,,,,,2edb79a6-648c-43e2-80b1-ecde8356899d,false,,test1,,,Default,One per quote line,,,,Quantity,,false,,,,,,,,,,false,,,false,,,1.0,false,,,,false,false,false,false,,false,false,false,false,false,false,false,false,,Click,false,false,,false,List,,true,,false,,,,List,,,,,,Renewable,,false,,,,,,,
,,,,,2edb79a6-648c-43e2-80b1-ecde8356899d,false,,test1,,,Default,One per quote line,,,,Quantity,,false,,,,,,,,,,false,,,false,,,1.0,false,,,,false,false,false,false,,false,false,false,false,false,false,false,false,,Click,false,false,,false,List,,true,,false,,,,List,,,,,,Renewable,,false,,,,,,,
,,,,,2edb79a6-648c-43e2-80b1-ecde8356899d,false,,test1,,,Default,One per quote line,,,,Quantity,,false,,,,,,,,,,false,,,false,,,1.0,false,,,,false,false,false,false,,false,false,false,false,false,false,false,false,,Click,false,false,,false,List,,true,,false,,,,List,,,,,,Renewable,,false,,,,,,,
,,,,,c68fe676-6c5f-4902-8749-3ea393360d6a,false,,test2,,,Default,One per quote line,,,,Quantity,,false,,,,,,,,,,false,,,false,,,1.0,false,,,,false,false,false,false,,false,false,false,false,false,false,false,false,,Click,false,false,,false,List,,true,,false,,,,List,,,,,,Renewable,,false,,,,,,,
,,,,,c68fe676-6c5f-4902-8749-3ea393360d6a,false,,test2,,,Default,One per quote line,,,,Quantity,,false,,,,,,,,,,false,,,false,,,1.0,false,,,,false,false,false,false,,false,false,false,false,false,false,false,false,,Click,false,false,,false,List,,true,,false,,,,List,,,,,,Renewable,,false,,,,,,,
,,,,,c68fe676-6c5f-4902-8749-3ea393360d6a,false,,test2,,,Default,One per quote line,,,,Quantity,,false,,,,,,,,,,false,,,false,,,1.0,false,,,,false,false,false,false,,false,false,false,false,false,false,false,false,,Click,false,false,,false,List,,true,,false,,,,List,,,,,,Renewable,,false,,,,,,,
,,,,,c68fe676-6c5f-4902-8749-3ea393360d6a,false,,test2,,,Default,One per quote line,,,,Quantity,,false,,,,,,,,,,false,,,false,,,1.0,false,,,,false,false,false,false,,false,false,false,false,false,false,false,false,,Click,false,false,,false,List,,true,,false,,,,List,,,,,,Renewable,,false,,,,,,,
,,,,,c68fe676-6c5f-4902-8749-3ea393360d6a,false,,test2,,,Default,One per quote line,,,,Quantity,,false,,,,,,,,,,false,,,false,,,1.0,false,,,,false,false,false,false,,false,false,false,false,false,false,false,false,,Click,false,false,,false,List,,true,,false,,,,List,,,,,,Renewable,,false,,,,,,,
,,,,,c68fe676-6c5f-4902-8749-3ea393360d6a,false,,test2,,,Default,One per quote line,,,,Quantity,,false,,,,,,,,,,false,,,false,,,1.0,false,,,,false,false,false,false,,false,false,false,false,false,false,false,false,,Click,false,false,,false,List,,true,,false,,,,List,,,,,,Renewable,,false,,,,,,,
,,,,,c68fe676-6c5f-4902-8749-3ea393360d6a,false,,test2,,,Default,One per quote line,,,,Quantity,,false,,,,,,,,,,false,,,false,,,1.0,false,,,,false,false,false,false,,false,false,false,false,false,false,false,false,,Click,false,false,,false,List,,true,,false,,,,List,,,,,,Renewable,,false,,,,,,,
,,,,,c68fe676-6c5f-4902-8749-3ea393360d6a,false,,test2,,,Default,One per quote line,,,,Quantity,,false,,,,,,,,,,false,,,false,,,1.0,false,,,,false,false,false,false,,false,false,false,false,false,false,false,false,,Click,false,false,,false,List,,true,,false,,,,List,,,,,,Renewable,,false,,,,,,,
,,,,,c68fe676-6c5f-4902-8749-3ea393360d6a,false,,test2,,,Default,One per quote line,,,,Quantity,,false,,,,,,,,,,false,,,false,,,1.0,false,,,,false,false,false,false,,false,false,false,false,false,false,false,false,,Click,false,false,,false,List,,true,,false,,,,List,,,,,,Renewable,,false,,,,,,,
,,,,,c68fe676-6c5f-4902-8749-3ea393360d6a,false,,test2,,,Default,One per quote line,,,,Quantity,,false,,,,,,,,,,false,,,false,,,1.0,false,,,,false,false,false,false,,false,false,false,false,false,false,false,false,,Click,false,false,,false,List,,true,,false,,,,List,,,,,,Renewable,,false,,,,,,,
,,,,,c68fe676-6c5f-4902-8749-3ea393360d6a,false,,test2,,,Default,One per quote line,,,,Quantity,,false,,,,,,,,,,false,,,false,,,1.0,false,,,,false,false,false,false,,false,false,false,false,false,false,false,false,,Click,false,false,,false,List,,true,,false,,,,List,,,,,,Renewable,,false,,,,,,,
,,,,,c68fe676-6c5f-4902-8749-3ea393360d6a,false,,test2,,,Default,One per quote line,,,,Quantity,,false,,,,,,,,,,false,,,false,,,1.0,false,,,,false,false,false,false,,false,false,false,false,false,false,false,false,,Click,false,false,,false,List,,true,,false,,,,List,,,,,,Renewable,,false,,,,,,,
,,,,,c68fe676-6c5f-4902-8749-3ea393360d6a,false,,test2,,,Default,One per quote line,,,,Quantity,,false,,,,,,,,,,false,,,false,,,1.0,false,,,,false,false,false,false,,false,false,false,false,false,false,false,false,,Click,false,false,,false,List,,true,,false,,,,List,,,,,,Renewable,,false,,,,,,,
,,,,,c68fe676-6c5f-4902-8749-3ea393360d6a,false,,test2,,,Default,One per quote line,,,,Quantity,,false,,,,,,,,,,false,,,false,,,1.0,false,,,,false,false,false,false,,false,false,false,false,false,false,false,false,,Click,false,false,,false,List,,true,,false,,,,List,,,,,,Renewable,,false,,,,,,,
,,,,,c68fe676-6c5f-4902-8749-3ea393360d6a,false,,test2,,,Default,One per quote line,,,,Quantity,,false,,,,,,,,,,false,,,false,,,1.0,false,,,,false,false,false,false,,false,false,false,false,false,false,false,false,,Click,false,false,,false,List,,true,,false,,,,List,,,,,,Renewable,,false,,,,,,,
,,,,,c68fe676-6c5f-4902-8749-3ea393360d6a,false,,test2,,,Default,One per quote line,,,,Quantity,,false,,,,,,,,,,false,,,false,,,1.0,false,,,,false,false,false,false,,false,false,false,false,false,false,false,false,,Click,false,false,,false,List,,true,,false,,,,List,,,,,,Renewable,,false,,,,,,,
,,,,,c68fe676-6c5f-4902-8749-3ea393360d6a,false,,test2,,,Default,One per quote line,,,,Quantity,,false,,,,,,,,,,false,,,false,,,1.0,false,,,,false,false,false,false,,false,false,false,false,false,false,false,false,,Click,false,false,,false,List,,true,,false,,,,List,,,,,,Renewable,,false,,,,,,,
,,,,,c68fe676-6c5f-4902-8749-3ea393360d6a,false,,test2,,,Default,One per quote line,,,,Quantity,,false,,,,,,,,,,false,,,false,,,1.0,false,,,,false,false,false,false,,false,false,false,false,false,false,false,false,,Click,false,false,,false,List,,true,,false,,,,List,,,,,,Renewable,,false,,,,,,,
,,,,,c68fe676-6c5f-4902-8749-3ea393360d6a,false,,test2,,,Default,One per quote line,,,,Quantity,,false,,,,,,,,,,false,,,false,,,1.0,false,,,,false,false,false,false,,false,false,false,false,false,false,false,false,,Click,false,false,,false,List,,true,,false,,,,List,,,,,,Renewable,,false,,,,,,,
,,,,,c68fe676-6c5f-4902-8749-3ea393360d6a,false,,test2,,,Default,One per quote line,,,,Quantity,,false,,,,,,,,,,false,,,false,,,1.0,false,,,,false,false,false,false,,false,false,false,false,false,false,false,false,,Click,false,false,,false,List,,true,,false,,,,List,,,,,,Renewable,,false,,,,,,,
,,,,,c68fe676-6c5f-4902-8749-3ea393360d6a,false,,test2,,,Default,One per quote line,,,,Quantity,,false,,,,,,,,,,false,,,false,,,1.0,false,,,,false,false,false,false,,false,false,false,false,false,false,false,false,,Click,false,false,,false,List,,true,,false,,,,List,,,,,,Renewable,,false,,,,,,,
,,,,,c68fe676-6c5f-4902-8749-3ea393360d6a,false,,test2,,,Default,One per quote line,,,,Quantity,,false,,,,,,,,,,false,,,false,,,1.0,false,,,,false,false,false,false,,false,false,false,false,false,false,false,false,,Click,false,false,,false,List,,true,,false,,,,List,,,,,,Renewable,,false,,,,,,,
,,,,,c68fe676-6c5f-4902-8749-3ea393360d6a,false,,test2,,,Default,One per quote line,,,,Quantity,,false,,,,,,,,,,false,,,false,,,1.0,false,,,,false,false,false,false,,false,false,false,false,false,false,false,false,,Click,false,false,,false,List,,true,,false,,,,List,,,,,,Renewable,,false,,,,,,,
,,,,,c68fe676-6c5f-4902-8749-3ea393360d6a,false,,test2,,,Default,One per quote line,,,,Quantity,,false,,,,,,,,,,false,,,false,,,1.0,false,,,,false,false,false,false,,false,false,false,false,false,false,false,false,,Click,false,false,,false,List,,true,,false,,,,List,,,,,,Renewable,,false,,,,,,,
,,,,,c68fe676-6c5f-4902-8749-3ea393360d6a,false,,test2,,,Default,One per quote line,,,,Quantity,,false,,,,,,,,,,false,,,false,,,1.0,false,,,,false,false,false,false,,false,false,false,false,false,false,false,false,,Click,false,false,,false,List,,true,,false,,,,List,,,,,,Renewable,,false,,,,,,,
,,,,,c68fe676-6c5f-4902-8749-3ea393360d6a,false,,test2,,,Default,One per quote line,,,,Quantity,,false,,,,,,,,,,false,,,false,,,1.0,false,,,,false,false,false,false,,false,false,false,false,false,false,false,false,,Click,false,false,,false,List,,true,,false,,,,List,,,,,,Renewable,,false,,,,,,,
,,,,,c68fe676-6c5f-4902-8749-3ea393360d6a,false,,test2,,,Default,One per quote line,,,,Quantity,,false,,,,,,,,,,false,,,false,,,1.0,false,,,,false,false,false,false,,false,false,false,false,false,false,false,false,,Click,false,false,,false,List,,true,,false,,,,List,,,,,,Renewable,,false,,,,,,,
,,,,,c68fe676-6c5f-4902-8749-3ea393360d6a,false,,test2,,,Default,One per quote line,,,,Quantity,,false,,,,,,,,,,false,,,false,,,1.0,false,,,,false,false,false,false,,false,false,false,false,false,false,false,false,,Click,false,false,,false,List,,true,,false,,,,List,,,,,,Renewable,,false,,,,,,,
,,,,,c68fe676-6c5f-4902-8749-3ea393360d6a,false,,test2,,,Default,One per quote line,,,,Quantity,,false,,,,,,,,,,false,,,false,,,1.0,false,,,,false,false,false,false,,false,false,false,false,false,false,false,false,,Click,false,false,,false,List,,true,,false,,,,List,,,,,,Renewable,,false,,,,,,,
,,,,,c68fe676-6c5f-4902-8749-3ea393360d6a,false,,test2,,,Default,One per quote line,,,,Quantity,,false,,,,,,,,,,false,,,false,,,1.0,false,,,,false,false,false,false,,false,false,false,false,false,false,false,false,,Click,false,false,,false,List,,true,,false,,,,List,,,,,,Renewable,,false,,,,,,,
,,,,,c68fe676-6c5f-4902-8749-3ea393360d6a,false,,test2,,,Default,One per quote line,,,,Quantity,,false,,,,,,,,,,false,,,false,,,1.0,false,,,,false,false,false,false,,false,false,false,false,false,false,false,false,,Click,false,false,,false,List,,true,,false,,,,List,,,,,,Renewable,,false,,,,,,,
,,,,,c68fe676-6c5f-4902-8749-3ea393360d6a,false,,test2,,,Default,One per quote line,,,,Quantity,,false,,,,,,,,,,false,,,false,,,1.0,false,,,,false,false,false,false,,false,false,false,false,false,false,false,false,,Click,false,false,,false,List,,true,,false,,,,List,,,,,,Renewable,,false,,,,,,,
,,,,,c68fe676-6c5f-4902-8749-3ea393360d6a,false,,test2,,,Default,One per quote line,,,,Quantity,,false,,,,,,,,,,false,,,false,,,1.0,false,,,,false,false,false,false,,false,false,false,false,false,false,false,false,,Click,false,false,,false,List,,true,,false,,,,List,,,,,,Renewable,,false,,,,,,,
,,,,,c68fe676-6c5f-4902-8749-3ea393360d6a,false,,test2,,,Default,One per quote line,,,,Quantity,,false,,,,,,,,,,false,,,false,,,1.0,false,,,,false,false,false,false,,false,false,false,false,false,false,false,false,,Click,false,false,,false,List,,true,,false,,,,List,,,,,,Renewable,,false,,,,,,,
,,,,,c68fe676-6c5f-4902-8749-3ea393360d6a,false,,test2,,,Default,One per quote line,,,,Quantity,,false,,,,,,,,,,false,,,false,,,1.0,false,,,,false,false,false,false,,false,false,false,false,false,false,false,false,,Click,false,false,,false,List,,true,,false,,,,List,,,,,,Renewable,,false,,,,,,,
,,,,,c68fe676-6c5f-4902-8749-3ea393360d6a,false,,test2,,,Default,One per quote line,,,,Quantity,,false,,,,,,,,,,false,,,false,,,1.0,false,,,,false,false,false,false,,false,false,false,false,false,false,false,false,,Click,false,false,,false,List,,true,,false,,,,List,,,,,,Renewable,,false,,,,,,,
,,,,,c68fe676-6c5f-4902-8749-3ea393360d6a,false,,test2,,,Default,One per quote line,,,,Quantity,,false,,,,,,,,,,false,,,false,,,1.0,false,,,,false,false,false,false,,false,false,false,false,false,false,false,false,,Click,false,false,,false,List,,true,,false,,,,List,,,,,,Renewable,,false,,,,,,,
,,,,,c68fe676-6c5f-4902-8749-3ea393360d6a,false,,test2,,,Default,One per quote line,,,,Quantity,,false,,,,,,,,,,false,,,false,,,1.0,false,,,,false,false,false,false,,false,false,false,false,false,false,false,false,,Click,false,false,,false,List,,true,,false,,,,List,,,,,,Renewable,,false,,,,,,,
,,,,,c68fe676-6c5f-4902-8749-3ea393360d6a,false,,test2,,,Default,One per quote line,,,,Quantity,,false,,,,,,,,,,false,,,false,,,1.0,false,,,,false,false,false,false,,false,false,false,false,false,false,false,false,,Click,false,false,,false,List,,true,,false,,,,List,,,,,,Renewable,,false,,,,,,,
,,,,,c68fe676-6c5f-4902-8749-3ea393360d6a,false,,test2,,,Default,One per quote line,,,,Quantity,,false,,,,,,,,,,false,,,false,,,1.0,false,,,,false,false,false,false,,false,false,false,false,false,false,false,false,,Click,false,false,,false,List,,true,,false,,,,List,,,,,,Renewable,,false,,,,,,,
,,,,,c68fe676-6c5f-4902-8749-3ea393360d6a,false,,test2,,,Default,One per quote line,,,,Quantity,,false,,,,,,,,,,false,,,false,,,1.0,false,,,,false,false,false,false,,false,false,false,false,false,false,false,false,,Click,false,false,,false,List,,true,,false,,,,List,,,,,,Renewable,,false,,,,,,,
,,,,,c68fe676-6c5f-4902-8749-3ea393360d6a,false,,test2,,,Default,One per quote line,,,,Quantity,,false,,,,,,,,,,false,,,false,,,1.0,false,,,,false,false,false,false,,false,false,false,false,false,false,false,false,,Click,false,false,,false,List,,true,,false,,,,List,,,,,,Renewable,,false,,,,,,,
,,,,,c68fe676-6c5f-4902-8749-3ea393360d6a,false,,test2,,,Default,One per quote line,,,,Quantity,,false,,,,,,,,,,false,,,false,,,1.0,false,,,,false,false,false,false,,false,false,false,false,false,false,false,false,,Click,false,false,,false,List,,true,,false,,,,List,,,,,,Renewable,,false,,,,,,,
,,,,,c68fe676-6c5f-4902-8749-3ea393360d6a,false,,test2,,,Default,One per quote line,,,,Quantity,,false,,,,,,,,,,false,,,false,,,1.0,false,,,,false,false,false,false,,false,false,false,false,false,false,false,false,,Click,false,false,,false,List,,true,,false,,,,List,,,,,,Renewable,,false,,,,,,,
,,,,,c68fe676-6c5f-4902-8749-3ea393360d6a,false,,test2,,,Default,One per quote line,,,,Quantity,,false,,,,,,,,,,false,,,false,,,1.0,false,,,,false,false,false,false,,false,false,false,false,false,false,false,false,,Click,false,false,,false,List,,true,,false,,,,List,,,,,,Renewable,,false,,,,,,,
,,,,,c68fe676-6c5f-4902-8749-3ea393360d6a,false,,test2,,,Default,One per quote line,,,,Quantity,,false,,,,,,,,,,false,,,false,,,1.0,false,,,,false,false,false,false,,false,false,false,false,false,false,false,false,,Click,false,false,,false,List,,true,,false,,,,List,,,,,,Renewable,,false,,,,,,,
,,,,,c68fe676-6c5f-4902-8749-3ea393360d6a,false,,test2,,,Default,One per quote line,,,,Quantity,,false,,,,,,,,,,false,,,false,,,1.0,false,,,,false,false,false,false,,false,false,false,false,false,false,false,false,,Click,false,false,,false,List,,true,,false,,,,List,,,,,,Renewable,,false,,,,,,,
,,,,,c68fe676-6c5f-4902-8749-3ea393360d6a,false,,test2,,,Default,One per quote line,,,,Quantity,,false,,,,,,,,,,false,,,false,,,1.0,false,,,,false,false,false,false,,false,false,false,false,false,false,false,false,,Click,false,false,,false,List,,true,,false,,,,List,,,,,,Renewable,,false,,,,,,,
,,,,,c68fe676-6c5f-4902-8749-3ea393360d6a,false,,test2,,,Default,One per quote line,,,,Quantity,,false,,,,,,,,,,false,,,false,,,1.0,false,,,,false,false,false,false,,false,false,false,false,false,false,false,false,,Click,false,false,,false,List,,true,,false,,,,List,,,,,,Renewable,,false,,,,,,,
,,,,,9bbd3823-37c1-4065-9849-09feb0589b89,false,,test3,,,Default,One per quote line,,,,Quantity,,false,,,,,,,,,,false,,,false,,,1.0,false,,,,false,false,false,false,,false,false,false,false,false,false,false,false,,Click,false,false,,false,List,,true,,false,,,,List,,,,,,Renewable,,false,,,,,,,
,,,,,9bbd3823-37c1-4065-9849-09feb0589b89,false,,test3,,,Default,One per quote line,,,,Quantity,,false,,,,,,,,,,false,,,false,,,1.0,false,,,,false,false,false,false,,false,false,false,false,false,false,false,false,,Click,false,false,,false,List,,true,,false,,,,List,,,,,,Renewable,,false,,,,,,,
,,,,,9bbd3823-37c1-4065-9849-09feb0589b89,false,,test3,,,Default,One per quote line,,,,Quantity,,false,,,,,,,,,,false,,,false,,,1.0,false,,,,false,false,false,false,,false,false,false,false,false,false,false,false,,Click,false,false,,false,List,,true,,false,,,,List,,,,,,Renewable,,false,,,,,,,
,,,,,9bbd3823-37c1-4065-9849-09feb0589b89,false,,test3,,,Default,One per quote line,,,,Quantity,,false,,,,,,,,,,false,,,false,,,1.0,false,,,,false,false,false,false,,false,false,false,false,false,false,false,false,,Click,false,false,,false,List,,true,,false,,,,List,,,,,,Renewable,,false,,,,,,,
,,,,,9bbd3823-37c1-4065-9849-09feb0589b89,false,,test3,,,Default,One per quote line,,,,Quantity,,false,,,,,,,,,,false,,,false,,,1.0,false,,,,false,false,false,false,,false,false,false,false,false,false,false,false,,Click,false,false,,false,List,,true,,false,,,,List,,,,,,Renewable,,false,,,,,,,
,,,,,9bbd3823-37c1-4065-9849-09feb0589b89,false,,test3,,,Default,One per quote line,,,,Quantity,,false,,,,,,,,,,false,,,false,,,1.0,false,,,,false,false,false,false,,false,false,false,false,false,false,false,false,,Click,false,false,,false,List,,true,,false,,,,List,,,,,,Renewable,,false,,,,,,,
,,,,,9bbd3823-37c1-4065-9849-09feb0589b89,false,,test3,,,Default,One per quote line,,,,Quantity,,false,,,,,,,,,,false,,,false,,,1.0,false,,,,false,false,false,false,,false,false,false,false,false,false,false,false,,Click,false,false,,false,List,,true,,false,,,,List,,,,,,Renewable,,false,,,,,,,
,,,,,9bbd3823-37c1-4065-9849-09feb0589b89,false,,test3,,,Default,One per quote line,,,,Quantity,,false,,,,,,,,,,false,,,false,,,1.0,false,,,,false,false,false,false,,false,false,false,false,false,false,false,false,,Click,false,false,,false,List,,true,,false,,,,List,,,,,,Renewable,,false,,,,,,,
,,,,,9bbd3823-37c1-4065-9849-09feb0589b89,false,,test3,,,Default,One per quote line,,,,Quantity,,false,,,,,,,,,,false,,,false,,,1.0,false,,,,false,false,false,false,,false,false,false,false,false,false,false,false,,Click,false,false,,false,List,,true,,false,,,,List,,,,,,Renewable,,false,,,,,,,
,,,,,9bbd3823-37c1-4065-9849-09feb0589b89,false,,test3,,,Default,One per quote line,,,,Quantity,,false,,,,,,,,,,false,,,false,,,1.0,false,,,,false,false,false,false,,false,false,false,false,false,false,false,false,,Click,false,false,,false,List,,true,,false,,,,List,,,,,,Renewable,,false,,,,,,,
,,,,,9bbd3823-37c1-4065-9849-09feb0589b89,false,,test3,,,Default,One per quote line,,,,Quantity,,false,,,,,,,,,,false,,,false,,,1.0,false,,,,false,false,false,false,,false,false,false,false,false,false,false,false,,Click,false,false,,false,List,,true,,false,,,,List,,,,,,Renewable,,false,,,,,,,
,,,,,9bbd3823-37c1-4065-9849-09feb0589b89,false,,test3,,,Default,One per quote line,,,,Quantity,,false,,,,,,,,,,false,,,false,,,1.0,false,,,,false,false,false,false,,false,false,false,false,false,false,false,false,,Click,false,false,,false,List,,true,,false,,,,List,,,,,,Renewable,,false,,,,,,,
,,,,,9bbd3823-37c1-4065-9849-09feb0589b89,false,,test3,,,Default,One per quote line,,,,Quantity,,false,,,,,,,,,,false,,,false,,,1.0,false,,,,false,false,false,false,,false,false,false,false,false,false,false,false,,Click,false,false,,false,List,,true,,false,,,,List,,,,,,Renewable,,false,,,,,,,
,,,,,9bbd3823-37c1-4065-9849-09feb0589b89,false,,test3,,,Default,One per quote line,,,,Quantity,,false,,,,,,,,,,false,,,false,,,1.0,false,,,,false,false,false,false,,false,false,false,false,false,false,false,false,,Click,false,false,,false,List,,true,,false,,,,List,,,,,,Renewable,,false,,,,,,,
,,,,,9bbd3823-37c1-4065-9849-09feb0589b89,false,,test3,,,Default,One per quote line,,,,Quantity,,false,,,,,,,,,,false,,,false,,,1.0,false,,,,false,false,false,false,,false,false,false,false,false,false,false,false,,Click,false,false,,false,List,,true,,false,,,,List,,,,,,Renewable,,false,,,,,,,
,,,,,9bbd3823-37c1-4065-9849-09feb0589b89,false,,test3,,,Default,One per quote line,,,,Quantity,,false,,,,,,,,,,false,,,false,,,1.0,false,,,,false,false,false,false,,false,false,false,false,false,false,false,false,,Click,false,false,,false,List,,true,,false,,,,List,,,,,,Renewable,,false,,,,,,,
,,,,,9bbd3823-37c1-4065-9849-09feb0589b89,false,,test3,,,Default,One per quote line,,,,Quantity,,false,,,,,,,,,,false,,,false,,,1.0,false,,,,false,false,false,false,,false,false,false,false,false,false,false,false,,Click,false,false,,false,List,,true,,false,,,,List,,,,,,Renewable,,false,,,,,,,
,,,,,9bbd3823-37c1-4065-9849-09feb0589b89,false,,test3,,,Default,One per quote line,,,,Quantity,,false,,,,,,,,,,false,,,false,,,1.0,false,,,,false,false,false,false,,false,false,false,false,false,false,false,false,,Click,false,false,,false,List,,true,,false,,,,List,,,,,,Renewable,,false,,,,,,,
,,,,,9bbd3823-37c1-4065-9849-09feb0589b89,false,,test3,,,Default,One per quote line,,,,Quantity,,false,,,,,,,,,,false,,,false,,,1.0,false,,,,false,false,false,false,,false,false,false,false,false,false,false,false,,Click,false,false,,false,List,,true,,false,,,,List,,,,,,Renewable,,false,,,,,,,
,,,,,9bbd3823-37c1-4065-9849-09feb0589b89,false,,test3,,,Default,One per quote line,,,,Quantity,,false,,,,,,,,,,false,,,false,,,1.0,false,,,,false,false,false,false,,false,false,false,false,false,false,false,false,,Click,false,false,,false,List,,true,,false,,,,List,,,,,,Renewable,,false,,,,,,,
,,,,,9bbd3823-37c1-4065-9849-09feb0589b89,false,,test3,,,Default,One per quote line,,,,Quantity,,false,,,,,,,,,,false,,,false,,,1.0,false,,,,false,false,false,false,,false,false,false,false,false,false,false,false,,Click,false,false,,false,List,,true,,false,,,,List,,,,,,Renewable,,false,,,,,,,
,,,,,9bbd3823-37c1-4065-9849-09feb0589b89,false,,test3,,,Default,One per quote line,,,,Quantity,,false,,,,,,,,,,false,,,false,,,1.0,false,,,,false,false,false,false,,false,false,false,false,false,false,false,false,,Click,false,false,,false,List,,true,,false,,,,List,,,,,,Renewable,,false,,,,,,,
,,,,,9bbd3823-37c1-4065-9849-09feb0589b89,false,,test3,,,Default,One per quote line,,,,Quantity,,false,,,,,,,,,,false,,,false,,,1.0,false,,,,false,false,false,false,,false,false,false,false,false,false,false,false,,Click,false,false,,false,List,,true,,false,,,,List,,,,,,Renewable,,false,,,,,,,
,,,,,9bbd3823-37c1-4065-9849-09feb0589b89,false,,test3,,,Default,One per quote line,,,,Quantity,,false,,,,,,,,,,false,,,false,,,1.0,false,,,,false,false,false,false,,false,false,false,false,false,false,false,false,,Click,false,false,,false,List,,true,,false,,,,List,,,,,,Renewable,,false,,,,,,,
,,,,,9bbd3823-37c1-4065-9849-09feb0589b89,false,,test3,,,Default,One per quote line,,,,Quantity,,false,,,,,,,,,,false,,,false,,,1.0,false,,,,false,false,false,false,,false,false,false,false,false,false,false,false,,Click,false,false,,false,List,,true,,false,,,,List,,,,,,Renewable,,false,,,,,,,
,,,,,9bbd3823-37c1-4065-9849-09feb0589b89,false,,test3,,,Default,One per quote line,,,,Quantity,,false,,,,,,,,,,false,,,false,,,1.0,false,,,,false,false,false,false,,false,false,false,false,false,false,false,false,,Click,false,false,,false,List,,true,,false,,,,List,,,,,,Renewable,,false,,,,,,,
,,,,,9bbd3823-37c1-4065-9849-09feb0589b89,false,,test3,,,Default,One per quote line,,,,Quantity,,false,,,,,,,,,,false,,,false,,,1.0,false,,,,false,false,false,false,,false,false,false,false,false,false,false,false,,Click,false,false,,false,List,,true,,false,,,,List,,,,,,Renewable,,false,,,,,,,
,,,,,9bbd3823-37c1-4065-9849-09feb0589b89,false,,test3,,,Default,One per quote line,,,,Quantity,,false,,,,,,,,,,false,,,false,,,1.0,false,,,,false,false,false,false,,false,false,false,false,false,false,false,false,,Click,false,false,,false,List,,true,,false,,,,List,,,,,,Renewable,,false,,,,,,,
,,,,,9bbd3823-37c1-4065-9849-09feb0589b89,false,,test3,,,Default,One per quote line,,,,Quantity,,false,,,,,,,,,,false,,,false,,,1.0,false,,,,false,false,false,false,,false,false,false,false,false,false,false,false,,Click,false,false,,false,List,,true,,false,,,,List,,,,,,Renewable,,false,,,,,,,
,,,,,9bbd3823-37c1-4065-9849-09feb0589b89,false,,test3,,,Default,One per quote line,,,,Quantity,,false,,,,,,,,,,false,,,false,,,1.0,false,,,,false,false,false,false,,false,false,false,false,false,false,false,false,,Click,false,false,,false,List,,true,,false,,,,List,,,,,,Renewable,,false,,,,,,,
,,,,,9bbd3823-37c1-4065-9849-09feb0589b89,false,,test3,,,Default,One per quote line,,,,Quantity,,false,,,,,,,,,,false,,,false,,,1.0,false,,,,false,false,false,false,,false,false,false,false,false,false,false,false,,Click,false,false,,false,List,,true,,false,,,,List,,,,,,Renewable,,false,,,,,,,
,,,,,9bbd3823-37c1-4065-9849-09feb0589b89,false,,test3,,,Default,One per quote line,,,,Quantity,,false,,,,,,,,,,false,,,false,,,1.0,false,,,,false,false,false,false,,false,false,false,false,false,false,false,false,,Click,false,false,,false,List,,true,,false,,,,List,,,,,,Renewable,,false,,,,,,,
,,,,,9bbd3823-37c1-4065-9849-09feb0589b89,false,,test3,,,Default,One per quote line,,,,Quantity,,false,,,,,,,,,,false,,,false,,,1.0,false,,,,false,false,false,false,,false,false,false,false,false,false,false,false,,Click,false,false,,false,List,,true,,false,,,,List,,,,,,Renewable,,false,,,,,,,
,,,,,9bbd3823-37c1-4065-9849-09feb0589b89,false,,test3,,,Default,One per quote line,,,,Quantity,,false,,,,,,,,,,false,,,false,,,1.0,false,,,,false,false,false,false,,false,false,false,false,false,false,false,false,,Click,false,false,,false,List,,true,,false,,,,List,,,,,,Renewable,,false,,,,,,,
,,,,,9bbd3823-37c1-4065-9849-09feb0589b89,false,,test3,,,Default,One per quote line,,,,Quantity,,false,,,,,,,,,,false,,,false,,,1.0,false,,,,false,false,false,false,,false,false,false,false,false,false,false,false,,Click,false,false,,false,List,,true,,false,,,,List,,,,,,Renewable,,false,,,,,,,
,,,,,9bbd3823-37c1-4065-9849-09feb0589b89,false,,test3,,,Default,One per quote line,,,,Quantity,,false,,,,,,,,,,false,,,false,,,1.0,false,,,,false,false,false,false,,false,false,false,false,false,false,false,false,,Click,false,false,,false,List,,true,,false,,,,List,,,,,,Renewable,,false,,,,,,,
,,,,,9bbd3823-37c1-4065-9849-09feb0589b89,false,,test3,,,Default,One per quote line,,,,Quantity,,false,,,,,,,,,,false,,,false,,,1.0,false,,,,false,false,false,false,,false,false,false,false,false,false,false,false,,Click,false,false,,false,List,,true,,false,,,,List,,,,,,Renewable,,false,,,,,,,
,,,,,9bbd3823-37c1-4065-9849-09feb0589b89,false,,test3,,,Default,One per quote line,,,,Quantity,,false,,,,,,,,,,false,,,false,,,1.0,false,,,,false,false,false,false,,false,false,false,false,false,false,false,false,,Click,false,false,,false,List,,true,,false,,,,List,,,,,,Renewable,,false,,,,,,,
,,,,,9bbd3823-37c1-4065-9849-09feb0589b89,false,,test3,,,Default,One per quote line,,,,Quantity,,false,,,,,,,,,,false,,,false,,,1.0,false,,,,false,false,false,false,,false,false,false,false,false,false,false,false,,Click,false,false,,false,List,,true,,false,,,,List,,,,,,Renewable,,false,,,,,,,
,,,,,9bbd3823-37c1-4065-9849-09feb0589b89,false,,test3,,,Default,One per quote line,,,,Quantity,,false,,,,,,,,,,false,,,false,,,1.0,false,,,,false,false,false,false,,false,false,false,false,false,false,false,false,,Click,false,false,,false,List,,true,,false,,,,List,,,,,,Renewable,,false,,,,,,,
,,,,,9bbd3823-37c1-4065-9849-09feb0589b89,false,,test3,,,Default,One per quote line,,,,Quantity,,false,,,,,,,,,,false,,,false,,,1.0,false,,,,false,false,false,false,,false,false,false,false,false,false,false,false,,Click,false,false,,false,List,,true,,false,,,,List,,,,,,Renewable,,false,,,,,,,
,,,,,9bbd3823-37c1-4065-9849-09feb0589b89,false,,test3,,,Default,One per quote line,,,,Quantity,,false,,,,,,,,,,false,,,false,,,1.0,false,,,,false,false,false,false,,false,false,false,false,false,false,false,false,,Click,false,false,,false,List,,true,,false,,,,List,,,,,,Renewable,,false,,,,,,,
,,,,,9bbd3823-37c1-4065-9849-09feb0589b89,false,,test3,,,Default,One per quote line,,,,Quantity,,false,,,,,,,,,,false,,,false,,,1.0,false,,,,false,false,false,false,,false,false,false,false,false,false,false,false,,Click,false,false,,false,List,,true,,false,,,,List,,,,,,Renewable,,false,,,,,,,
,,,,,9bbd3823-37c1-4065-9849-09feb0589b89,false,,test3,,,Default,One per quote line,,,,Quantity,,false,,,,,,,,,,false,,,false,,,1.0,false,,,,false,false,false,false,,false,false,false,false,false,false,false,false,,Click,false,false,,false,List,,true,,false,,,,List,,,,,,Renewable,,false,,,,,,,
,,,,,9bbd3823-37c1-4065-9849-09feb0589b89,false,,test3,,,Default,One per quote line,,,,Quantity,,false,,,,,,,,,,false,,,false,,,1.0,false,,,,false,false,false,false,,false,false,false,false,false,false,false,false,,Click,false,false,,false,List,,true,,false,,,,List,,,,,,Renewable,,false,,,,,,,
,,,,,9bbd3823-37c1-4065-9849-09feb0589b89,false,,test3,,,Default,One per quote line,,,,Quantity,,false,,,,,,,,,,false,,,false,,,1.0,false,,,,false,false,false,false,,false,false,false,false,false,false,false,false,,Click,false,false,,false,List,,true,,false,,,,List,,,,,,Renewable,,false,,,,,,,
,,,,,9bbd3823-37c1-4065-9849-09feb0589b89,false,,test3,,,Default,One per quote line,,,,Quantity,,false,,,,,,,,,,false,,,false,,,1.0,false,,,,false,false,false,false,,false,false,false,false,false,false,false,false,,Click,false,false,,false,List,,true,,false,,,,List,,,,,,Renewable,,false,,,,,,,
,,,,,9bbd3823-37c1-4065-9849-09feb0589b89,false,,test3,,,Default,One per quote line,,,,Quantity,,false,,,,,,,,,,false,,,false,,,1.0,false,,,,false,false,false,false,,false,false,false,false,false,false,false,false,,Click,false,false,,false,List,,true,,false,,,,List,,,,,,Renewable,,false,,,,,,,
,,,,,9bbd3823-37c1-4065-9849-09feb0589b89,false,,test3,,,Default,One per quote line,,,,Quantity,,false,,,,,,,,,,false,,,false,,,1.0,false,,,,false,false,false,false,,false,false,false,false,false,false,false,false,,Click,false,false,,false,List,,true,,false,,,,List,,,,,,Renewable,,false,,,,,,,
,,,,,0ca4875e-82e2-47b6-b67b-fe0a091be4ac,false,,test4,,,Default,One per quote line,,,,Quantity,,false,,,,,,,,,,false,,,false,,,1.0,false,,,,false,false,false,false,,false,false,false,false,false,false,false,false,,Click,false,false,,false,List,,true,,false,,,,List,,,,,,Renewable,,false,,,,,,,
,,,,,0ca4875e-82e2-47b6-b67b-fe0a091be4ac,false,,test4,,,Default,One per quote line,,,,Quantity,,false,,,,,,,,,,false,,,false,,,1.0,false,,,,false,false,false,false,,false,false,false,false,false,false,false,false,,Click,false,false,,false,List,,true,,false,,,,List,,,,,,Renewable,,false,,,,,,,
,,,,,0ca4875e-82e2-47b6-b67b-fe0a091be4ac,false,,test4,,,Default,One per quote line,,,,Quantity,,false,,,,,,,,,,false,,,false,,,1.0,false,,,,false,false,false,false,,false,false,false,false,false,false,false,false,,Click,false,false,,false,List,,true,,false,,,,List,,,,,,Renewable,,false,,,,,,,
,,,,,0ca4875e-82e2-47b6-b67b-fe0a091be4ac,false,,test4,,,Default,One per quote line,,,,Quantity,,false,,,,,,,,,,false,,,false,,,1.0,false,,,,false,false,false,false,,false,false,false,false,false,false,false,false,,Click,false,false,,false,List,,true,,false,,,,List,,,,,,Renewable,,false,,,,,,,
,,,,,0ca4875e-82e2-47b6-b67b-fe0a091be4ac,false,,test4,,,Default,One per quote line,,,,Quantity,,false,,,,,,,,,,false,,,false,,,1.0,false,,,,false,false,false,false,,false,false,false,false,false,false,false,false,,Click,false,false,,false,List,,true,,false,,,,List,,,,,,Renewable,,false,,,,,,,
,,,,,0ca4875e-82e2-47b6-b67b-fe0a091be4ac,false,,test4,,,Default,One per quote line,,,,Quantity,,false,,,,,,,,,,false,,,false,,,1.0,false,,,,false,false,false,false,,false,false,false,false,false,false,false,false,,Click,false,false,,false,List,,true,,false,,,,List,,,,,,Renewable,,false,,,,,,,
,,,,,0ca4875e-82e2-47b6-b67b-fe0a091be4ac,false,,test4,,,Default,One per quote line,,,,Quantity,,false,,,,,,,,,,false,,,false,,,1.0,false,,,,false,false,false,false,,false,false,false,false,false,false,false,false,,Click,false,false,,false,List,,true,,false,,,,List,,,,,,Renewable,,false,,,,,,,
,,,,,0ca4875e-82e2-47b6-b67b-fe0a091be4ac,false,,test4,,,Default,One per quote line,,,,Quantity,,false,,,,,,,,,,false,,,false,,,1.0,false,,,,false,false,false,false,,false,false,false,false,false,false,false,false,,Click,false,false,,false,List,,true,,false,,,,List,,,,,,Renewable,,false,,,,,,,
,,,,,0ca4875e-82e2-47b6-b67b-fe0a091be4ac,false,,test4,,,Default,One per quote line,,,,Quantity,,false,,,,,,,,,,false,,,false,,,1.0,false,,,,false,false,false,false,,false,false,false,false,false,false,false,false,,Click,false,false,,false,List,,true,,false,,,,List,,,,,,Renewable,,false,,,,,,,
,,,,,0ca4875e-82e2-47b6-b67b-fe0a091be4ac,false,,test4,,,Default,One per quote line,,,,Quantity,,false,,,,,,,,,,false,,,false,,,1.0,false,,,,false,false,false,false,,false,false,false,false,false,false,false,false,,Click,false,false,,false,List,,true,,false,,,,List,,,,,,Renewable,,false,,,,,,,
,,,,,0ca4875e-82e2-47b6-b67b-fe0a091be4ac,false,,test4,,,Default,One per quote line,,,,Quantity,,false,,,,,,,,,,false,,,false,,,1.0,false,,,,false,false,false,false,,false,false,false,false,false,false,false,false,,Click,false,false,,false,List,,true,,false,,,,List,,,,,,Renewable,,false,,,,,,,
,,,,,0ca4875e-82e2-47b6-b67b-fe0a091be4ac,false,,test4,,,Default,One per quote line,,,,Quantity,,false,,,,,,,,,,false,,,false,,,1.0,false,,,,false,false,false,false,,false,false,false,false,false,false,false,false,,Click,false,false,,false,List,,true,,false,,,,List,,,,,,Renewable,,false,,,,,,,
,,,,,0ca4875e-82e2-47b6-b67b-fe0a091be4ac,false,,test4,,,Default,One per quote line,,,,Quantity,,false,,,,,,,,,,false,,,false,,,1.0,false,,,,false,false,false,false,,false,false,false,false,false,false,false,false,,Click,false,false,,false,List,,true,,false,,,,List,,,,,,Renewable,,false,,,,,,,
,,,,,0ca4875e-82e2-47b6-b67b-fe0a091be4ac,false,,test4,,,Default,One per quote line,,,,Quantity,,false,,,,,,,,,,false,,,false,,,1.0,false,,,,false,false,false,false,,false,false,false,false,false,false,false,false,,Click,false,false,,false,List,,true,,false,,,,List,,,,,,Renewable,,false,,,,,,,
,,,,,0ca4875e-82e2-47b6-b67b-fe0a091be4ac,false,,test4,,,Default,One per quote line,,,,Quantity,,false,,,,,,,,,,false,,,false,,,1.0,false,,,,false,false,false,false,,false,false,false,false,false,false,false,false,,Click,false,false,,false,List,,true,,false,,,,List,,,,,,Renewable,,false,,,,,,,
,,,,,0ca4875e-82e2-47b6-b67b-fe0a091be4ac,false,,test4,,,Default,One per quote line,,,,Quantity,,false,,,,,,,,,,false,,,false,,,1.0,false,,,,false,false,false,false,,false,false,false,false,false,false,false,false,,Click,false,false,,false,List,,true,,false,,,,List,,,,,,Renewable,,false,,,,,,,
,,,,,0ca4875e-82e2-47b6-b67b-fe0a091be4ac,false,,test4,,,Default,One per quote line,,,,Quantity,,false,,,,,,,,,,false,,,false,,,1.0,false,,,,false,false,false,false,,false,false,false,false,false,false,false,false,,Click,false,false,,false,List,,true,,false,,,,List,,,,,,Renewable,,false,,,,,,,
,,,,,0ca4875e-82e2-47b6-b67b-fe0a091be4ac,false,,test4,,,Default,One per quote line,,,,Quantity,,false,,,,,,,,,,false,,,false,,,1.0,false,,,,false,false,false,false,,false,false,false,false,false,false,false,false,,Click,false,false,,false,List,,true,,false,,,,List,,,,,,Renewable,,false,,,,,,,
,,,,,0ca4875e-82e2-47b6-b67b-fe0a091be4ac,false,,test4,,,Default,One per quote line,,,,Quantity,,false,,,,,,,,,,false,,,false,,,1.0,false,,,,false,false,false,false,,false,false,false,false,false,false,false,false,,Click,false,false,,false,List,,true,,false,,,,List,,,,,,Renewable,,false,,,,,,,
,,,,,0ca4875e-82e2-47b6-b67b-fe0a091be4ac,false,,test4,,,Default,One per quote line,,,,Quantity,,false,,,,,,,,,,false,,,false,,,1.0,false,,,,false,false,false,false,,false,false,false,false,false,false,false,false,,Click,false,false,,false,List,,true,,false,,,,List,,,,,,Renewable,,false,,,,,,,
,,,,,0ca4875e-82e2-47b6-b67b-fe0a091be4ac,false,,test4,,,Default,One per quote line,,,,Quantity,,false,,,,,,,,,,false,,,false,,,1.0,false,,,,false,false,false,false,,false,false,false,false,false,false,false,false,,Click,false,false,,false,List,,true,,false,,,,List,,,,,,Renewable,,false,,,,,,,
,,,,,0ca4875e-82e2-47b6-b67b-fe0a091be4ac,false,,test4,,,Default,One per quote line,,,,Quantity,,false,,,,,,,,,,false,,,false,,,1.0,false,,,,false,false,false,false,,false,false,false,false,false,false,false,false,,Click,false,false,,false,List,,true,,false,,,,List,,,,,,Renewable,,false,,,,,,,
,,,,,0ca4875e-82e2-47b6-b67b-fe0a091be4ac,false,,test4,,,Default,One per quote line,,,,Quantity,,false,,,,,,,,,,false,,,false,,,1.0,false,,,,false,false,false,false,,false,false,false,false,false,false,false,false,,Click,false,false,,false,List,,true,,false,,,,List,,,,,,Renewable,,false,,,,,,,
,,,,,0ca4875e-82e2-47b6-b67b-fe0a091be4ac,false,,test4,,,Default,One per quote line,,,,Quantity,,false,,,,,,,,,,false,,,false,,,1.0,false,,,,false,false,false,false,,false,false,false,false,false,false,false,false,,Click,false,false,,false,List,,true,,false,,,,List,,,,,,Renewable,,false,,,,,,,
,,,,,0ca4875e-82e2-47b6-b67b-fe0a091be4ac,false,,test4,,,Default,One per quote line,,,,Quantity,,false,,,,,,,,,,false,,,false,,,1.0,false,,,,false,false,false,false,,false,false,false,false,false,false,false,false,,Click,false,false,,false,List,,true,,false,,,,List,,,,,,Renewable,,false,,,,,,,
,,,,,0ca4875e-82e2-47b6-b67b-fe0a091be4ac,false,,test4,,,Default,One per quote line,,,,Quantity,,false,,,,,,,,,,false,,,false,,,1.0,false,,,,false,false,false,false,,false,false,false,false,false,false,false,false,,Click,false,false,,false,List,,true,,false,,,,List,,,,,,Renewable,,false,,,,,,,
,,,,,0ca4875e-82e2-47b6-b67b-fe0a091be4ac,false,,test4,,,Default,One per quote line,,,,Quantity,,false,,,,,,,,,,false,,,false,,,1.0,false,,,,false,false,false,false,,false,false,false,false,false,false,false,false,,Click,false,false,,false,List,,true,,false,,,,List,,,,,,Renewable,,false,,,,,,,
,,,,,0ca4875e-82e2-47b6-b67b-fe0a091be4ac,false,,test4,,,Default,One per quote line,,,,Quantity,,false,,,,,,,,,,false,,,false,,,1.0,false,,,,false,false,false,false,,false,false,false,false,false,false,false,false,,Click,false,false,,false,List,,true,,false,,,,List,,,,,,Renewable,,false,,,,,,,
,,,,,0ca4875e-82e2-47b6-b67b-fe0a091be4ac,false,,test4,,,Default,One per quote line,,,,Quantity,,false,,,,,,,,,,false,,,false,,,1.0,false,,,,false,false,false,false,,false,false,false,false,false,false,false,false,,Click,false,false,,false,List,,true,,false,,,,List,,,,,,Renewable,,false,,,,,,,
,,,,,0ca4875e-82e2-47b6-b67b-fe0a091be4ac,false,,test4,,,Default,One per quote line,,,,Quantity,,false,,,,,,,,,,false,,,false,,,1.0,false,,,,false,false,false,false,,false,false,false,false,false,false,false,false,,Click,false,false,,false,List,,true,,false,,,,List,,,,,,Renewable,,false,,,,,,,
,,,,,0ca4875e-82e2-47b6-b67b-fe0a091be4ac,false,,test4,,,Default,One per quote line,,,,Quantity,,false,,,,,,,,,,false,,,false,,,1.0,false,,,,false,false,false,false,,false,false,false,false,false,false,false,false,,Click,false,false,,false,List,,true,,false,,,,List,,,,,,Renewable,,false,,,,,,,
,,,,,0ca4875e-82e2-47b6-b67b-fe0a091be4ac,false,,test4,,,Default,One per quote line,,,,Quantity,,false,,,,,,,,,,false,,,false,,,1.0,false,,,,false,false,false,false,,false,false,false,false,false,false,false,false,,Click,false,false,,false,List,,true,,false,,,,List,,,,,,Renewable,,false,,,,,,,
,,,,,0ca4875e-82e2-47b6-b67b-fe0a091be4ac,false,,test4,,,Default,One per quote line,,,,Quantity,,false,,,,,,,,,,false,,,false,,,1.0,false,,,,false,false,false,false,,false,false,false,false,false,false,false,false,,Click,false,false,,false,List,,true,,false,,,,List,,,,,,Renewable,,false,,,,,,,
,,,,,0ca4875e-82e2-47b6-b67b-fe0a091be4ac,false,,test4,,,Default,One per quote line,,,,Quantity,,false,,,,,,,,,,false,,,false,,,1.0,false,,,,false,false,false,false,,false,false,false,false,false,false,false,false,,Click,false,false,,false,List,,true,,false,,,,List,,,,,,Renewable,,false,,,,,,,
,,,,,0ca4875e-82e2-47b6-b67b-fe0a091be4ac,false,,test4,,,Default,One per quote line,,,,Quantity,,false,,,,,,,,,,false,,,false,,,1.0,false,,,,false,false,false,false,,false,false,false,false,false,false,false,false,,Click,false,false,,false,List,,true,,false,,,,List,,,,,,Renewable,,false,,,,,,,
,,,,,0ca4875e-82e2-47b6-b67b-fe0a091be4ac,false,,test4,,,Default,One per quote line,,,,Quantity,,false,,,,,,,,,,false,,,false,,,1.0,false,,,,false,false,false,false,,false,false,false,false,false,false,false,false,,Click,false,false,,false,List,,true,,false,,,,List,,,,,,Renewable,,false,,,,,,,
,,,,,0ca4875e-82e2-47b6-b67b-fe0a091be4ac,false,,test4,,,Default,One per quote line,,,,Quantity,,false,,,,,,,,,,false,,,false,,,1.0,false,,,,false,false,false,false,,false,false,false,false,false,false,false,false,,Click,false,false,,false,List,,true,,false,,,,List,,,,,,Renewable,,false,,,,,,,
,,,,,0ca4875e-82e2-47b6-b67b-fe0a091be4ac,false,,test4,,,Default,One per quote line,,,,Quantity,,false,,,,,,,,,,false,,,false,,,1.0,false,,,,false,false,false,false,,false,false,false,false,false,false,false,false,,Click,false,false,,false,List,,true,,false,,,,List,,,,,,Renewable,,false,,,,,,,
,,,,,0ca4875e-82e2-47b6-b67b-fe0a091be4ac,false,,test4,,,Default,One per quote line,,,,Quantity,,false,,,,,,,,,,false,,,false,,,1.0,false,,,,false,false,false,false,,false,false,false,false,false,false,false,false,,Click,false,false,,false,List,,true,,false,,,,List,,,,,,Renewable,,false,,,,,,,
,,,,,0ca4875e-82e2-47b6-b67b-fe0a091be4ac,false,,test4,,,Default,One per quote line,,,,Quantity,,false,,,,,,,,,,false,,,false,,,1.0,false,,,,false,false,false,false,,false,false,false,false,false,false,false,false,,Click,false,false,,false,List,,true,,false,,,,List,,,,,,Renewable,,false,,,,,,,
,,,,,0ca4875e-82e2-47b6-b67b-fe0a091be4ac,false,,test4,,,Default,One per quote line,,,,Quantity,,false,,,,,,,,,,false,,,false,,,1.0,false,,,,false,false,false,false,,false,false,false,false,false,false,false,false,,Click,false,false,,false,List,,true,,false,,,,List,,,,,,Renewable,,false,,,,,,,
,,,,,0ca4875e-82e2-47b6-b67b-fe0a091be4ac,false,,test4,,,Default,One per quote line,,,,Quantity,,false,,,,,,,,,,false,,,false,,,1.0,false,,,,false,false,false,false,,false,false,false,false,false,false,false,false,,Click,false,false,,false,List,,true,,false,,,,List,,,,,,Renewable,,false,,,,,,,
,,,,,0ca4875e-82e2-47b6-b67b-fe0a091be4ac,false,,test4,,,Default,One per quote line,,,,Quantity,,false,,,,,,,,,,false,,,false,,,1.0,false,,,,false,false,false,false,,false,false,false,false,false,false,false,false,,Click,false,false,,false,List,,true,,false,,,,List,,,,,,Renewable,,false,,,,,,,
,,,,,0ca4875e-82e2-47b6-b67b-fe0a091be4ac,false,,test4,,,Default,One per quote line,,,,Quantity,,false,,,,,,,,,,false,,,false,,,1.0,false,,,,false,false,false,false,,false,false,false,false,false,false,false,false,,Click,false,false,,false,List,,true,,false,,,,List,,,,,,Renewable,,false,,,,,,,
,,,,,0ca4875e-82e2-47b6-b67b-fe0a091be4ac,false,,test4,,,Default,One per quote line,,,,Quantity,,false,,,,,,,,,,false,,,false,,,1.0,false,,,,false,false,false,false,,false,false,false,false,false,false,false,false,,Click,false,false,,false,List,,true,,false,,,,List,,,,,,Renewable,,false,,,,,,,
,,,,,0ca4875e-82e2-47b6-b67b-fe0a091be4ac,false,,test4,,,Default,One per quote line,,,,Quantity,,false,,,,,,,,,,false,,,false,,,1.0,false,,,,false,false,false,false,,false,false,false,false,false,false,false,false,,Click,false,false,,false,List,,true,,false,,,,List,,,,,,Renewable,,false,,,,,,,
,,,,,0ca4875e-82e2-47b6-b67b-fe0a091be4ac,false,,test4,,,Default,One per quote line,,,,Quantity,,false,,,,,,,,,,false,,,false,,,1.0,false,,,,false,false,false,false,,false,false,false,false,false,false,false,false,,Click,false,false,,false,List,,true,,false,,,,List,,,,,,Renewable,,false,,,,,,,
,,,,,0ca4875e-82e2-47b6-b67b-fe0a091be4ac,false,,test4,,,Default,One per quote line,,,,Quantity,,false,,,,,,,,,,false,,,false,,,1.0,false,,,,false,false,false,false,,false,false,false,false,false,false,false,false,,Click,false,false,,false,List,,true,,false,,,,List,,,,,,Renewable,,false,,,,,,,
,,,,,0ca4875e-82e2-47b6-b67b-fe0a091be4ac,false,,test4,,,Default,One per quote line,,,,Quantity,,false,,,,,,,,,,false,,,false,,,1.0,false,,,,false,false,false,false,,false,false,false,false,false,false,false,false,,Click,false,false,,false,List,,true,,false,,,,List,,,,,,Renewable,,false,,,,,,,
,,,,,35cfd26e-d66b-49df-8361-1725fc42dfdf,false,,skipInstertTest,,,Default,One per quote line,,,,Quantity,,false,,,,,,,,,,false,,,false,,,1.0,false,,,,false,false,false,false,,false,false,false,false,false,false,false,false,,Click,false,false,,false,List,,true,,false,,,,List,,,,,,Renewable,,false,,,,,,,
,,,,,35cfd26e-d66b-49df-8361-1725fc42dfdf,false,,skipInstertTest,,,Default,One per quote line,,,,Quantity,,false,,,,,,,,,,false,,,false,,,1.0,false,,,,false,false,false,false,,false,false,false,false,false,false,false,false,,Click,false,false,,false,List,,true,,false,,,,List,,,,,,Renewable,,false,,,,,,,
,,,,,35cfd26e-d66b-49df-8361-1725fc42dfdf,false,,skipInstertTest,,,Default,One per quote line,,,,Quantity,,false,,,,,,,,,,false,,,false,,,1.0,false,,,,false,false,false,false,,false,false,false,false,false,false,false,false,,Click,false,false,,false,List,,true,,false,,,,List,,,,,,Renewable,,false,,,,,,,
,,,,,35cfd26e-d66b-49df-8361-1725fc42dfdf,false,,skipInstertTest,,,Default,One per quote line,,,,Quantity,,false,,,,,,,,,,false,,,false,,,1.0,false,,,,false,false,false,false,,false,false,false,false,false,false,false,false,,Click,false,false,,false,List,,true,,false,,,,List,,,,,,Renewable,,false,,,,,,,
,,,,,35cfd26e-d66b-49df-8361-1725fc42dfdf,false,,skipInstertTest,,,Default,One per quote line,,,,Quantity,,false,,,,,,,,,,false,,,false,,,1.0,false,,,,false,false,false,false,,false,false,false,false,false,false,false,false,,Click,false,false,,false,List,,true,,false,,,,List,,,,,,Renewable,,false,,,,,,,
,,,,,35cfd26e-d66b-49df-8361-1725fc42dfdf,false,,skipInstertTest,,,Default,One per quote line,,,,Quantity,,false,,,,,,,,,,false,,,false,,,1.0,false,,,,false,false,false,false,,false,false,false,false,false,false,false,false,,Click,false,false,,false,List,,true,,false,,,,List,,,,,,Renewable,,false,,,,,,,
,,,,,35cfd26e-d66b-49df-8361-1725fc42dfdf,false,,skipInstertTest,,,Default,One per quote line,,,,Quantity,,false,,,,,,,,,,false,,,false,,,1.0,false,,,,false,false,false,false,,false,false,false,false,false,false,false,false,,Click,false,false,,false,List,,true,,false,,,,List,,,,,,Renewable,,false,,,,,,,
,,,,,35cfd26e-d66b-49df-8361-1725fc42dfdf,false,,skipInstertTest,,,Default,One per quote line,,,,Quantity,,false,,,,,,,,,,false,,,false,,,1.0,false,,,,false,false,false,false,,false,false,false,false,false,false,false,false,,Click,false,false,,false,List,,true,,false,,,,List,,,,,,Renewable,,false,,,,,,,
,,,,,35cfd26e-d66b-49df-8361-1725fc42dfdf,false,,skipInstertTest,,,Default,One per quote line,,,,Quantity,,false,,,,,,,,,,false,,,false,,,1.0,false,,,,false,false,false,false,,false,false,false,false,false,false,false,false,,Click,false,false,,false,List,,true,,false,,,,List,,,,,,Renewable,,false,,,,,,,
,,,,,35cfd26e-d66b-49df-8361-1725fc42dfdf,false,,skipInstertTest,,,Default,One per quote line,,,,Quantity,,false,,,,,,,,,,false,,,false,,,1.0,false,,,,false,false,false,false,,false,false,false,false,false,false,false,false,,Click,false,false,,false,List,,true,,false,,,,List,,,,,,Renewable,,false,,,,,,,
,,,,,35cfd26e-d66b-49df-8361-1725fc42dfdf,false,,skipInstertTest,,,Default,One per quote line,,,,Quantity,,false,,,,,,,,,,false,,,false,,,1.0,false,,,,false,false,false,false,,false,false,false,false,false,false,false,false,,Click,false,false,,false,List,,true,,false,,,,List,,,,,,Renewable,,false,,,,,,,
,,,,,35cfd26e-d66b-49df-8361-1725fc42dfdf,false,,skipInstertTest,,,Default,One per quote line,,,,Quantity,,false,,,,,,,,,,false,,,false,,,1.0,false,,,,false,false,false,false,,false,false,false,false,false,false,false,false,,Click,false,false,,false,List,,true,,false,,,,List,,,,,,Renewable,,false,,,,,,,
,,,,,35cfd26e-d66b-49df-8361-1725fc42dfdf,false,,skipInstertTest,,,Default,One per quote line,,,,Quantity,,false,,,,,,,,,,false,,,false,,,1.0,false,,,,false,false,false,false,,false,false,false,false,false,false,false,false,,Click,false,false,,false,List,,true,,false,,,,List,,,,,,Renewable,,false,,,,,,,
,,,,,35cfd26e-d66b-49df-8361-1725fc42dfdf,false,,skipInstertTest,,,Default,One per quote line,,,,Quantity,,false,,,,,,,,,,false,,,false,,,1.0,false,,,,false,false,false,false,,false,false,false,false,false,false,false,false,,Click,false,false,,false,List,,true,,false,,,,List,,,,,,Renewable,,false,,,,,,,
,,,,,35cfd26e-d66b-49df-8361-1725fc42dfdf,false,,skipInstertTest,,,Default,One per quote line,,,,Quantity,,false,,,,,,,,,,false,,,false,,,1.0,false,,,,false,false,false,false,,false,false,false,false,false,false,false,false,,Click,false,false,,false,List,,true,,false,,,,List,,,,,,Renewable,,false,,,,,,,
,,,,,35cfd26e-d66b-49df-8361-1725fc42dfdf,false,,skipInstertTest,,,Default,One per quote line,,,,Quantity,,false,,,,,,,,,,false,,,false,,,1.0,false,,,,false,false,false,false,,false,false,false,false,false,false,false,false,,Click,false,false,,false,List,,true,,false,,,,List,,,,,,Renewable,,false,,,,,,,
,,,,,35cfd26e-d66b-49df-8361-1725fc42dfdf,false,,skipInstertTest,,,Default,One per quote line,,,,Quantity,,false,,,,,,,,,,false,,,false,,,1.0,false,,,,false,false,false,false,,false,false,false,false,false,false,false,false,,Click,false,false,,false,List,,true,,false,,,,List,,,,,,Renewable,,false,,,,,,,
,,,,,35cfd26e-d66b-49df-8361-1725fc42dfdf,false,,skipInstertTest,,,Default,One per quote line,,,,Quantity,,false,,,,,,,,,,false,,,false,,,1.0,false,,,,false,false,false,false,,false,false,false,false,false,false,false,false,,Click,false,false,,false,List,,true,,false,,,,List,,,,,,Renewable,,false,,,,,,,
,,,,,35cfd26e-d66b-49df-8361-1725fc42dfdf,false,,skipInstertTest,,,Default,One per quote line,,,,Quantity,,false,,,,,,,,,,false,,,false,,,1.0,false,,,,false,false,false,false,,false,false,false,false,false,false,false,false,,Click,false,false,,false,List,,true,,false,,,,List,,,,,,Renewable,,false,,,,,,,
,,,,,35cfd26e-d66b-49df-8361-1725fc42dfdf,false,,skipInstertTest,,,Default,One per quote line,,,,Quantity,,false,,,,,,,,,,false,,,false,,,1.0,false,,,,false,false,false,false,,false,false,false,false,false,false,false,false,,Click,false,false,,false,List,,true,,false,,,,List,,,,,,Renewable,,false,,,,,,,
,,,,,35cfd26e-d66b-49df-8361-1725fc42dfdf,false,,skipInstertTest,,,Default,One per quote line,,,,Quantity,,false,,,,,,,,,,false,,,false,,,1.0,false,,,,false,false,false,false,,false,false,false,false,false,false,false,false,,Click,false,false,,false,List,,true,,false,,,,List,,,,,,Renewable,,false,,,,,,,
,,,,,35cfd26e-d66b-49df-8361-1725fc42dfdf,false,,skipInstertTest,,,Default,One per quote line,,,,Quantity,,false,,,,,,,,,,false,,,false,,,1.0,false,,,,false,false,false,false,,false,false,false,false,false,false,false,false,,Click,false,false,,false,List,,true,,false,,,,List,,,,,,Renewable,,false,,,,,,,
,,,,,35cfd26e-d66b-49df-8361-1725fc42dfdf,false,,skipInstertTest,,,Default,One per quote line,,,,Quantity,,false,,,,,,,,,,false,,,false,,,1.0,false,,,,false,false,false,false,,false,false,false,false,false,false,false,false,,Click,false,false,,false,List,,true,,false,,,,List,,,,,,Renewable,,false,,,,,,,
,,,,,35cfd26e-d66b-49df-8361-1725fc42dfdf,false,,skipInstertTest,,,Default,One per quote line,,,,Quantity,,false,,,,,,,,,,false,,,false,,,1.0,false,,,,false,false,false,false,,false,false,false,false,false,false,false,false,,Click,false,false,,false,List,,true,,false,,,,List,,,,,,Renewable,,false,,,,,,,
,,,,,35cfd26e-d66b-49df-8361-1725fc42dfdf,false,,skipInstertTest,,,Default,One per quote line,,,,Quantity,,false,,,,,,,,,,false,,,false,,,1.0,false,,,,false,false,false,false,,false,false,false,false,false,false,false,false,,Click,false,false,,false,List,,true,,false,,,,List,,,,,,Renewable,,false,,,,,,,
,,,,,35cfd26e-d66b-49df-8361-1725fc42dfdf,false,,skipInstertTest,,,Default,One per quote line,,,,Quantity,,false,,,,,,,,,,false,,,false,,,1.0,false,,,,false,false,false,false,,false,false,false,false,false,false,false,false,,Click,false,false,,false,List,,true,,false,,,,List,,,,,,Renewable,,false,,,,,,,
,,,,,35cfd26e-d66b-49df-8361-1725fc42dfdf,false,,skipInstertTest,,,Default,One per quote line,,,,Quantity,,false,,,,,,,,,,false,,,false,,,1.0,false,,,,false,false,false,false,,false,false,false,false,false,false,false,false,,Click,false,false,,false,List,,true,,false,,,,List,,,,,,Renewable,,false,,,,,,,
,,,,,35cfd26e-d66b-49df-8361-1725fc42dfdf,false,,skipInstertTest,,,Default,One per quote line,,,,Quantity,,false,,,,,,,,,,false,,,false,,,1.0,false,,,,false,false,false,false,,false,false,false,false,false,false,false,false,,Click,false,false,,false,List,,true,,false,,,,List,,,,,,Renewable,,false,,,,,,,
,,,,,35cfd26e-d66b-49df-8361-1725fc42dfdf,false,,skipInstertTest,,,Default,One per quote line,,,,Quantity,,false,,,,,,,,,,false,,,false,,,1.0,false,,,,false,false,false,false,,false,false,false,false,false,false,false,false,,Click,false,false,,false,List,,true,,false,,,,List,,,,,,Renewable,,false,,,,,,,
,,,,,35cfd26e-d66b-49df-8361-1725fc42dfdf,false,,skipInstertTest,,,Default,One per quote line,,,,Quantity,,false,,,,,,,,,,false,,,false,,,1.0,false,,,,false,false,false,false,,false,false,false,false,false,false,false,false,,Click,false,false,,false,List,,true,,false,,,,List,,,,,,Renewable,,false,,,,,,,
,,,,,35cfd26e-d66b-49df-8361-1725fc42dfdf,false,,skipInstertTest,,,Default,One per quote line,,,,Quantity,,false,,,,,,,,,,false,,,false,,,1.0,false,,,,false,false,false,false,,false,false,false,false,false,false,false,false,,Click,false,false,,false,List,,true,,false,,,,List,,,,,,Renewable,,false,,,,,,,
,,,,,35cfd26e-d66b-49df-8361-1725fc42dfdf,false,,skipInstertTest,,,Default,One per quote line,,,,Quantity,,false,,,,,,,,,,false,,,false,,,1.0,false,,,,false,false,false,false,,false,false,false,false,false,false,false,false,,Click,false,false,,false,List,,true,,false,,,,List,,,,,,Renewable,,false,,,,,,,
,,,,,35cfd26e-d66b-49df-8361-1725fc42dfdf,false,,skipInstertTest,,,Default,One per quote line,,,,Quantity,,false,,,,,,,,,,false,,,false,,,1.0,false,,,,false,false,false,false,,false,false,false,false,false,false,false,false,,Click,false,false,,false,List,,true,,false,,,,List,,,,,,Renewable,,false,,,,,,,
,,,,,35cfd26e-d66b-49df-8361-1725fc42dfdf,false,,skipInstertTest,,,Default,One per quote line,,,,Quantity,,false,,,,,,,,,,false,,,false,,,1.0,false,,,,false,false,false,false,,false,false,false,false,false,false,false,false,,Click,false,false,,false,List,,true,,false,,,,List,,,,,,Renewable,,false,,,,,,,
,,,,,35cfd26e-d66b-49df-8361-1725fc42dfdf,false,,skipInstertTest,,,Default,One per quote line,,,,Quantity,,false,,,,,,,,,,false,,,false,,,1.0,false,,,,false,false,false,false,,false,false,false,false,false,false,false,false,,Click,false,false,,false,List,,true,,false,,,,List,,,,,,Renewable,,false,,,,,,,
,,,,,35cfd26e-d66b-49df-8361-1725fc42dfdf,false,,skipInstertTest,,,Default,One per quote line,,,,Quantity,,false,,,,,,,,,,false,,,false,,,1.0,false,,,,false,false,false,false,,false,false,false,false,false,false,false,false,,Click,false,false,,false,List,,true,,false,,,,List,,,,,,Renewable,,false,,,,,,,
,,,,,35cfd26e-d66b-49df-8361-1725fc42dfdf,false,,skipInstertTest,,,Default,One per quote line,,,,Quantity,,false,,,,,,,,,,false,,,false,,,1.0,false,,,,false,false,false,false,,false,false,false,false,false,false,false,false,,Click,false,false,,false,List,,true,,false,,,,List,,,,,,Renewable,,false,,,,,,,
,,,,,35cfd26e-d66b-49df-8361-1725fc42dfdf,false,,skipInstertTest,,,Default,One per quote line,,,,Quantity,,false,,,,,,,,,,false,,,false,,,1.0,false,,,,false,false,false,false,,false,false,false,false,false,false,false,false,,Click,false,false,,false,List,,true,,false,,,,List,,,,,,Renewable,,false,,,,,,,
,,,,,35cfd26e-d66b-49df-8361-1725fc42dfdf,false,,skipInstertTest,,,Default,One per quote line,,,,Quantity,,false,,,,,,,,,,false,,,false,,,1.0,false,,,,false,false,false,false,,false,false,false,false,false,false,false,false,,Click,false,false,,false,List,,true,,false,,,,List,,,,,,Renewable,,false,,,,,,,
,,,,,35cfd26e-d66b-49df-8361-1725fc42dfdf,false,,skipInstertTest,,,Default,One per quote line,,,,Quantity,,false,,,,,,,,,,false,,,false,,,1.0,false,,,,false,false,false,false,,false,false,false,false,false,false,false,false,,Click,false,false,,false,List,,true,,false,,,,List,,,,,,Renewable,,false,,,,,,,
,,,,,35cfd26e-d66b-49df-8361-1725fc42dfdf,false,,skipInstertTest,,,Default,One per quote line,,,,Quantity,,false,,,,,,,,,,false,,,false,,,1.0,false,,,,false,false,false,false,,false,false,false,false,false,false,false,false,,Click,false,false,,false,List,,true,,false,,,,List,,,,,,Renewable,,false,,,,,,,
,,,,,35cfd26e-d66b-49df-8361-1725fc42dfdf,false,,skipInstertTest,,,Default,One per quote line,,,,Quantity,,false,,,,,,,,,,false,,,false,,,1.0,false,,,,false,false,false,false,,false,false,false,false,false,false,false,false,,Click,false,false,,false,List,,true,,false,,,,List,,,,,,Renewable,,false,,,,,,,
,,,,,35cfd26e-d66b-49df-8361-1725fc42dfdf,false,,skipInstertTest,,,Default,One per quote line,,,,Quantity,,false,,,,,,,,,,false,,,false,,,1.0,false,,,,false,false,false,false,,false,false,false,false,false,false,false,false,,Click,false,false,,false,List,,true,,false,,,,List,,,,,,Renewable,,false,,,,,,,
,,,,,35cfd26e-d66b-49df-8361-1725fc42dfdf,false,,skipInstertTest,,,Default,One per quote line,,,,Quantity,,false,,,,,,,,,,false,,,false,,,1.0,false,,,,false,false,false,false,,false,false,false,false,false,false,false,false,,Click,false,false,,false,List,,true,,false,,,,List,,,,,,Renewable,,false,,,,,,,
,,,,,35cfd26e-d66b-49df-8361-1725fc42dfdf,false,,skipInstertTest,,,Default,One per quote line,,,,Quantity,,false,,,,,,,,,,false,,,false,,,1.0,false,,,,false,false,false,false,,false,false,false,false,false,false,false,false,,Click,false,false,,false,List,,true,,false,,,,List,,,,,,Renewable,,false,,,,,,,
,,,,,35cfd26e-d66b-49df-8361-1725fc42dfdf,false,,skipInstertTest,,,Default,One per quote line,,,,Quantity,,false,,,,,,,,,,false,,,false,,,1.0,false,,,,false,false,false,false,,false,false,false,false,false,false,false,false,,Click,false,false,,false,List,,true,,false,,,,List,,,,,,Renewable,,false,,,,,,,
,,,,,35cfd26e-d66b-49df-8361-1725fc42dfdf,false,,skipInstertTest,,,Default,One per quote line,,,,Quantity,,false,,,,,,,,,,false,,,false,,,1.0,false,,,,false,false,false,false,,false,false,false,false,false,false,false,false,,Click,false,false,,false,List,,true,,false,,,,List,,,,,,Renewable,,false,,,,,,,
,,,,,35cfd26e-d66b-49df-8361-1725fc42dfdf,false,,skipInstertTest,,,Default,One per quote line,,,,Quantity,,false,,,,,,,,,,false,,,false,,,1.0,false,,,,false,false,false,false,,false,false,false,false,false,false,false,false,,Click,false,false,,false,List,,true,,false,,,,List,,,,,,Renewable,,false,,,,,,,
,,,,,35cfd26e-d66b-49df-8361-1725fc42dfdf,false,,skipInstertTest,,,Default,One per quote line,,,,Quantity,,false,,,,,,,,,,false,,,false,,,1.0,false,,,,false,false,false,false,,false,false,false,false,false,false,false,false,,Click,false,false,,false,List,,true,,false,,,,List,,,,,,Renewable,,false,,,,,,,
,,,,,c88e5ec1-f2bd-46ec-b23e-f7edd4de1952,false,,FULL_FLOW_TEST_123456,,,Default,One per quote line,,,,Quantity,,false,,,,,,,,,,false,,,false,,,1.0,false,,,,false,false,false,false,,false,false,false,false,false,false,false,false,,Click,false,false,,false,List,,true,,false,,,,List,,,,,,Renewable,,false,,,,,,,
,,,,,c88e5ec1-f2bd-46ec-b23e-f7edd4de1952,false,,FULL_FLOW_TEST_123456,,,Default,One per quote line,,,,Quantity,,false,,,,,,,,,,false,,,false,,,1.0,false,,,,false,false,false,false,,false,false,false,false,false,false,false,false,,Click,false,false,,false,List,,true,,false,,,,List,,,,,,Renewable,,false,,,,,,,
,,,,,c88e5ec1-f2bd-46ec-b23e-f7edd4de1952,false,,FULL_FLOW_TEST_123456,,,Default,One per quote line,,,,Quantity,,false,,,,,,,,,,false,,,false,,,1.0,false,,,,false,false,false,false,,false,false,false,false,false,false,false,false,,Click,false,false,,false,List,,true,,false,,,,List,,,,,,Renewable,,false,,,,,,,
,,,,,c88e5ec1-f2bd-46ec-b23e-f7edd4de1952,false,,FULL_FLOW_TEST_123456,,,Default,One per quote line,,,,Quantity,,false,,,,,,,,,,false,,,false,,,1.0,false,,,,false,false,false,false,,false,false,false,false,false,false,false,false,,Click,false,false,,false,List,,true,,false,,,,List,,,,,,Renewable,,false,,,,,,,
,,,,,c88e5ec1-f2bd-46ec-b23e-f7edd4de1952,false,,FULL_FLOW_TEST_123456,,,Default,One per quote line,,,,Quantity,,false,,,,,,,,,,false,,,false,,,1.0,false,,,,false,false,false,false,,false,false,false,false,false,false,false,false,,Click,false,false,,false,List,,true,,false,,,,List,,,,,,Renewable,,false,,,,,,,
,,,,,c88e5ec1-f2bd-46ec-b23e-f7edd4de1952,false,,FULL_FLOW_TEST_123456,,,Default,One per quote line,,,,Quantity,,false,,,,,,,,,,false,,,false,,,1.0,false,,,,false,false,false,false,,false,false,false,false,false,false,false,false,,Click,false,false,,false,List,,true,,false,,,,List,,,,,,Renewable,,false,,,,,,,
,,,,,c88e5ec1-f2bd-46ec-b23e-f7edd4de1952,false,,FULL_FLOW_TEST_123456,,,Default,One per quote line,,,,Quantity,,false,,,,,,,,,,false,,,false,,,1.0,false,,,,false,false,false,false,,false,false,false,false,false,false,false,false,,Click,false,false,,false,List,,true,,false,,,,List,,,,,,Renewable,,false,,,,,,,
,,,,,c88e5ec1-f2bd-46ec-b23e-f7edd4de1952,false,,FULL_FLOW_TEST_123456,,,Default,One per quote line,,,,Quantity,,false,,,,,,,,,,false,,,false,,,1.0,false,,,,false,false,false,false,,false,false,false,false,false,false,false,false,,Click,false,false,,false,List,,true,,false,,,,List,,,,,,Renewable,,false,,,,,,,
,,,,,c88e5ec1-f2bd-46ec-b23e-f7edd4de1952,false,,FULL_FLOW_TEST_123456,,,Default,One per quote line,,,,Quantity,,false,,,,,,,,,,false,,,false,,,1.0,false,,,,false,false,false,false,,false,false,false,false,false,false,false,false,,Click,false,false,,false,List,,true,,false,,,,List,,,,,,Renewable,,false,,,,,,,
,,,,,c88e5ec1-f2bd-46ec-b23e-f7edd4de1952,false,,FULL_FLOW_TEST_123456,,,Default,One per quote line,,,,Quantity,,false,,,,,,,,,,false,,,false,,,1.0,false,,,,false,false,false,false,,false,false,false,false,false,false,false,false,,Click,false,false,,false,List,,true,,false,,,,List,,,,,,Renewable,,false,,,,,,,
,,,,,c88e5ec1-f2bd-46ec-b23e-f7edd4de1952,false,,FULL_FLOW_TEST_123456,,,Default,One per quote line,,,,Quantity,,false,,,,,,,,,,false,,,false,,,1.0,false,,,,false,false,false,false,,false,false,false,false,false,false,false,false,,Click,false,false,,false,List,,true,,false,,,,List,,,,,,Renewable,,false,,,,,,,
,,,,,c88e5ec1-f2bd-46ec-b23e-f7edd4de1952,false,,FULL_FLOW_TEST_123456,,,Default,One per quote line,,,,Quantity,,false,,,,,,,,,,false,,,false,,,1.0,false,,,,false,false,false,false,,false,false,false,false,false,false,false,false,,Click,false,false,,false,List,,true,,false,,,,List,,,,,,Renewable,,false,,,,,,,
,,,,,c88e5ec1-f2bd-46ec-b23e-f7edd4de1952,false,,FULL_FLOW_TEST_123456,,,Default,One per quote line,,,,Quantity,,false,,,,,,,,,,false,,,false,,,1.0,false,,,,false,false,false,false,,false,false,false,false,false,false,false,false,,Click,false,false,,false,List,,true,,false,,,,List,,,,,,Renewable,,false,,,,,,,
,,,,,c88e5ec1-f2bd-46ec-b23e-f7edd4de1952,false,,FULL_FLOW_TEST_123456,,,Default,One per quote line,,,,Quantity,,false,,,,,,,,,,false,,,false,,,1.0,false,,,,false,false,false,false,,false,false,false,false,false,false,false,false,,Click,false,false,,false,List,,true,,false,,,,List,,,,,,Renewable,,false,,,,,,,
,,,,,c88e5ec1-f2bd-46ec-b23e-f7edd4de1952,false,,FULL_FLOW_TEST_123456,,,Default,One per quote line,,,,Quantity,,false,,,,,,,,,,false,,,false,,,1.0,false,,,,false,false,false,false,,false,false,false,false,false,false,false,false,,Click,false,false,,false,List,,true,,false,,,,List,,,,,,Renewable,,false,,,,,,,
,,,,,c88e5ec1-f2bd-46ec-b23e-f7edd4de1952,false,,FULL_FLOW_TEST_123456,,,Default,One per quote line,,,,Quantity,,false,,,,,,,,,,false,,,false,,,1.0,false,,,,false,false,false,false,,false,false,false,false,false,false,false,false,,Click,false,false,,false,List,,true,,false,,,,List,,,,,,Renewable,,false,,,,,,,
,,,,,c88e5ec1-f2bd-46ec-b23e-f7edd4de1952,false,,FULL_FLOW_TEST_123456,,,Default,One per quote line,,,,Quantity,,false,,,,,,,,,,false,,,false,,,1.0,false,,,,false,false,false,false,,false,false,false,false,false,false,false,false,,Click,false,false,,false,List,,true,,false,,,,List,,,,,,Renewable,,false,,,,,,,
,,,,,c88e5ec1-f2bd-46ec-b23e-f7edd4de1952,false,,FULL_FLOW_TEST_123456,,,Default,One per quote line,,,,Quantity,,false,,,,,,,,,,false,,,false,,,1.0,false,,,,false,false,false,false,,false,false,false,false,false,false,false,false,,Click,false,false,,false,List,,true,,false,,,,List,,,,,,Renewable,,false,,,,,,,
,,,,,c88e5ec1-f2bd-46ec-b23e-f7edd4de1952,false,,FULL_FLOW_TEST_123456,,,Default,One per quote line,,,,Quantity,,false,,,,,,,,,,false,,,false,,,1.0,false,,,,false,false,false,false,,false,false,false,false,false,false,false,false,,Click,false,false,,false,List,,true,,false,,,,List,,,,,,Renewable,,false,,,,,,,
,,,,,c88e5ec1-f2bd-46ec-b23e-f7edd4de1952,false,,FULL_FLOW_TEST_123456,,,Default,One per quote line,,,,Quantity,,false,,,,,,,,,,false,,,false,,,1.0,false,,,,false,false,false,false,,false,false,false,false,false,false,false,false,,Click,false,false,,false,List,,true,,false,,,,List,,,,,,Renewable,,false,,,,,,,
,,,,,c88e5ec1-f2bd-46ec-b23e-f7edd4de1952,false,,FULL_FLOW_TEST_123456,,,Default,One per quote line,,,,Quantity,,false,,,,,,,,,,false,,,false,,,1.0,false,,,,false,false,false,false,,false,false,false,false,false,false,false,false,,Click,false,false,,false,List,,true,,false,,,,List,,,,,,Renewable,,false,,,,,,,
,,,,,c88e5ec1-f2bd-46ec-b23e-f7edd4de1952,false,,FULL_FLOW_TEST_123456,,,Default,One per quote line,,,,Quantity,,false,,,,,,,,,,false,,,false,,,1.0,false,,,,false,false,false,false,,false,false,false,false,false,false,false,false,,Click,false,false,,false,List,,true,,false,,,,List,,,,,,Renewable,,false,,,,,,,
,,,,,c88e5ec1-f2bd-46ec-b23e-f7edd4de1952,false,,FULL_FLOW_TEST_123456,,,Default,One per quote line,,,,Quantity,,false,,,,,,,,,,false,,,false,,,1.0,false,,,,false,false,false,false,,false,false,false,false,false,false,false,false,,Click,false,false,,false,List,,true,,false,,,,List,,,,,,Renewable,,false,,,,,,,
,,,,,c88e5ec1-f2bd-46ec-b23e-f7edd4de1952,false,,FULL_FLOW_TEST_123456,,,Default,One per quote line,,,,Quantity,,false,,,,,,,,,,false,,,false,,,1.0,false,,,,false,false,false,false,,false,false,false,false,false,false,false,false,,Click,false,false,,false,List,,true,,false,,,,List,,,,,,Renewable,,false,,,,,,,
,,,,,c88e5ec1-f2bd-46ec-b23e-f7edd4de1952,false,,FULL_FLOW_TEST_123456,,,Default,One per quote line,,,,Quantity,,false,,,,,,,,,,false,,,false,,,1.0,false,,,,false,false,false,false,,false,false,false,false,false,false,false,false,,Click,false,false,,false,List,,true,,false,,,,List,,,,,,Renewable,,false,,,,,,,
,,,,,c88e5ec1-f2bd-46ec-b23e-f7edd4de1952,false,,FULL_FLOW_TEST_123456,,,Default,One per quote line,,,,Quantity,,false,,,,,,,,,,false,,,false,,,1.0,false,,,,false,false,false,false,,false,false,false,false,false,false,false,false,,Click,false,false,,false,List,,true,,false,,,,List,,,,,,Renewable,,false,,,,,,,
,,,,,c88e5ec1-f2bd-46ec-b23e-f7edd4de1952,false,,FULL_FLOW_TEST_123456,,,Default,One per quote line,,,,Quantity,,false,,,,,,,,,,false,,,false,,,1.0,false,,,,false,false,false,false,,false,false,false,false,false,false,false,false,,Click,false,false,,false,List,,true,,false,,,,List,,,,,,Renewable,,false,,,,,,,
,,,,,c88e5ec1-f2bd-46ec-b23e-f7edd4de1952,false,,FULL_FLOW_TEST_123456,,,Default,One per quote line,,,,Quantity,,false,,,,,,,,,,false,,,false,,,1.0,false,,,,false,false,false,false,,false,false,false,false,false,false,false,false,,Click,false,false,,false,List,,true,,false,,,,List,,,,,,Renewable,,false,,,,,,,
,,,,,c88e5ec1-f2bd-46ec-b23e-f7edd4de1952,false,,FULL_FLOW_TEST_123456,,,Default,One per quote line,,,,Quantity,,false,,,,,,,,,,false,,,false,,,1.0,false,,,,false,false,false,false,,false,false,false,false,false,false,false,false,,Click,false,false,,false,List,,true,,false,,,,List,,,,,,Renewable,,false,,,,,,,
,,,,,c88e5ec1-f2bd-46ec-b23e-f7edd4de1952,false,,FULL_FLOW_TEST_123456,,,Default,One per quote line,,,,Quantity,,false,,,,,,,,,,false,,,false,,,1.0,false,,,,false,false,false,false,,false,false,false,false,false,false,false,false,,Click,false,false,,false,List,,true,,false,,,,List,,,,,,Renewable,,false,,,,,,,
,,,,,c88e5ec1-f2bd-46ec-b23e-f7edd4de1952,false,,FULL_FLOW_TEST_123456,,,Default,One per quote line,,,,Quantity,,false,,,,,,,,,,false,,,false,,,1.0,false,,,,false,false,false,false,,false,false,false,false,false,false,false,false,,Click,false,false,,false,List,,true,,false,,,,List,,,,,,Renewable,,false,,,,,,,
,,,,,c88e5ec1-f2bd-46ec-b23e-f7edd4de1952,false,,FULL_FLOW_TEST_123456,,,Default,One per quote line,,,,Quantity,,false,,,,,,,,,,false,,,false,,,1.0,false,,,,false,false,false,false,,false,false,false,false,false,false,false,false,,Click,false,false,,false,List,,true,,false,,,,List,,,,,,Renewable,,false,,,,,,,
,,,,,c88e5ec1-f2bd-46ec-b23e-f7edd4de1952,false,,FULL_FLOW_TEST_123456,,,Default,One per quote line,,,,Quantity,,false,,,,,,,,,,false,,,false,,,1.0,false,,,,false,false,false,false,,false,false,false,false,false,false,false,false,,Click,false,false,,false,List,,true,,false,,,,List,,,,,,Renewable,,false,,,,,,,
,,,,,c88e5ec1-f2bd-46ec-b23e-f7edd4de1952,false,,FULL_FLOW_TEST_123456,,,Default,One per quote line,,,,Quantity,,false,,,,,,,,,,false,,,false,,,1.0,false,,,,false,false,false,false,,false,false,false,false,false,false,false,false,,Click,false,false,,false,List,,true,,false,,,,List,,,,,,Renewable,,false,,,,,,,
,,,,,c88e5ec1-f2bd-46ec-b23e-f7edd4de1952,false,,FULL_FLOW_TEST_123456,,,Default,One per quote line,,,,Quantity,,false,,,,,,,,,,false,,,false,,,1.0,false,,,,false,false,false,false,,false,false,false,false,false,false,false,false,,Click,false,false,,false,List,,true,,false,,,,List,,,,,,Renewable,,false,,,,,,,
,,,,,c88e5ec1-f2bd-46ec-b23e-f7edd4de1952,false,,FULL_FLOW_TEST_123456,,,Default,One per quote line,,,,Quantity,,false,,,,,,,,,,false,,,false,,,1.0,false,,,,false,false,false,false,,false,false,false,false,false,false,false,false,,Click,false,false,,false,List,,true,,false,,,,List,,,,,,Renewable,,false,,,,,,,
,,,,,c88e5ec1-f2bd-46ec-b23e-f7edd4de1952,false,,FULL_FLOW_TEST_123456,,,Default,One per quote line,,,,Quantity,,false,,,,,,,,,,false,,,false,,,1.0,false,,,,false,false,false,false,,false,false,false,false,false,false,false,false,,Click,false,false,,false,List,,true,,false,,,,List,,,,,,Renewable,,false,,,,,,,
,,,,,c88e5ec1-f2bd-46ec-b23e-f7edd4de1952,false,,FULL_FLOW_TEST_123456,,,Default,One per quote line,,,,Quantity,,false,,,,,,,,,,false,,,false,,,1.0,false,,,,false,false,false,false,,false,false,false,false,false,false,false,false,,Click,false,false,,false,List,,true,,false,,,,List,,,,,,Renewable,,false,,,,,,,
,,,,,c88e5ec1-f2bd-46ec-b23e-f7edd4de1952,false,,FULL_FLOW_TEST_123456,,,Default,One per quote line,,,,Quantity,,false,,,,,,,,,,false,,,false,,,1.0,false,,,,false,false,false,false,,false,false,false,false,false,false,false,false,,Click,false,false,,false,List,,true,,false,,,,List,,,,,,Renewable,,false,,,,,,,
,,,,,c88e5ec1-f2bd-46ec-b23e-f7edd4de1952,false,,FULL_FLOW_TEST_123456,,,Default,One per quote line,,,,Quantity,,false,,,,,,,,,,false,,,false,,,1.0,false,,,,false,false,false,false,,false,false,false,false,false,false,false,false,,Click,false,false,,false,List,,true,,false,,,,List,,,,,,Renewable,,false,,,,,,,
,,,,,c88e5ec1-f2bd-46ec-b23e-f7edd4de1952,false,,FULL_FLOW_TEST_123456,,,Default,One per quote line,,,,Quantity,,false,,,,,,,,,,false,,,false,,,1.0,false,,,,false,false,false,false,,false,false,false,false,false,false,false,false,,Click,false,false,,false,List,,true,,false,,,,List,,,,,,Renewable,,false,,,,,,,
,,,,,c88e5ec1-f2bd-46ec-b23e-f7edd4de1952,false,,FULL_FLOW_TEST_123456,,,Default,One per quote line,,,,Quantity,,false,,,,,,,,,,false,,,false,,,1.0,false,,,,false,false,false,false,,false,false,false,false,false,false,false,false,,Click,false,false,,false,List,,true,,false,,,,List,,,,,,Renewable,,false,,,,,,,
,,,,,c88e5ec1-f2bd-46ec-b23e-f7edd4de1952,false,,FULL_FLOW_TEST_123456,,,Default,One per quote line,,,,Quantity,,false,,,,,,,,,,false,,,false,,,1.0,false,,,,false,false,false,false,,false,false,false,false,false,false,false,false,,Click,false,false,,false,List,,true,,false,,,,List,,,,,,Renewable,,false,,,,,,,
,,,,,c88e5ec1-f2bd-46ec-b23e-f7edd4de1952,false,,FULL_FLOW_TEST_123456,,,Default,One per quote line,,,,Quantity,,false,,,,,,,,,,false,,,false,,,1.0,false,,,,false,false,false,false,,false,false,false,false,false,false,false,false,,Click,false,false,,false,List,,true,,false,,,,List,,,,,,Renewable,,false,,,,,,,
,,,,,c88e5ec1-f2bd-46ec-b23e-f7edd4de1952,false,,FULL_FLOW_TEST_123456,,,Default,One per quote line,,,,Quantity,,false,,,,,,,,,,false,,,false,,,1.0,false,,,,false,false,false,false,,false,false,false,false,false,false,false,false,,Click,false,false,,false,List,,true,,false,,,,List,,,,,,Renewable,,false,,,,,,,
,,,,,c88e5ec1-f2bd-46ec-b23e-f7edd4de1952,false,,FULL_FLOW_TEST_123456,,,Default,One per quote line,,,,Quantity,,false,,,,,,,,,,false,,,false,,,1.0,false,,,,false,false,false,false,,false,false,false,false,false,false,false,false,,Click,false,false,,false,List,,true,,false,,,,List,,,,,,Renewable,,false,,,,,,,
,,,,,c88e5ec1-f2bd-46ec-b23e-f7edd4de1952,false,,FULL_FLOW_TEST_123456,,,Default,One per quote line,,,,Quantity,,false,,,,,,,,,,false,,,false,,,1.0,false,,,,false,false,false,false,,false,false,false,false,false,false,false,false,,Click,false,false,,false,List,,true,,false,,,,List,,,,,,Renewable,,false,,,,,,,
,,,,,c88e5ec1-f2bd-46ec-b23e-f7edd4de1952,false,,FULL_FLOW_TEST_123456,,,Default,One per quote line,,,,Quantity,,false,,,,,,,,,,false,,,false,,,1.0,false,,,,false,false,false,false,,false,false,false,false,false,false,false,false,,Click,false,false,,false,List,,true,,false,,,,List,,,,,,Renewable,,false,,,,,,,
,,,,,c88e5ec1-f2bd-46ec-b23e-f7edd4de1952,false,,FULL_FLOW_TEST_123456,,,Default,One per quote line,,,,Quantity,,false,,,,,,,,,,false,,,false,,,1.0,false,,,,false,false,false,false,,false,false,false,false,false,false,false,false,,Click,false,false,,false,List,,true,,false,,,,List,,,,,,Renewable,,false,,,,,,,
,,,,,42a4484a-84e5-48df-808f-80382af74706,false,,NEW RECORD,,,Default,One per quote line,,,,Quantity,,false,,,,,,,,,,false,,,false,,,1.0,false,,,,false,false,false,false,,false,false,false,false,false,false,false,false,,Click,false,false,,false,List,,true,,false,,,,List,,,,,,Renewable,,false,,,,,,,
,,,,,42a4484a-84e5-48df-808f-80382af74706,false,,NEW RECORD,,,Default,One per quote line,,,,Quantity,,false,,,,,,,,,,false,,,false,,,1.0,false,,,,false,false,false,false,,false,false,false,false,false,false,false,false,,Click,false,false,,false,List,,true,,false,,,,List,,,,,,Renewable,,false,,,,,,,
,,,,,42a4484a-84e5-48df-808f-80382af74706,false,,NEW RECORD,,,Default,One per quote line,,,,Quantity,,false,,,,,,,,,,false,,,false,,,1.0,false,,,,false,false,false,false,,false,false,false,false,false,false,false,false,,Click,false,false,,false,List,,true,,false,,,,List,,,,,,Renewable,,false,,,,,,,
,,,,,42a4484a-84e5-48df-808f-80382af74706,false,,NEW RECORD,,,Default,One per quote line,,,,Quantity,,false,,,,,,,,,,false,,,false,,,1.0,false,,,,false,false,false,false,,false,false,false,false,false,false,false,false,,Click,false,false,,false,List,,true,,false,,,,List,,,,,,Renewable,,false,,,,,,,
,,,,,42a4484a-84e5-48df-808f-80382af74706,false,,NEW RECORD,,,Default,One per quote line,,,,Quantity,,false,,,,,,,,,,false,,,false,,,1.0,false,,,,false,false,false,false,,false,false,false,false,false,false,false,false,,Click,false,false,,false,List,,true,,false,,,,List,,,,,,Renewable,,false,,,,,,,
,,,,,42a4484a-84e5-48df-808f-80382af74706,false,,NEW RECORD,,,Default,One per quote line,,,,Quantity,,false,,,,,,,,,,false,,,false,,,1.0,false,,,,false,false,false,false,,false,false,false,false,false,false,false,false,,Click,false,false,,false,List,,true,,false,,,,List,,,,,,Renewable,,false,,,,,,,
,,,,,42a4484a-84e5-48df-808f-80382af74706,false,,NEW RECORD,,,Default,One per quote line,,,,Quantity,,false,,,,,,,,,,false,,,false,,,1.0,false,,,,false,false,false,false,,false,false,false,false,false,false,false,false,,Click,false,false,,false,List,,true,,false,,,,List,,,,,,Renewable,,false,,,,,,,
,,,,,42a4484a-84e5-48df-808f-80382af74706,false,,NEW RECORD,,,Default,One per quote line,,,,Quantity,,false,,,,,,,,,,false,,,false,,,1.0,false,,,,false,false,false,false,,false,false,false,false,false,false,false,false,,Click,false,false,,false,List,,true,,false,,,,List,,,,,,Renewable,,false,,,,,,,
,,,,,42a4484a-84e5-48df-808f-80382af74706,false,,NEW RECORD,,,Default,One per quote line,,,,Quantity,,false,,,,,,,,,,false,,,false,,,1.0,false,,,,false,false,false,false,,false,false,false,false,false,false,false,false,,Click,false,false,,false,List,,true,,false,,,,List,,,,,,Renewable,,false,,,,,,,
,,,,,42a4484a-84e5-48df-808f-80382af74706,false,,NEW RECORD,,,Default,One per quote line,,,,Quantity,,false,,,,,,,,,,false,,,false,,,1.0,false,,,,false,false,false,false,,false,false,false,false,false,false,false,false,,Click,false,false,,false,List,,true,,false,,,,List,,,,,,Renewable,,false,,,,,,,
,,,,,42a4484a-84e5-48df-808f-80382af74706,false,,NEW RECORD,,,Default,One per quote line,,,,Quantity,,false,,,,,,,,,,false,,,false,,,1.0,false,,,,false,false,false,false,,false,false,false,false,false,false,false,false,,Click,false,false,,false,List,,true,,false,,,,List,,,,,,Renewable,,false,,,,,,,
,,,,,42a4484a-84e5-48df-808f-80382af74706,false,,NEW RECORD,,,Default,One per quote line,,,,Quantity,,false,,,,,,,,,,false,,,false,,,1.0,false,,,,false,false,false,false,,false,false,false,false,false,false,false,false,,Click,false,false,,false,List,,true,,false,,,,List,,,,,,Renewable,,false,,,,,,,
,,,,,42a4484a-84e5-48df-808f-80382af74706,false,,NEW RECORD,,,Default,One per quote line,,,,Quantity,,false,,,,,,,,,,false,,,false,,,1.0,false,,,,false,false,false,false,,false,false,false,false,false,false,false,false,,Click,false,false,,false,List,,true,,false,,,,List,,,,,,Renewable,,false,,,,,,,
,,,,,42a4484a-84e5-48df-808f-80382af74706,false,,NEW RECORD,,,Default,One per quote line,,,,Quantity,,false,,,,,,,,,,false,,,false,,,1.0,false,,,,false,false,false,false,,false,false,false,false,false,false,false,false,,Click,false,false,,false,List,,true,,false,,,,List,,,,,,Renewable,,false,,,,,,,
,,,,,42a4484a-84e5-48df-808f-80382af74706,false,,NEW RECORD,,,Default,One per quote line,,,,Quantity,,false,,,,,,,,,,false,,,false,,,1.0,false,,,,false,false,false,false,,false,false,false,false,false,false,false,false,,Click,false,false,,false,List,,true,,false,,,,List,,,,,,Renewable,,false,,,,,,,
,,,,,42a4484a-84e5-48df-808f-80382af74706,false,,NEW RECORD,,,Default,One per quote line,,,,Quantity,,false,,,,,,,,,,false,,,false,,,1.0,false,,,,false,false,false,false,,false,false,false,false,false,false,false,false,,Click,false,false,,false,List,,true,,false,,,,List,,,,,,Renewable,,false,,,,,,,
,,,,,42a4484a-84e5-48df-808f-80382af74706,false,,NEW RECORD,,,Default,One per quote line,,,,Quantity,,false,,,,,,,,,,false,,,false,,,1.0,false,,,,false,false,false,false,,false,false,false,false,false,false,false,false,,Click,false,false,,false,List,,true,,false,,,,List,,,,,,Renewable,,false,,,,,,,
,,,,,42a4484a-84e5-48df-808f-80382af74706,false,,NEW RECORD,,,Default,One per quote line,,,,Quantity,,false,,,,,,,,,,false,,,false,,,1.0,false,,,,false,false,false,false,,false,false,false,false,false,false,false,false,,Click,false,false,,false,List,,true,,false,,,,List,,,,,,Renewable,,false,,,,,,,
,,,,,42a4484a-84e5-48df-808f-80382af74706,false,,NEW RECORD,,,Default,One per quote line,,,,Quantity,,false,,,,,,,,,,false,,,false,,,1.0,false,,,,false,false,false,false,,false,false,false,false,false,false,false,false,,Click,false,false,,false,List,,true,,false,,,,List,,,,,,Renewable,,false,,,,,,,
,,,,,42a4484a-84e5-48df-808f-80382af74706,false,,NEW RECORD,,,Default,One per quote line,,,,Quantity,,false,,,,,,,,,,false,,,false,,,1.0,false,,,,false,false,false,false,,false,false,false,false,false,false,false,false,,Click,false,false,,false,List,,true,,false,,,,List,,,,,,Renewable,,false,,,,,,,
,,,,,42a4484a-84e5-48df-808f-80382af74706,false,,NEW RECORD,,,Default,One per quote line,,,,Quantity,,false,,,,,,,,,,false,,,false,,,1.0,false,,,,false,false,false,false,,false,false,false,false,false,false,false,false,,Click,false,false,,false,List,,true,,false,,,,List,,,,,,Renewable,,false,,,,,,,
,,,,,42a4484a-84e5-48df-808f-80382af74706,false,,NEW RECORD,,,Default,One per quote line,,,,Quantity,,false,,,,,,,,,,false,,,false,,,1.0,false,,,,false,false,false,false,,false,false,false,false,false,false,false,false,,Click,false,false,,false,List,,true,,false,,,,List,,,,,,Renewable,,false,,,,,,,
,,,,,42a4484a-84e5-48df-808f-80382af74706,false,,NEW RECORD,,,Default,One per quote line,,,,Quantity,,false,,,,,,,,,,false,,,false,,,1.0,false,,,,false,false,false,false,,false,false,false,false,false,false,false,false,,Click,false,false,,false,List,,true,,false,,,,List,,,,,,Renewable,,false,,,,,,,
,,,,,42a4484a-84e5-48df-808f-80382af74706,false,,NEW RECORD,,,Default,One per quote line,,,,Quantity,,false,,,,,,,,,,false,,,false,,,1.0,false,,,,false,false,false,false,,false,false,false,false,false,false,false,false,,Click,false,false,,false,List,,true,,false,,,,List,,,,,,Renewable,,false,,,,,,,
,,,,,42a4484a-84e5-48df-808f-80382af74706,false,,NEW RECORD,,,Default,One per quote line,,,,Quantity,,false,,,,,,,,,,false,,,false,,,1.0,false,,,,false,false,false,false,,false,false,false,false,false,false,false,false,,Click,false,false,,false,List,,true,,false,,,,List,,,,,,Renewable,,false,,,,,,,
,,,,,42a4484a-84e5-48df-808f-80382af74706,false,,NEW RECORD,,,Default,One per quote line,,,,Quantity,,false,,,,,,,,,,false,,,false,,,1.0,false,,,,false,false,false,false,,false,false,false,false,false,false,false,false,,Click,false,false,,false,List,,true,,false,,,,List,,,,,,Renewable,,false,,,,,,,
,,,,,42a4484a-84e5-48df-808f-80382af74706,false,,NEW RECORD,,,Default,One per quote line,,,,Quantity,,false,,,,,,,,,,false,,,false,,,1.0,false,,,,false,false,false,false,,false,false,false,false,false,false,false,false,,Click,false,false,,false,List,,true,,false,,,,List,,,,,,Renewable,,false,,,,,,,
,,,,,42a4484a-84e5-48df-808f-80382af74706,false,,NEW RECORD,,,Default,One per quote line,,,,Quantity,,false,,,,,,,,,,false,,,false,,,1.0,false,,,,false,false,false,false,,false,false,false,false,false,false,false,false,,Click,false,false,,false,List,,true,,false,,,,List,,,,,,Renewable,,false,,,,,,,
,,,,,42a4484a-84e5-48df-808f-80382af74706,false,,NEW RECORD,,,Default,One per quote line,,,,Quantity,,false,,,,,,,,,,false,,,false,,,1.0,false,,,,false,false,false,false,,false,false,false,false,false,false,false,false,,Click,false,false,,false,List,,true,,false,,,,List,,,,,,Renewable,,false,,,,,,,
,,,,,42a4484a-84e5-48df-808f-80382af74706,false,,NEW RECORD,,,Default,One per quote line,,,,Quantity,,false,,,,,,,,,,false,,,false,,,1.0,false,,,,false,false,false,false,,false,false,false,false,false,false,false,false,,Click,false,false,,false,List,,true,,false,,,,List,,,,,,Renewable,,false,,,,,,,
,,,,,42a4484a-84e5-48df-808f-80382af74706,false,,NEW RECORD,,,Default,One per quote line,,,,Quantity,,false,,,,,,,,,,false,,,false,,,1.0,false,,,,false,false,false,false,,false,false,false,false,false,false,false,false,,Click,false,false,,false,List,,true,,false,,,,List,,,,,,Renewable,,false,,,,,,,
,,,,,42a4484a-84e5-48df-808f-80382af74706,false,,NEW RECORD,,,Default,One per quote line,,,,Quantity,,false,,,,,,,,,,false,,,false,,,1.0,false,,,,false,false,false,false,,false,false,false,false,false,false,false,false,,Click,false,false,,false,List,,true,,false,,,,List,,,,,,Renewable,,false,,,,,,,
,,,,,42a4484a-84e5-48df-808f-80382af74706,false,,NEW RECORD,,,Default,One per quote line,,,,Quantity,,false,,,,,,,,,,false,,,false,,,1.0,false,,,,false,false,false,false,,false,false,false,false,false,false,false,false,,Click,false,false,,false,List,,true,,false,,,,List,,,,,,Renewable,,false,,,,,,,
,,,,,42a4484a-84e5-48df-808f-80382af74706,false,,NEW RECORD,,,Default,One per quote line,,,,Quantity,,false,,,,,,,,,,false,,,false,,,1.0,false,,,,false,false,false,false,,false,false,false,false,false,false,false,false,,Click,false,false,,false,List,,true,,false,,,,List,,,,,,Renewable,,false,,,,,,,
,,,,,42a4484a-84e5-48df-808f-80382af74706,false,,NEW RECORD,,,Default,One per quote line,,,,Quantity,,false,,,,,,,,,,false,,,false,,,1.0,false,,,,false,false,false,false,,false,false,false,false,false,false,false,false,,Click,false,false,,false,List,,true,,false,,,,List,,,,,,Renewable,,false,,,,,,,
,,,,,42a4484a-84e5-48df-808f-80382af74706,false,,NEW RECORD,,,Default,One per quote line,,,,Quantity,,false,,,,,,,,,,false,,,false,,,1.0,false,,,,false,false,false,false,,false,false,false,false,false,false,false,false,,Click,false,false,,false,List,,true,,false,,,,List,,,,,,Renewable,,false,,,,,,,
,,,,,42a4484a-84e5-48df-808f-80382af74706,false,,NEW RECORD,,,Default,One per quote line,,,,Quantity,,false,,,,,,,,,,false,,,false,,,1.0,false,,,,false,false,false,false,,false,false,false,false,false,false,false,false,,Click,false,false,,false,List,,true,,false,,,,List,,,,,,Renewable,,false,,,,,,,
,,,,,42a4484a-84e5-48df-808f-80382af74706,false,,NEW RECORD,,,Default,One per quote line,,,,Quantity,,false,,,,,,,,,,false,,,false,,,1.0,false,,,,false,false,false,false,,false,false,false,false,false,false,false,false,,Click,false,false,,false,List,,true,,false,,,,List,,,,,,Renewable,,false,,,,,,,
,,,,,42a4484a-84e5-48df-808f-80382af74706,false,,NEW RECORD,,,Default,One per quote line,,,,Quantity,,false,,,,,,,,,,false,,,false,,,1.0,false,,,,false,false,false,false,,false,false,false,false,false,false,false,false,,Click,false,false,,false,List,,true,,false,,,,List,,,,,,Renewable,,false,,,,,,,
,,,,,42a4484a-84e5-48df-808f-80382af74706,false,,NEW RECORD,,,Default,One per quote line,,,,Quantity,,false,,,,,,,,,,false,,,false,,,1.0,false,,,,false,false,false,false,,false,false,false,false,false,false,false,false,,Click,false,false,,false,List,,true,,false,,,,List,,,,,,Renewable,,false,,,,,,,
,,,,,42a4484a-84e5-48df-808f-80382af74706,false,,NEW RECORD,,,Default,One per quote line,,,,Quantity,,false,,,,,,,,,,false,,,false,,,1.0,false,,,,false,false,false,false,,false,false,false,false,false,false,false,false,,Click,false,false,,false,List,,true,,false,,,,List,,,,,,Renewable,,false,,,,,,,
,,,,,42a4484a-84e5-48df-808f-80382af74706,false,,NEW RECORD,,,Default,One per quote line,,,,Quantity,,false,,,,,,,,,,false,,,false,,,1.0,false,,,,false,false,false,false,,false,false,false,false,false,false,false,false,,Click,false,false,,false,List,,true,,false,,,,List,,,,,,Renewable,,false,,,,,,,
,,,,,42a4484a-84e5-48df-808f-80382af74706,false,,NEW RECORD,,,Default,One per quote line,,,,Quantity,,false,,,,,,,,,,false,,,false,,,1.0,false,,,,false,false,false,false,,false,false,false,false,false,false,false,false,,Click,false,false,,false,List,,true,,false,,,,List,,,,,,Renewable,,false,,,,,,,
,,,,,42a4484a-84e5-48df-808f-80382af74706,false,,NEW RECORD,,,Default,One per quote line,,,,Quantity,,false,,,,,,,,,,false,,,false,,,1.0,false,,,,false,false,false,false,,false,false,false,false,false,false,false,false,,Click,false,false,,false,List,,true,,false,,,,List,,,,,,Renewable,,false,,,,,,,
,,,,,42a4484a-84e5-48df-808f-80382af74706,false,,NEW RECORD,,,Default,One per quote line,,,,Quantity,,false,,,,,,,,,,false,,,false,,,1.0,false,,,,false,false,false,false,,false,false,false,false,false,false,false,false,,Click,false,false,,false,List,,true,,false,,,,List,,,,,,Renewable,,false,,,,,,,
,,,,,42a4484a-84e5-48df-808f-80382af74706,false,,NEW RECORD,,,Default,One per quote line,,,,Quantity,,false,,,,,,,,,,false,,,false,,,1.0,false,,,,false,false,false,false,,false,false,false,false,false,false,false,false,,Click,false,false,,false,List,,true,,false,,,,List,,,,,,Renewable,,false,,,,,,,
,,,,,42a4484a-84e5-48df-808f-80382af74706,false,,NEW RECORD,,,Default,One per quote line,,,,Quantity,,false,,,,,,,,,,false,,,false,,,1.0,false,,,,false,false,false,false,,false,false,false,false,false,false,false,false,,Click,false,false,,false,List,,true,,false,,,,List,,,,,,Renewable,,false,,,,,,,
,,,,,42a4484a-84e5-48df-808f-80382af74706,false,,NEW RECORD,,,Default,One per quote line,,,,Quantity,,false,,,,,,,,,,false,,,false,,,1.0,false,,,,false,false,false,false,,false,false,false,false,false,false,false,false,,Click,false,false,,false,List,,true,,false,,,,List,,,,,,Renewable,,false,,,,,,,
,,,,,42a4484a-84e5-48df-808f-80382af74706,false,,NEW RECORD,,,Default,One per quote line,,,,Quantity,,false,,,,,,,,,,false,,,false,,,1.0,false,,,,false,false,false,false,,false,false,false,false,false,false,false,false,,Click,false,false,,false,List,,true,,false,,,,List,,,,,,Renewable,,false,,,,,,,
,,,,,bcdc1676-967f-4587-a3ed-0cd34a616eba,false,,TEST,,,Default,One per quote line,,,,Quantity,,false,,,,,,,,,,false,,,false,,,1.0,false,,,,false,false,false,false,,false,false,false,false,false,false,false,false,,Click,false,false,,false,List,,true,,false,,,,List,,,,,,Renewable,,false,,,,,,,
,,,,,bcdc1676-967f-4587-a3ed-0cd34a616eba,false,,TEST,,,Default,One per quote line,,,,Quantity,,false,,,,,,,,,,false,,,false,,,1.0,false,,,,false,false,false,false,,false,false,false,false,false,false,false,false,,Click,false,false,,false,List,,true,,false,,,,List,,,,,,Renewable,,false,,,,,,,
,,,,,bcdc1676-967f-4587-a3ed-0cd34a616eba,false,,TEST,,,Default,One per quote line,,,,Quantity,,false,,,,,,,,,,false,,,false,,,1.0,false,,,,false,false,false,false,,false,false,false,false,false,false,false,false,,Click,false,false,,false,List,,true,,false,,,,List,,,,,,Renewable,,false,,,,,,,
,,,,,bcdc1676-967f-4587-a3ed-0cd34a616eba,false,,TEST,,,Default,One per quote line,,,,Quantity,,false,,,,,,,,,,false,,,false,,,1.0,false,,,,false,false,false,false,,false,false,false,false,false,false,false,false,,Click,false,false,,false,List,,true,,false,,,,List,,,,,,Renewable,,false,,,,,,,
,,,,,bcdc1676-967f-4587-a3ed-0cd34a616eba,false,,TEST,,,Default,One per quote line,,,,Quantity,,false,,,,,,,,,,false,,,false,,,1.0,false,,,,false,false,false,false,,false,false,false,false,false,false,false,false,,Click,false,false,,false,List,,true,,false,,,,List,,,,,,Renewable,,false,,,,,,,
,,,,,bcdc1676-967f-4587-a3ed-0cd34a616eba,false,,TEST,,,Default,One per quote line,,,,Quantity,,false,,,,,,,,,,false,,,false,,,1.0,false,,,,false,false,false,false,,false,false,false,false,false,false,false,false,,Click,false,false,,false,List,,true,,false,,,,List,,,,,,Renewable,,false,,,,,,,
,,,,,bcdc1676-967f-4587-a3ed-0cd34a616eba,false,,TEST,,,Default,One per quote line,,,,Quantity,,false,,,,,,,,,,false,,,false,,,1.0,false,,,,false,false,false,false,,false,false,false,false,false,false,false,false,,Click,false,false,,false,List,,true,,false,,,,List,,,,,,Renewable,,false,,,,,,,
,,,,,bcdc1676-967f-4587-a3ed-0cd34a616eba,false,,TEST,,,Default,One per quote line,,,,Quantity,,false,,,,,,,,,,false,,,false,,,1.0,false,,,,false,false,false,false,,false,false,false,false,false,false,false,false,,Click,false,false,,false,List,,true,,false,,,,List,,,,,,Renewable,,false,,,,,,,
,,,,,bcdc1676-967f-4587-a3ed-0cd34a616eba,false,,TEST,,,Default,One per quote line,,,,Quantity,,false,,,,,,,,,,false,,,false,,,1.0,false,,,,false,false,false,false,,false,false,false,false,false,false,false,false,,Click,false,false,,false,List,,true,,false,,,,List,,,,,,Renewable,,false,,,,,,,
,,,,,bcdc1676-967f-4587-a3ed-0cd34a616eba,false,,TEST,,,Default,One per quote line,,,,Quantity,,false,,,,,,,,,,false,,,false,,,1.0,false,,,,false,false,false,false,,false,false,false,false,false,false,false,false,,Click,false,false,,false,List,,true,,false,,,,List,,,,,,Renewable,,false,,,,,,,
,,,,,bcdc1676-967f-4587-a3ed-0cd34a616eba,false,,TEST,,,Default,One per quote line,,,,Quantity,,false,,,,,,,,,,false,,,false,,,1.0,false,,,,false,false,false,false,,false,false,false,false,false,false,false,false,,Click,false,false,,false,List,,true,,false,,,,List,,,,,,Renewable,,false,,,,,,,
,,,,,bcdc1676-967f-4587-a3ed-0cd34a616eba,false,,TEST,,,Default,One per quote line,,,,Quantity,,false,,,,,,,,,,false,,,false,,,1.0,false,,,,false,false,false,false,,false,false,false,false,false,false,false,false,,Click,false,false,,false,List,,true,,false,,,,List,,,,,,Renewable,,false,,,,,,,
,,,,,bcdc1676-967f-4587-a3ed-0cd34a616eba,false,,TEST,,,Default,One per quote line,,,,Quantity,,false,,,,,,,,,,false,,,false,,,1.0,false,,,,false,false,false,false,,false,false,false,false,false,false,false,false,,Click,false,false,,false,List,,true,,false,,,,List,,,,,,Renewable,,false,,,,,,,
,,,,,bcdc1676-967f-4587-a3ed-0cd34a616eba,false,,TEST,,,Default,One per quote line,,,,Quantity,,false,,,,,,,,,,false,,,false,,,1.0,false,,,,false,false,false,false,,false,false,false,false,false,false,false,false,,Click,false,false,,false,List,,true,,false,,,,List,,,,,,Renewable,,false,,,,,,,
,,,,,bcdc1676-967f-4587-a3ed-0cd34a616eba,false,,TEST,,,Default,One per quote line,,,,Quantity,,false,,,,,,,,,,false,,,false,,,1.0,false,,,,false,false,false,false,,false,false,false,false,false,false,false,false,,Click,false,false,,false,List,,true,,false,,,,List,,,,,,Renewable,,false,,,,,,,
,,,,,bcdc1676-967f-4587-a3ed-0cd34a616eba,false,,TEST,,,Default,One per quote line,,,,Quantity,,false,,,,,,,,,,false,,,false,,,1.0,false,,,,false,false,false,false,,false,false,false,false,false,false,false,false,,Click,false,false,,false,List,,true,,false,,,,List,,,,,,Renewable,,false,,,,,,,
,,,,,bcdc1676-967f-4587-a3ed-0cd34a616eba,false,,TEST,,,Default,One per quote line,,,,Quantity,,false,,,,,,,,,,false,,,false,,,1.0,false,,,,false,false,false,false,,false,false,false,false,false,false,false,false,,Click,false,false,,false,List,,true,,false,,,,List,,,,,,Renewable,,false,,,,,,,
,,,,,bcdc1676-967f-4587-a3ed-0cd34a616eba,false,,TEST,,,Default,One per quote line,,,,Quantity,,false,,,,,,,,,,false,,,false,,,1.0,false,,,,false,false,false,false,,false,false,false,false,false,false,false,false,,Click,false,false,,false,List,,true,,false,,,,List,,,,,,Renewable,,false,,,,,,,
,,,,,bcdc1676-967f-4587-a3ed-0cd34a616eba,false,,TEST,,,Default,One per quote line,,,,Quantity,,false,,,,,,,,,,false,,,false,,,1.0,false,,,,false,false,false,false,,false,false,false,false,false,false,false,false,,Click,false,false,,false,List,,true,,false,,,,List,,,,,,Renewable,,false,,,,,,,
,,,,,bcdc1676-967f-4587-a3ed-0cd34a616eba,false,,TEST,,,Default,One per quote line,,,,Quantity,,false,,,,,,,,,,false,,,false,,,1.0,false,,,,false,false,false,false,,false,false,false,false,false,false,false,false,,Click,false,false,,false,List,,true,,false,,,,List,,,,,,Renewable,,false,,,,,,,
,,,,,bcdc1676-967f-4587-a3ed-0cd34a616eba,false,,TEST,,,Default,One per quote line,,,,Quantity,,false,,,,,,,,,,false,,,false,,,1.0,false,,,,false,false,false,false,,false,false,false,false,false,false,false,false,,Click,false,false,,false,List,,true,,false,,,,List,,,,,,Renewable,,false,,,,,,,
,,,,,bcdc1676-967f-4587-a3ed-0cd34a616eba,false,,TEST,,,Default,One per quote line,,,,Quantity,,false,,,,,,,,,,false,,,false,,,1.0,false,,,,false,false,false,false,,false,false,false,false,false,false,false,false,,Click,false,false,,false,List,,true,,false,,,,List,,,,,,Renewable,,false,,,,,,,
,,,,,bcdc1676-967f-4587-a3ed-0cd34a616eba,false,,TEST,,,Default,One per quote line,,,,Quantity,,false,,,,,,,,,,false,,,false,,,1.0,false,,,,false,false,false,false,,false,false,false,false,false,false,false,false,,Click,false,false,,false,List,,true,,false,,,,List,,,,,,Renewable,,false,,,,,,,
,,,,,bcdc1676-967f-4587-a3ed-0cd34a616eba,false,,TEST,,,Default,One per quote line,,,,Quantity,,false,,,,,,,,,,false,,,false,,,1.0,false,,,,false,false,false,false,,false,false,false,false,false,false,false,false,,Click,false,false,,false,List,,true,,false,,,,List,,,,,,Renewable,,false,,,,,,,
,,,,,bcdc1676-967f-4587-a3ed-0cd34a616eba,false,,TEST,,,Default,One per quote line,,,,Quantity,,false,,,,,,,,,,false,,,false,,,1.0,false,,,,false,false,false,false,,false,false,false,false,false,false,false,false,,Click,false,false,,false,List,,true,,false,,,,List,,,,,,Renewable,,false,,,,,,,
,,,,,bcdc1676-967f-4587-a3ed-0cd34a616eba,false,,TEST,,,Default,One per quote line,,,,Quantity,,false,,,,,,,,,,false,,,false,,,1.0,false,,,,false,false,false,false,,false,false,false,false,false,false,false,false,,Click,false,false,,false,List,,true,,false,,,,List,,,,,,Renewable,,false,,,,,,,
,,,,,bcdc1676-967f-4587-a3ed-0cd34a616eba,false,,TEST,,,Default,One per quote line,,,,Quantity,,false,,,,,,,,,,false,,,false,,,1.0,false,,,,false,false,false,false,,false,false,false,false,false,false,false,false,,Click,false,false,,false,List,,true,,false,,,,List,,,,,,Renewable,,false,,,,,,,
,,,,,bcdc1676-967f-4587-a3ed-0cd34a616eba,false,,TEST,,,Default,One per quote line,,,,Quantity,,false,,,,,,,,,,false,,,false,,,1.0,false,,,,false,false,false,false,,false,false,false,false,false,false,false,false,,Click,false,false,,false,List,,true,,false,,,,List,,,,,,Renewable,,false,,,,,,,
,,,,,bcdc1676-967f-4587-a3ed-0cd34a616eba,false,,TEST,,,Default,One per quote line,,,,Quantity,,false,,,,,,,,,,false,,,false,,,1.0,false,,,,false,false,false,false,,false,false,false,false,false,false,false,false,,Click,false,false,,false,List,,true,,false,,,,List,,,,,,Renewable,,false,,,,,,,
,,,,,bcdc1676-967f-4587-a3ed-0cd34a616eba,false,,TEST,,,Default,One per quote line,,,,Quantity,,false,,,,,,,,,,false,,,false,,,1.0,false,,,,false,false,false,false,,false,false,false,false,false,false,false,false,,Click,false,false,,false,List,,true,,false,,,,List,,,,,,Renewable,,false,,,,,,,
,,,,,bcdc1676-967f-4587-a3ed-0cd34a616eba,false,,TEST,,,Default,One per quote line,,,,Quantity,,false,,,,,,,,,,false,,,false,,,1.0,false,,,,false,false,false,false,,false,false,false,false,false,false,false,false,,Click,false,false,,false,List,,true,,false,,,,List,,,,,,Renewable,,false,,,,,,,
,,,,,bcdc1676-967f-4587-a3ed-0cd34a616eba,false,,TEST,,,Default,One per quote line,,,,Quantity,,false,,,,,,,,,,false,,,false,,,1.0,false,,,,false,false,false,false,,false,false,false,false,false,false,false,false,,Click,false,false,,false,List,,true,,false,,,,List,,,,,,Renewable,,false,,,,,,,
,,,,,bcdc1676-967f-4587-a3ed-0cd34a616eba,false,,TEST,,,Default,One per quote line,,,,Quantity,,false,,,,,,,,,,false,,,false,,,1.0,false,,,,false,false,false,false,,false,false,false,false,false,false,false,false,,Click,false,false,,false,List,,true,,false,,,,List,,,,,,Renewable,,false,,,,,,,
,,,,,bcdc1676-967f-4587-a3ed-0cd34a616eba,false,,TEST,,,Default,One per quote line,,,,Quantity,,false,,,,,,,,,,false,,,false,,,1.0,false,,,,false,false,false,false,,false,false,false,false,false,false,false,false,,Click,false,false,,false,List,,true,,false,,,,List,,,,,,Renewable,,false,,,,,,,
,,,,,bcdc1676-967f-4587-a3ed-0cd34a616eba,false,,TEST,,,Default,One per quote line,,,,Quantity,,false,,,,,,,,,,false,,,false,,,1.0,false,,,,false,false,false,false,,false,false,false,false,false,false,false,false,,Click,false,false,,false,List,,true,,false,,,,List,,,,,,Renewable,,false,,,,,,,
,,,,,bcdc1676-967f-4587-a3ed-0cd34a616eba,false,,TEST,,,Default,One per quote line,,,,Quantity,,false,,,,,,,,,,false,,,false,,,1.0,false,,,,false,false,false,false,,false,false,false,false,false,false,false,false,,Click,false,false,,false,List,,true,,false,,,,List,,,,,,Renewable,,false,,,,,,,
,,,,,bcdc1676-967f-4587-a3ed-0cd34a616eba,false,,TEST,,,Default,One per quote line,,,,Quantity,,false,,,,,,,,,,false,,,false,,,1.0,false,,,,false,false,false,false,,false,false,false,false,false,false,false,false,,Click,false,false,,false,List,,true,,false,,,,List,,,,,,Renewable,,false,,,,,,,
,,,,,bcdc1676-967f-4587-a3ed-0cd34a616eba,false,,TEST,,,Default,One per quote line,,,,Quantity,,false,,,,,,,,,,false,,,false,,,1.0,false,,,,false,false,false,false,,false,false,false,false,false,false,false,false,,Click,false,false,,false,List,,true,,false,,,,List,,,,,,Renewable,,false,,,,,,,
,,,,,bcdc1676-967f-4587-a3ed-0cd34a616eba,false,,TEST,,,Default,One per quote line,,,,Quantity,,false,,,,,,,,,,false,,,false,,,1.0,false,,,,false,false,false,false,,false,false,false,false,false,false,false,false,,Click,false,false,,false,List,,true,,false,,,,List,,,,,,Renewable,,false,,,,,,,
,,,,,bcdc1676-967f-4587-a3ed-0cd34a616eba,false,,TEST,,,Default,One per quote line,,,,Quantity,,false,,,,,,,,,,false,,,false,,,1.0,false,,,,false,false,false,false,,false,false,false,false,false,false,false,false,,Click,false,false,,false,List,,true,,false,,,,List,,,,,,Renewable,,false,,,,,,,
,,,,,bcdc1676-967f-4587-a3ed-0cd34a616eba,false,,TEST,,,Default,One per quote line,,,,Quantity,,false,,,,,,,,,,false,,,false,,,1.0,false,,,,false,false,false,false,,false,false,false,false,false,false,false,false,,Click,false,false,,false,List,,true,,false,,,,List,,,,,,Renewable,,false,,,,,,,
,,,,,bcdc1676-967f-4587-a3ed-0cd34a616eba,false,,TEST,,,Default,One per quote line,,,,Quantity,,false,,,,,,,,,,false,,,false,,,1.0,false,,,,false,false,false,false,,false,false,false,false,false,false,false,false,,Click,false,false,,false,List,,true,,false,,,,List,,,,,,Renewable,,false,,,,,,,
,,,,,bcdc1676-967f-4587-a3ed-0cd34a616eba,false,,TEST,,,Default,One per quote line,,,,Quantity,,false,,,,,,,,,,false,,,false,,,1.0,false,,,,false,false,false,false,,false,false,false,false,false,false,false,false,,Click,false,false,,false,List,,true,,false,,,,List,,,,,,Renewable,,false,,,,,,,
,,,,,bcdc1676-967f-4587-a3ed-0cd34a616eba,false,,TEST,,,Default,One per quote line,,,,Quantity,,false,,,,,,,,,,false,,,false,,,1.0,false,,,,false,false,false,false,,false,false,false,false,false,false,false,false,,Click,false,false,,false,List,,true,,false,,,,List,,,,,,Renewable,,false,,,,,,,
,,,,,bcdc1676-967f-4587-a3ed-0cd34a616eba,false,,TEST,,,Default,One per quote line,,,,Quantity,,false,,,,,,,,,,false,,,false,,,1.0,false,,,,false,false,false,false,,false,false,false,false,false,false,false,false,,Click,false,false,,false,List,,true,,false,,,,List,,,,,,Renewable,,false,,,,,,,
,,,,,bcdc1676-967f-4587-a3ed-0cd34a616eba,false,,TEST,,,Default,One per quote line,,,,Quantity,,false,,,,,,,,,,false,,,false,,,1.0,false,,,,false,false,false,false,,false,false,false,false,false,false,false,false,,Click,false,false,,false,List,,true,,false,,,,List,,,,,,Renewable,,false,,,,,,,
,,,,,bcdc1676-967f-4587-a3ed-0cd34a616eba,false,,TEST,,,Default,One per quote line,,,,Quantity,,false,,,,,,,,,,false,,,false,,,1.0,false,,,,false,false,false,false,,false,false,false,false,false,false,false,false,,Click,false,false,,false,List,,true,,false,,,,List,,,,,,Renewable,,false,,,,,,,
,,,,,bcdc1676-967f-4587-a3ed-0cd34a616eba,false,,TEST,,,Default,One per quote line,,,,Quantity,,false,,,,,,,,,,false,,,false,,,1.0,false,,,,false,false,false,false,,false,false,false,false,false,false,false,false,,Click,false,false,,false,List,,true,,false,,,,List,,,,,,Renewable,,false,,,,,,,
,,,,,bcdc1676-967f-4587-a3ed-0cd34a616eba,false,,TEST,,,Default,One per quote line,,,,Quantity,,false,,,,,,,,,,false,,,false,,,1.0,false,,,,false,false,false,false,,false,false,false,false,false,false,false,false,,Click,false,false,,false,List,,true,,false,,,,List,,,,,,Renewable,,false,,,,,,,
,,,,,9ad02ca0-0988-4f1d-b164-d87959a19c4b,false,,FRIDAY,,,Default,One per quote line,,,,Quantity,,false,,,,,,,,,,false,,,false,,,1.0,false,,,,false,false,false,false,,false,false,false,false,false,false,false,false,,Click,false,false,,false,List,,true,,false,,,,List,,,,,,Renewable,,false,,,,,,,
,,,,,9ad02ca0-0988-4f1d-b164-d87959a19c4b,false,,FRIDAY,,,Default,One per quote line,,,,Quantity,,false,,,,,,,,,,false,,,false,,,1.0,false,,,,false,false,false,false,,false,false,false,false,false,false,false,false,,Click,false,false,,false,List,,true,,false,,,,List,,,,,,Renewable,,false,,,,,,,
,,,,,9ad02ca0-0988-4f1d-b164-d87959a19c4b,false,,FRIDAY,,,Default,One per quote line,,,,Quantity,,false,,,,,,,,,,false,,,false,,,1.0,false,,,,false,false,false,false,,false,false,false,false,false,false,false,false,,Click,false,false,,false,List,,true,,false,,,,List,,,,,,Renewable,,false,,,,,,,
,,,,,9ad02ca0-0988-4f1d-b164-d87959a19c4b,false,,FRIDAY,,,Default,One per quote line,,,,Quantity,,false,,,,,,,,,,false,,,false,,,1.0,false,,,,false,false,false,false,,false,false,false,false,false,false,false,false,,Click,false,false,,false,List,,true,,false,,,,List,,,,,,Renewable,,false,,,,,,,
,,,,,9ad02ca0-0988-4f1d-b164-d87959a19c4b,false,,FRIDAY,,,Default,One per quote line,,,,Quantity,,false,,,,,,,,,,false,,,false,,,1.0,false,,,,false,false,false,false,,false,false,false,false,false,false,false,false,,Click,false,false,,false,List,,true,,false,,,,List,,,,,,Renewable,,false,,,,,,,
,,,,,9ad02ca0-0988-4f1d-b164-d87959a19c4b,false,,FRIDAY,,,Default,One per quote line,,,,Quantity,,false,,,,,,,,,,false,,,false,,,1.0,false,,,,false,false,false,false,,false,false,false,false,false,false,false,false,,Click,false,false,,false,List,,true,,false,,,,List,,,,,,Renewable,,false,,,,,,,
,,,,,9ad02ca0-0988-4f1d-b164-d87959a19c4b,false,,FRIDAY,,,Default,One per quote line,,,,Quantity,,false,,,,,,,,,,false,,,false,,,1.0,false,,,,false,false,false,false,,false,false,false,false,false,false,false,false,,Click,false,false,,false,List,,true,,false,,,,List,,,,,,Renewable,,false,,,,,,,
,,,,,9ad02ca0-0988-4f1d-b164-d87959a19c4b,false,,FRIDAY,,,Default,One per quote line,,,,Quantity,,false,,,,,,,,,,false,,,false,,,1.0,false,,,,false,false,false,false,,false,false,false,false,false,false,false,false,,Click,false,false,,false,List,,true,,false,,,,List,,,,,,Renewable,,false,,,,,,,
,,,,,9ad02ca0-0988-4f1d-b164-d87959a19c4b,false,,FRIDAY,,,Default,One per quote line,,,,Quantity,,false,,,,,,,,,,false,,,false,,,1.0,false,,,,false,false,false,false,,false,false,false,false,false,false,false,false,,Click,false,false,,false,List,,true,,false,,,,List,,,,,,Renewable,,false,,,,,,,
,,,,,9ad02ca0-0988-4f1d-b164-d87959a19c4b,false,,FRIDAY,,,Default,One per quote line,,,,Quantity,,false,,,,,,,,,,false,,,false,,,1.0,false,,,,false,false,false,false,,false,false,false,false,false,false,false,false,,Click,false,false,,false,List,,true,,false,,,,List,,,,,,Renewable,,false,,,,,,,
,,,,,9ad02ca0-0988-4f1d-b164-d87959a19c4b,false,,FRIDAY,,,Default,One per quote line,,,,Quantity,,false,,,,,,,,,,false,,,false,,,1.0,false,,,,false,false,false,false,,false,false,false,false,false,false,false,false,,Click,false,false,,false,List,,true,,false,,,,List,,,,,,Renewable,,false,,,,,,,
,,,,,9ad02ca0-0988-4f1d-b164-d87959a19c4b,false,,FRIDAY,,,Default,One per quote line,,,,Quantity,,false,,,,,,,,,,false,,,false,,,1.0,false,,,,false,false,false,false,,false,false,false,false,false,false,false,false,,Click,false,false,,false,List,,true,,false,,,,List,,,,,,Renewable,,false,,,,,,,
,,,,,2d7171ef-b336-44cb-a9fd-9b3e19f95f7a,false,,myProduct,,,Default,One per quote line,,,,Quantity,,false,,,,,,,,,,false,,,false,,,1.0,false,,,,false,false,false,false,,false,false,false,false,false,false,false,false,,Click,false,false,,false,List,,true,,false,,,,List,,,,,,Renewable,,false,,,,,,,
,,,,,2d7171ef-b336-44cb-a9fd-9b3e19f95f7a,false,,myProduct,,,Default,One per quote line,,,,Quantity,,false,,,,,,,,,,false,,,false,,,1.0,false,,,,false,false,false,false,,false,false,false,false,false,false,false,false,,Click,false,false,,false,List,,true,,false,,,,List,,,,,,Renewable,,false,,,,,,,
,,,,,2d7171ef-b336-44cb-a9fd-9b3e19f95f7a,false,,myProduct,,,Default,One per quote line,,,,Quantity,,false,,,,,,,,,,false,,,false,,,1.0,false,,,,false,false,false,false,,false,false,false,false,false,false,false,false,,Click,false,false,,false,List,,true,,false,,,,List,,,,,,Renewable,,false,,,,,,,
,,,,,2d7171ef-b336-44cb-a9fd-9b3e19f95f7a,false,,myProduct,,,Default,One per quote line,,,,Quantity,,false,,,,,,,,,,false,,,false,,,1.0,false,,,,false,false,false,false,,false,false,false,false,false,false,false,false,,Click,false,false,,false,List,,true,,false,,,,List,,,,,,Renewable,,false,,,,,,,
,,,,,2d7171ef-b336-44cb-a9fd-9b3e19f95f7a,false,,myProduct,,,Default,One per quote line,,,,Quantity,,false,,,,,,,,,,false,,,false,,,1.0,false,,,,false,false,false,false,,false,false,false,false,false,false,false,false,,Click,false,false,,false,List,,true,,false,,,,List,,,,,,Renewable,,false,,,,,,,
,,,,,2d7171ef-b336-44cb-a9fd-9b3e19f95f7a,false,,myProduct,,,Default,One per quote line,,,,Quantity,,false,,,,,,,,,,false,,,false,,,1.0,false,,,,false,false,false,false,,false,false,false,false,false,false,false,false,,Click,false,false,,false,List,,true,,false,,,,List,,,,,,Renewable,,false,,,,,,,
,,,,,2d7171ef-b336-44cb-a9fd-9b3e19f95f7a,false,,myProduct,,,Default,One per quote line,,,,Quantity,,false,,,,,,,,,,false,,,false,,,1.0,false,,,,false,false,false,false,,false,false,false,false,false,false,false,false,,Click,false,false,,false,List,,true,,false,,,,List,,,,,,Renewable,,false,,,,,,,
,,,,,2d7171ef-b336-44cb-a9fd-9b3e19f95f7a,false,,myProduct,,,Default,One per quote line,,,,Quantity,,false,,,,,,,,,,false,,,false,,,1.0,false,,,,false,false,false,false,,false,false,false,false,false,false,false,false,,Click,false,false,,false,List,,true,,false,,,,List,,,,,,Renewable,,false,,,,,,,
,,,,,2d7171ef-b336-44cb-a9fd-9b3e19f95f7a,false,,myProduct,,,Default,One per quote line,,,,Quantity,,false,,,,,,,,,,false,,,false,,,1.0,false,,,,false,false,false,false,,false,false,false,false,false,false,false,false,,Click,false,false,,false,List,,true,,false,,,,List,,,,,,Renewable,,false,,,,,,,
,,,,,2d7171ef-b336-44cb-a9fd-9b3e19f95f7a,false,,myProduct,,,Default,One per quote line,,,,Quantity,,false,,,,,,,,,,false,,,false,,,1.0,false,,,,false,false,false,false,,false,false,false,false,false,false,false,false,,Click,false,false,,false,List,,true,,false,,,,List,,,,,,Renewable,,false,,,,,,,
,,,,,2d7171ef-b336-44cb-a9fd-9b3e19f95f7a,false,,myProduct,,,Default,One per quote line,,,,Quantity,,false,,,,,,,,,,false,,,false,,,1.0,false,,,,false,false,false,false,,false,false,false,false,false,false,false,false,,Click,false,false,,false,List,,true,,false,,,,List,,,,,,Renewable,,false,,,,,,,
,,,,,2d7171ef-b336-44cb-a9fd-9b3e19f95f7a,false,,myProduct,,,Default,One per quote line,,,,Quantity,,false,,,,,,,,,,false,,,false,,,1.0,false,,,,false,false,false,false,,false,false,false,false,false,false,false,false,,Click,false,false,,false,List,,true,,false,,,,List,,,,,,Renewable,,false,,,,,,,
,,,,,2d7171ef-b336-44cb-a9fd-9b3e19f95f7a,false,,myProduct,,,Default,One per quote line,,,,Quantity,,false,,,,,,,,,,false,,,false,,,1.0,false,,,,false,false,false,false,,false,false,false,false,false,false,false,false,,Click,false,false,,false,List,,true,,false,,,,List,,,,,,Renewable,,false,,,,,,,
,,,,,2d7171ef-b336-44cb-a9fd-9b3e19f95f7a,false,,myProduct,,,Default,One per quote line,,,,Quantity,,false,,,,,,,,,,false,,,false,,,1.0,false,,,,false,false,false,false,,false,false,false,false,false,false,false,false,,Click,false,false,,false,List,,true,,false,,,,List,,,,,,Renewable,,false,,,,,,,
,,,,,2d7171ef-b336-44cb-a9fd-9b3e19f95f7a,false,,myProduct,,,Default,One per quote line,,,,Quantity,,false,,,,,,,,,,false,,,false,,,1.0,false,,,,false,false,false,false,,false,false,false,false,false,false,false,false,,Click,false,false,,false,List,,true,,false,,,,List,,,,,,Renewable,,false,,,,,,,
,,,,,2d7171ef-b336-44cb-a9fd-9b3e19f95f7a,false,,myProduct,,,Default,One per quote line,,,,Quantity,,false,,,,,,,,,,false,,,false,,,1.0,false,,,,false,false,false,false,,false,false,false,false,false,false,false,false,,Click,false,false,,false,List,,true,,false,,,,List,,,,,,Renewable,,false,,,,,,,
,,,,,2d7171ef-b336-44cb-a9fd-9b3e19f95f7a,false,,myProduct,,,Default,One per quote line,,,,Quantity,,false,,,,,,,,,,false,,,false,,,1.0,false,,,,false,false,false,false,,false,false,false,false,false,false,false,false,,Click,false,false,,false,List,,true,,false,,,,List,,,,,,Renewable,,false,,,,,,,
,,,,,2d7171ef-b336-44cb-a9fd-9b3e19f95f7a,false,,myProduct,,,Default,One per quote line,,,,Quantity,,false,,,,,,,,,,false,,,false,,,1.0,false,,,,false,false,false,false,,false,false,false,false,false,false,false,false,,Click,false,false,,false,List,,true,,false,,,,List,,,,,,Renewable,,false,,,,,,,
,,,,,2d7171ef-b336-44cb-a9fd-9b3e19f95f7a,false,,myProduct,,,Default,One per quote line,,,,Quantity,,false,,,,,,,,,,false,,,false,,,1.0,false,,,,false,false,false,false,,false,false,false,false,false,false,false,false,,Click,false,false,,false,List,,true,,false,,,,List,,,,,,Renewable,,false,,,,,,,
,,,,,2d7171ef-b336-44cb-a9fd-9b3e19f95f7a,false,,myProduct,,,Default,One per quote line,,,,Quantity,,false,,,,,,,,,,false,,,false,,,1.0,false,,,,false,false,false,false,,false,false,false,false,false,false,false,false,,Click,false,false,,false,List,,true,,false,,,,List,,,,,,Renewable,,false,,,,,,,
,,,,,2d7171ef-b336-44cb-a9fd-9b3e19f95f7a,false,,myProduct,,,Default,One per quote line,,,,Quantity,,false,,,,,,,,,,false,,,false,,,1.0,false,,,,false,false,false,false,,false,false,false,false,false,false,false,false,,Click,false,false,,false,List,,true,,false,,,,List,,,,,,Renewable,,false,,,,,,,
,,,,,2d7171ef-b336-44cb-a9fd-9b3e19f95f7a,false,,myProduct,,,Default,One per quote line,,,,Quantity,,false,,,,,,,,,,false,,,false,,,1.0,false,,,,false,false,false,false,,false,false,false,false,false,false,false,false,,Click,false,false,,false,List,,true,,false,,,,List,,,,,,Renewable,,false,,,,,,,
,,,,,2d7171ef-b336-44cb-a9fd-9b3e19f95f7a,false,,myProduct,,,Default,One per quote line,,,,Quantity,,false,,,,,,,,,,false,,,false,,,1.0,false,,,,false,false,false,false,,false,false,false,false,false,false,false,false,,Click,false,false,,false,List,,true,,false,,,,List,,,,,,Renewable,,false,,,,,,,
,,,,,2d7171ef-b336-44cb-a9fd-9b3e19f95f7a,false,,myProduct,,,Default,One per quote line,,,,Quantity,,false,,,,,,,,,,false,,,false,,,1.0,false,,,,false,false,false,false,,false,false,false,false,false,false,false,false,,Click,false,false,,false,List,,true,,false,,,,List,,,,,,Renewable,,false,,,,,,,
,,,,,2d7171ef-b336-44cb-a9fd-9b3e19f95f7a,false,,myProduct,,,Default,One per quote line,,,,Quantity,,false,,,,,,,,,,false,,,false,,,1.0,false,,,,false,false,false,false,,false,false,false,false,false,false,false,false,,Click,false,false,,false,List,,true,,false,,,,List,,,,,,Renewable,,false,,,,,,,
,,,,,2d7171ef-b336-44cb-a9fd-9b3e19f95f7a,false,,myProduct,,,Default,One per quote line,,,,Quantity,,false,,,,,,,,,,false,,,false,,,1.0,false,,,,false,false,false,false,,false,false,false,false,false,false,false,false,,Click,false,false,,false,List,,true,,false,,,,List,,,,,,Renewable,,false,,,,,,,
,,,,,2d7171ef-b336-44cb-a9fd-9b3e19f95f7a,false,,myProduct,,,Default,One per quote line,,,,Quantity,,false,,,,,,,,,,false,,,false,,,1.0,false,,,,false,false,false,false,,false,false,false,false,false,false,false,false,,Click,false,false,,false,List,,true,,false,,,,List,,,,,,Renewable,,false,,,,,,,
,,,,,2d7171ef-b336-44cb-a9fd-9b3e19f95f7a,false,,myProduct,,,Default,One per quote line,,,,Quantity,,false,,,,,,,,,,false,,,false,,,1.0,false,,,,false,false,false,false,,false,false,false,false,false,false,false,false,,Click,false,false,,false,List,,true,,false,,,,List,,,,,,Renewable,,false,,,,,,,
,,,,,2d7171ef-b336-44cb-a9fd-9b3e19f95f7a,false,,myProduct,,,Default,One per quote line,,,,Quantity,,false,,,,,,,,,,false,,,false,,,1.0,false,,,,false,false,false,false,,false,false,false,false,false,false,false,false,,Click,false,false,,false,List,,true,,false,,,,List,,,,,,Renewable,,false,,,,,,,
,,,,,2d7171ef-b336-44cb-a9fd-9b3e19f95f7a,false,,myProduct,,,Default,One per quote line,,,,Quantity,,false,,,,,,,,,,false,,,false,,,1.0,false,,,,false,false,false,false,,false,false,false,false,false,false,false,false,,Click,false,false,,false,List,,true,,false,,,,List,,,,,,Renewable,,false,,,,,,,
,,,,,2d7171ef-b336-44cb-a9fd-9b3e19f95f7a,false,,myProduct,,,Default,One per quote line,,,,Quantity,,false,,,,,,,,,,false,,,false,,,1.0,false,,,,false,false,false,false,,false,false,false,false,false,false,false,false,,Click,false,false,,false,List,,true,,false,,,,List,,,,,,Renewable,,false,,,,,,,
,,,,,2d7171ef-b336-44cb-a9fd-9b3e19f95f7a,false,,myProduct,,,Default,One per quote line,,,,Quantity,,false,,,,,,,,,,false,,,false,,,1.0,false,,,,false,false,false,false,,false,false,false,false,false,false,false,false,,Click,false,false,,false,List,,true,,false,,,,List,,,,,,Renewable,,false,,,,,,,
,,,,,2d7171ef-b336-44cb-a9fd-9b3e19f95f7a,false,,myProduct,,,Default,One per quote line,,,,Quantity,,false,,,,,,,,,,false,,,false,,,1.0,false,,,,false,false,false,false,,false,false,false,false,false,false,false,false,,Click,false,false,,false,List,,true,,false,,,,List,,,,,,Renewable,,false,,,,,,,
,,,,,2d7171ef-b336-44cb-a9fd-9b3e19f95f7a,false,,myProduct,,,Default,One per quote line,,,,Quantity,,false,,,,,,,,,,false,,,false,,,1.0,false,,,,false,false,false,false,,false,false,false,false,false,false,false,false,,Click,false,false,,false,List,,true,,false,,,,List,,,,,,Renewable,,false,,,,,,,
,,,,,2d7171ef-b336-44cb-a9fd-9b3e19f95f7a,false,,myProduct,,,Default,One per quote line,,,,Quantity,,false,,,,,,,,,,false,,,false,,,1.0,false,,,,false,false,false,false,,false,false,false,false,false,false,false,false,,Click,false,false,,false,List,,true,,false,,,,List,,,,,,Renewable,,false,,,,,,,
,,,,,2d7171ef-b336-44cb-a9fd-9b3e19f95f7a,false,,myProduct,,,Default,One per quote line,,,,Quantity,,false,,,,,,,,,,false,,,false,,,1.0,false,,,,false,false,false,false,,false,false,false,false,false,false,false,false,,Click,false,false,,false,List,,true,,false,,,,List,,,,,,Renewable,,false,,,,,,,
,,,,,2d7171ef-b336-44cb-a9fd-9b3e19f95f7a,false,,myProduct,,,Default,One per quote line,,,,Quantity,,false,,,,,,,,,,false,,,false,,,1.0,false,,,,false,false,false,false,,false,false,false,false,false,false,false,false,,Click,false,false,,false,List,,true,,false,,,,List,,,,,,Renewable,,false,,,,,,,
,,,,,2d7171ef-b336-44cb-a9fd-9b3e19f95f7a,false,,myProduct,,,Default,One per quote line,,,,Quantity,,false,,,,,,,,,,false,,,false,,,1.0,false,,,,false,false,false,false,,false,false,false,false,false,false,false,false,,Click,false,false,,false,List,,true,,false,,,,List,,,,,,Renewable,,false,,,,,,,
,,,,,2d7171ef-b336-44cb-a9fd-9b3e19f95f7a,false,,myProduct,,,Default,One per quote line,,,,Quantity,,false,,,,,,,,,,false,,,false,,,1.0,false,,,,false,false,false,false,,false,false,false,false,false,false,false,false,,Click,false,false,,false,List,,true,,false,,,,List,,,,,,Renewable,,false,,,,,,,
,,,,,2d7171ef-b336-44cb-a9fd-9b3e19f95f7a,false,,myProduct,,,Default,One per quote line,,,,Quantity,,false,,,,,,,,,,false,,,false,,,1.0,false,,,,false,false,false,false,,false,false,false,false,false,false,false,false,,Click,false,false,,false,List,,true,,false,,,,List,,,,,,Renewable,,false,,,,,,,
,,,,,2d7171ef-b336-44cb-a9fd-9b3e19f95f7a,false,,myProduct,,,Default,One per quote line,,,,Quantity,,false,,,,,,,,,,false,,,false,,,1.0,false,,,,false,false,false,false,,false,false,false,false,false,false,false,false,,Click,false,false,,false,List,,true,,false,,,,List,,,,,,Renewable,,false,,,,,,,
,,,,,2d7171ef-b336-44cb-a9fd-9b3e19f95f7a,false,,myProduct,,,Default,One per quote line,,,,Quantity,,false,,,,,,,,,,false,,,false,,,1.0,false,,,,false,false,false,false,,false,false,false,false,false,false,false,false,,Click,false,false,,false,List,,true,,false,,,,List,,,,,,Renewable,,false,,,,,,,
,,,,,2d7171ef-b336-44cb-a9fd-9b3e19f95f7a,false,,myProduct,,,Default,One per quote line,,,,Quantity,,false,,,,,,,,,,false,,,false,,,1.0,false,,,,false,false,false,false,,false,false,false,false,false,false,false,false,,Click,false,false,,false,List,,true,,false,,,,List,,,,,,Renewable,,false,,,,,,,
,,,,,2d7171ef-b336-44cb-a9fd-9b3e19f95f7a,false,,myProduct,,,Default,One per quote line,,,,Quantity,,false,,,,,,,,,,false,,,false,,,1.0,false,,,,false,false,false,false,,false,false,false,false,false,false,false,false,,Click,false,false,,false,List,,true,,false,,,,List,,,,,,Renewable,,false,,,,,,,
,,,,,2d7171ef-b336-44cb-a9fd-9b3e19f95f7a,false,,myProduct,,,Default,One per quote line,,,,Quantity,,false,,,,,,,,,,false,,,false,,,1.0,false,,,,false,false,false,false,,false,false,false,false,false,false,false,false,,Click,false,false,,false,List,,true,,false,,,,List,,,,,,Renewable,,false,,,,,,,
,,,,,2d7171ef-b336-44cb-a9fd-9b3e19f95f7a,false,,myProduct,,,Default,One per quote line,,,,Quantity,,false,,,,,,,,,,false,,,false,,,1.0,false,,,,false,false,false,false,,false,false,false,false,false,false,false,false,,Click,false,false,,false,List,,true,,false,,,,List,,,,,,Renewable,,false,,,,,,,
,,,,,2d7171ef-b336-44cb-a9fd-9b3e19f95f7a,false,,myProduct,,,Default,One per quote line,,,,Quantity,,false,,,,,,,,,,false,,,false,,,1.0,false,,,,false,false,false,false,,false,false,false,false,false,false,false,false,,Click,false,false,,false,List,,true,,false,,,,List,,,,,,Renewable,,false,,,,,,,
,,,,,2d7171ef-b336-44cb-a9fd-9b3e19f95f7a,false,,myProduct,,,Default,One per quote line,,,,Quantity,,false,,,,,,,,,,false,,,false,,,1.0,false,,,,false,false,false,false,,false,false,false,false,false,false,false,false,,Click,false,false,,false,List,,true,,false,,,,List,,,,,,Renewable,,false,,,,,,,
,,,,,2d7171ef-b336-44cb-a9fd-9b3e19f95f7a,false,,myProduct,,,Default,One per quote line,,,,Quantity,,false,,,,,,,,,,false,,,false,,,1.0,false,,,,false,false,false,false,,false,false,false,false,false,false,false,false,,Click,false,false,,false,List,,true,,false,,,,List,,,,,,Renewable,,false,,,,,,,
,,,,,9cdeb90e-9dc6-4ebc-828c-e9c00e9f282b,false,,test,,,Default,One per quote line,,,,Quantity,,false,,,,,,,,,,false,,,false,,,1.0,false,,,,false,false,false,false,,false,false,false,false,false,false,false,false,,Click,false,false,,false,List,,true,,false,,,,List,,,,,,Renewable,,false,,,,,,,
,,,,,9cdeb90e-9dc6-4ebc-828c-e9c00e9f282b,false,,test,,,Default,One per quote line,,,,Quantity,,false,,,,,,,,,,false,,,false,,,1.0,false,,,,false,false,false,false,,false,false,false,false,false,false,false,false,,Click,false,false,,false,List,,true,,false,,,,List,,,,,,Renewable,,false,,,,,,,
,,,,,9cdeb90e-9dc6-4ebc-828c-e9c00e9f282b,false,,test,,,Default,One per quote line,,,,Quantity,,false,,,,,,,,,,false,,,false,,,1.0,false,,,,false,false,false,false,,false,false,false,false,false,false,false,false,,Click,false,false,,false,List,,true,,false,,,,List,,,,,,Renewable,,false,,,,,,,
,,,,,9cdeb90e-9dc6-4ebc-828c-e9c00e9f282b,false,,test,,,Default,One per quote line,,,,Quantity,,false,,,,,,,,,,false,,,false,,,1.0,false,,,,false,false,false,false,,false,false,false,false,false,false,false,false,,Click,false,false,,false,List,,true,,false,,,,List,,,,,,Renewable,,false,,,,,,,
,,,,,9cdeb90e-9dc6-4ebc-828c-e9c00e9f282b,false,,test,,,Default,One per quote line,,,,Quantity,,false,,,,,,,,,,false,,,false,,,1.0,false,,,,false,false,false,false,,false,false,false,false,false,false,false,false,,Click,false,false,,false,List,,true,,false,,,,List,,,,,,Renewable,,false,,,,,,,
,,,,,9cdeb90e-9dc6-4ebc-828c-e9c00e9f282b,false,,test,,,Default,One per quote line,,,,Quantity,,false,,,,,,,,,,false,,,false,,,1.0,false,,,,false,false,false,false,,false,false,false,false,false,false,false,false,,Click,false,false,,false,List,,true,,false,,,,List,,,,,,Renewable,,false,,,,,,,
,,,,,9cdeb90e-9dc6-4ebc-828c-e9c00e9f282b,false,,test,,,Default,One per quote line,,,,Quantity,,false,,,,,,,,,,false,,,false,,,1.0,false,,,,false,false,false,false,,false,false,false,false,false,false,false,false,,Click,false,false,,false,List,,true,,false,,,,List,,,,,,Renewable,,false,,,,,,,
,,,,,9cdeb90e-9dc6-4ebc-828c-e9c00e9f282b,false,,test,,,Default,One per quote line,,,,Quantity,,false,,,,,,,,,,false,,,false,,,1.0,false,,,,false,false,false,false,,false,false,false,false,false,false,false,false,,Click,false,false,,false,List,,true,,false,,,,List,,,,,,Renewable,,false,,,,,,,
,,,,,9cdeb90e-9dc6-4ebc-828c-e9c00e9f282b,false,,test,,,Default,One per quote line,,,,Quantity,,false,,,,,,,,,,false,,,false,,,1.0,false,,,,false,false,false,false,,false,false,false,false,false,false,false,false,,Click,false,false,,false,List,,true,,false,,,,List,,,,,,Renewable,,false,,,,,,,
,,,,,9cdeb90e-9dc6-4ebc-828c-e9c00e9f282b,false,,test,,,Default,One per quote line,,,,Quantity,,false,,,,,,,,,,false,,,false,,,1.0,false,,,,false,false,false,false,,false,false,false,false,false,false,false,false,,Click,false,false,,false,List,,true,,false,,,,List,,,,,,Renewable,,false,,,,,,,
,,,,,9cdeb90e-9dc6-4ebc-828c-e9c00e9f282b,false,,test,,,Default,One per quote line,,,,Quantity,,false,,,,,,,,,,false,,,false,,,1.0,false,,,,false,false,false,false,,false,false,false,false,false,false,false,false,,Click,false,false,,false,List,,true,,false,,,,List,,,,,,Renewable,,false,,,,,,,
,,,,,9cdeb90e-9dc6-4ebc-828c-e9c00e9f282b,false,,test,,,Default,One per quote line,,,,Quantity,,false,,,,,,,,,,false,,,false,,,1.0,false,,,,false,false,false,false,,false,false,false,false,false,false,false,false,,Click,false,false,,false,List,,true,,false,,,,List,,,,,,Renewable,,false,,,,,,,
,,,,,9cdeb90e-9dc6-4ebc-828c-e9c00e9f282b,false,,test,,,Default,One per quote line,,,,Quantity,,false,,,,,,,,,,false,,,false,,,1.0,false,,,,false,false,false,false,,false,false,false,false,false,false,false,false,,Click,false,false,,false,List,,true,,false,,,,List,,,,,,Renewable,,false,,,,,,,
,,,,,9cdeb90e-9dc6-4ebc-828c-e9c00e9f282b,false,,test,,,Default,One per quote line,,,,Quantity,,false,,,,,,,,,,false,,,false,,,1.0,false,,,,false,false,false,false,,false,false,false,false,false,false,false,false,,Click,false,false,,false,List,,true,,false,,,,List,,,,,,Renewable,,false,,,,,,,
,,,,,9cdeb90e-9dc6-4ebc-828c-e9c00e9f282b,false,,test,,,Default,One per quote line,,,,Quantity,,false,,,,,,,,,,false,,,false,,,1.0,false,,,,false,false,false,false,,false,false,false,false,false,false,false,false,,Click,false,false,,false,List,,true,,false,,,,List,,,,,,Renewable,,false,,,,,,,
,,,,,9cdeb90e-9dc6-4ebc-828c-e9c00e9f282b,false,,test,,,Default,One per quote line,,,,Quantity,,false,,,,,,,,,,false,,,false,,,1.0,false,,,,false,false,false,false,,false,false,false,false,false,false,false,false,,Click,false,false,,false,List,,true,,false,,,,List,,,,,,Renewable,,false,,,,,,,
,,,,,9cdeb90e-9dc6-4ebc-828c-e9c00e9f282b,false,,test,,,Default,One per quote line,,,,Quantity,,false,,,,,,,,,,false,,,false,,,1.0,false,,,,false,false,false,false,,false,false,false,false,false,false,false,false,,Click,false,false,,false,List,,true,,false,,,,List,,,,,,Renewable,,false,,,,,,,
,,,,,9cdeb90e-9dc6-4ebc-828c-e9c00e9f282b,false,,test,,,Default,One per quote line,,,,Quantity,,false,,,,,,,,,,false,,,false,,,1.0,false,,,,false,false,false,false,,false,false,false,false,false,false,false,false,,Click,false,false,,false,List,,true,,false,,,,List,,,,,,Renewable,,false,,,,,,,
,,,,,9cdeb90e-9dc6-4ebc-828c-e9c00e9f282b,false,,test,,,Default,One per quote line,,,,Quantity,,false,,,,,,,,,,false,,,false,,,1.0,false,,,,false,false,false,false,,false,false,false,false,false,false,false,false,,Click,false,false,,false,List,,true,,false,,,,List,,,,,,Renewable,,false,,,,,,,
,,,,,9cdeb90e-9dc6-4ebc-828c-e9c00e9f282b,false,,test,,,Default,One per quote line,,,,Quantity,,false,,,,,,,,,,false,,,false,,,1.0,false,,,,false,false,false,false,,false,false,false,false,false,false,false,false,,Click,false,false,,false,List,,true,,false,,,,List,,,,,,Renewable,,false,,,,,,,
,,,,,9cdeb90e-9dc6-4ebc-828c-e9c00e9f282b,false,,test,,,Default,One per quote line,,,,Quantity,,false,,,,,,,,,,false,,,false,,,1.0,false,,,,false,false,false,false,,false,false,false,false,false,false,false,false,,Click,false,false,,false,List,,true,,false,,,,List,,,,,,Renewable,,false,,,,,,,
,,,,,9cdeb90e-9dc6-4ebc-828c-e9c00e9f282b,false,,test,,,Default,One per quote line,,,,Quantity,,false,,,,,,,,,,false,,,false,,,1.0,false,,,,false,false,false,false,,false,false,false,false,false,false,false,false,,Click,false,false,,false,List,,true,,false,,,,List,,,,,,Renewable,,false,,,,,,,
,,,,,9cdeb90e-9dc6-4ebc-828c-e9c00e9f282b,false,,test,,,Default,One per quote line,,,,Quantity,,false,,,,,,,,,,false,,,false,,,1.0,false,,,,false,false,false,false,,false,false,false,false,false,false,false,false,,Click,false,false,,false,List,,true,,false,,,,List,,,,,,Renewable,,false,,,,,,,
,,,,,9cdeb90e-9dc6-4ebc-828c-e9c00e9f282b,false,,test,,,Default,One per quote line,,,,Quantity,,false,,,,,,,,,,false,,,false,,,1.0,false,,,,false,false,false,false,,false,false,false,false,false,false,false,false,,Click,false,false,,false,List,,true,,false,,,,List,,,,,,Renewable,,false,,,,,,,
,,,,,9cdeb90e-9dc6-4ebc-828c-e9c00e9f282b,false,,test,,,Default,One per quote line,,,,Quantity,,false,,,,,,,,,,false,,,false,,,1.0,false,,,,false,false,false,false,,false,false,false,false,false,false,false,false,,Click,false,false,,false,List,,true,,false,,,,List,,,,,,Renewable,,false,,,,,,,
,,,,,9cdeb90e-9dc6-4ebc-828c-e9c00e9f282b,false,,test,,,Default,One per quote line,,,,Quantity,,false,,,,,,,,,,false,,,false,,,1.0,false,,,,false,false,false,false,,false,false,false,false,false,false,false,false,,Click,false,false,,false,List,,true,,false,,,,List,,,,,,Renewable,,false,,,,,,,
,,,,,9cdeb90e-9dc6-4ebc-828c-e9c00e9f282b,false,,test,,,Default,One per quote line,,,,Quantity,,false,,,,,,,,,,false,,,false,,,1.0,false,,,,false,false,false,false,,false,false,false,false,false,false,false,false,,Click,false,false,,false,List,,true,,false,,,,List,,,,,,Renewable,,false,,,,,,,
,,,,,9cdeb90e-9dc6-4ebc-828c-e9c00e9f282b,false,,test,,,Default,One per quote line,,,,Quantity,,false,,,,,,,,,,false,,,false,,,1.0,false,,,,false,false,false,false,,false,false,false,false,false,false,false,false,,Click,false,false,,false,List,,true,,false,,,,List,,,,,,Renewable,,false,,,,,,,
,,,,,9cdeb90e-9dc6-4ebc-828c-e9c00e9f282b,false,,test,,,Default,One per quote line,,,,Quantity,,false,,,,,,,,,,false,,,false,,,1.0,false,,,,false,false,false,false,,false,false,false,false,false,false,false,false,,Click,false,false,,false,List,,true,,false,,,,List,,,,,,Renewable,,false,,,,,,,
,,,,,9cdeb90e-9dc6-4ebc-828c-e9c00e9f282b,false,,test,,,Default,One per quote line,,,,Quantity,,false,,,,,,,,,,false,,,false,,,1.0,false,,,,false,false,false,false,,false,false,false,false,false,false,false,false,,Click,false,false,,false,List,,true,,false,,,,List,,,,,,Renewable,,false,,,,,,,
,,,,,9cdeb90e-9dc6-4ebc-828c-e9c00e9f282b,false,,test,,,Default,One per quote line,,,,Quantity,,false,,,,,,,,,,false,,,false,,,1.0,false,,,,false,false,false,false,,false,false,false,false,false,false,false,false,,Click,false,false,,false,List,,true,,false,,,,List,,,,,,Renewable,,false,,,,,,,
,,,,,9cdeb90e-9dc6-4ebc-828c-e9c00e9f282b,false,,test,,,Default,One per quote line,,,,Quantity,,false,,,,,,,,,,false,,,false,,,1.0,false,,,,false,false,false,false,,false,false,false,false,false,false,false,false,,Click,false,false,,false,List,,true,,false,,,,List,,,,,,Renewable,,false,,,,,,,
,,,,,9cdeb90e-9dc6-4ebc-828c-e9c00e9f282b,false,,test,,,Default,One per quote line,,,,Quantity,,false,,,,,,,,,,false,,,false,,,1.0,false,,,,false,false,false,false,,false,false,false,false,false,false,false,false,,Click,false,false,,false,List,,true,,false,,,,List,,,,,,Renewable,,false,,,,,,,
,,,,,9cdeb90e-9dc6-4ebc-828c-e9c00e9f282b,false,,test,,,Default,One per quote line,,,,Quantity,,false,,,,,,,,,,false,,,false,,,1.0,false,,,,false,false,false,false,,false,false,false,false,false,false,false,false,,Click,false,false,,false,List,,true,,false,,,,List,,,,,,Renewable,,false,,,,,,,
,,,,,9cdeb90e-9dc6-4ebc-828c-e9c00e9f282b,false,,test,,,Default,One per quote line,,,,Quantity,,false,,,,,,,,,,false,,,false,,,1.0,false,,,,false,false,false,false,,false,false,false,false,false,false,false,false,,Click,false,false,,false,List,,true,,false,,,,List,,,,,,Renewable,,false,,,,,,,
,,,,,9cdeb90e-9dc6-4ebc-828c-e9c00e9f282b,false,,test,,,Default,One per quote line,,,,Quantity,,false,,,,,,,,,,false,,,false,,,1.0,false,,,,false,false,false,false,,false,false,false,false,false,false,false,false,,Click,false,false,,false,List,,true,,false,,,,List,,,,,,Renewable,,false,,,,,,,
,,,,,9cdeb90e-9dc6-4ebc-828c-e9c00e9f282b,false,,test,,,Default,One per quote line,,,,Quantity,,false,,,,,,,,,,false,,,false,,,1.0,false,,,,false,false,false,false,,false,false,false,false,false,false,false,false,,Click,false,false,,false,List,,true,,false,,,,List,,,,,,Renewable,,false,,,,,,,
,,,,,9cdeb90e-9dc6-4ebc-828c-e9c00e9f282b,false,,test,,,Default,One per quote line,,,,Quantity,,false,,,,,,,,,,false,,,false,,,1.0,false,,,,false,false,false,false,,false,false,false,false,false,false,false,false,,Click,false,false,,false,List,,true,,false,,,,List,,,,,,Renewable,,false,,,,,,,
,,,,,9cdeb90e-9dc6-4ebc-828c-e9c00e9f282b,false,,test,,,Default,One per quote line,,,,Quantity,,false,,,,,,,,,,false,,,false,,,1.0,false,,,,false,false,false,false,,false,false,false,false,false,false,false,false,,Click,false,false,,false,List,,true,,false,,,,List,,,,,,Renewable,,false,,,,,,,
,,,,,9cdeb90e-9dc6-4ebc-828c-e9c00e9f282b,false,,test,,,Default,One per quote line,,,,Quantity,,false,,,,,,,,,,false,,,false,,,1.0,false,,,,false,false,false,false,,false,false,false,false,false,false,false,false,,Click,false,false,,false,List,,true,,false,,,,List,,,,,,Renewable,,false,,,,,,,
,,,,,9cdeb90e-9dc6-4ebc-828c-e9c00e9f282b,false,,test,,,Default,One per quote line,,,,Quantity,,false,,,,,,,,,,false,,,false,,,1.0,false,,,,false,false,false,false,,false,false,false,false,false,false,false,false,,Click,false,false,,false,List,,true,,false,,,,List,,,,,,Renewable,,false,,,,,,,
,,,,,9cdeb90e-9dc6-4ebc-828c-e9c00e9f282b,false,,test,,,Default,One per quote line,,,,Quantity,,false,,,,,,,,,,false,,,false,,,1.0,false,,,,false,false,false,false,,false,false,false,false,false,false,false,false,,Click,false,false,,false,List,,true,,false,,,,List,,,,,,Renewable,,false,,,,,,,
,,,,,9cdeb90e-9dc6-4ebc-828c-e9c00e9f282b,false,,test,,,Default,One per quote line,,,,Quantity,,false,,,,,,,,,,false,,,false,,,1.0,false,,,,false,false,false,false,,false,false,false,false,false,false,false,false,,Click,false,false,,false,List,,true,,false,,,,List,,,,,,Renewable,,false,,,,,,,
,,,,,9cdeb90e-9dc6-4ebc-828c-e9c00e9f282b,false,,test,,,Default,One per quote line,,,,Quantity,,false,,,,,,,,,,false,,,false,,,1.0,false,,,,false,false,false,false,,false,false,false,false,false,false,false,false,,Click,false,false,,false,List,,true,,false,,,,List,,,,,,Renewable,,false,,,,,,,
,,,,,9cdeb90e-9dc6-4ebc-828c-e9c00e9f282b,false,,test,,,Default,One per quote line,,,,Quantity,,false,,,,,,,,,,false,,,false,,,1.0,false,,,,false,false,false,false,,false,false,false,false,false,false,false,false,,Click,false,false,,false,List,,true,,false,,,,List,,,,,,Renewable,,false,,,,,,,
,,,,,9cdeb90e-9dc6-4ebc-828c-e9c00e9f282b,false,,test,,,Default,One per quote line,,,,Quantity,,false,,,,,,,,,,false,,,false,,,1.0,false,,,,false,false,false,false,,false,false,false,false,false,false,false,false,,Click,false,false,,false,List,,true,,false,,,,List,,,,,,Renewable,,false,,,,,,,
,,,,,9cdeb90e-9dc6-4ebc-828c-e9c00e9f282b,false,,test,,,Default,One per quote line,,,,Quantity,,false,,,,,,,,,,false,,,false,,,1.0,false,,,,false,false,false,false,,false,false,false,false,false,false,false,false,,Click,false,false,,false,List,,true,,false,,,,List,,,,,,Renewable,,false,,,,,,,
,,,,,9cdeb90e-9dc6-4ebc-828c-e9c00e9f282b,false,,test,,,Default,One per quote line,,,,Quantity,,false,,,,,,,,,,false,,,false,,,1.0,false,,,,false,false,false,false,,false,false,false,false,false,false,false,false,,Click,false,false,,false,List,,true,,false,,,,List,,,,,,Renewable,,false,,,,,,,
,,,,,9cdeb90e-9dc6-4ebc-828c-e9c00e9f282b,false,,test,,,Default,One per quote line,,,,Quantity,,false,,,,,,,,,,false,,,false,,,1.0,false,,,,false,false,false,false,,false,false,false,false,false,false,false,false,,Click,false,false,,false,List,,true,,false,,,,List,,,,,,Renewable,,false,,,,,,,
,,,,,d7bddfa2-225e-4b23-98f5-e6a2d1a7150c,false,,temb|4 5,,,Default,One per quote line,,,,Quantity,,false,,,,,,,,,,false,,,false,,,1.0,false,,,,false,false,false,false,,false,false,false,false,false,false,false,false,,Click,false,false,,false,List,,true,,false,,,,List,,,,,,Renewable,,false,,,,,,,
,,,,,d7bddfa2-225e-4b23-98f5-e6a2d1a7150c,false,,temb|4 5,,,Default,One per quote line,,,,Quantity,,false,,,,,,,,,,false,,,false,,,1.0,false,,,,false,false,false,false,,false,false,false,false,false,false,false,false,,Click,false,false,,false,List,,true,,false,,,,List,,,,,,Renewable,,false,,,,,,,
,,,,,d7bddfa2-225e-4b23-98f5-e6a2d1a7150c,false,,temb|4 5,,,Default,One per quote line,,,,Quantity,,false,,,,,,,,,,false,,,false,,,1.0,false,,,,false,false,false,false,,false,false,false,false,false,false,false,false,,Click,false,false,,false,List,,true,,false,,,,List,,,,,,Renewable,,false,,,,,,,
,,,,,d7bddfa2-225e-4b23-98f5-e6a2d1a7150c,false,,temb|4 5,,,Default,One per quote line,,,,Quantity,,false,,,,,,,,,,false,,,false,,,1.0,false,,,,false,false,false,false,,false,false,false,false,false,false,false,false,,Click,false,false,,false,List,,true,,false,,,,List,,,,,,Renewable,,false,,,,,,,
,,,,,d7bddfa2-225e-4b23-98f5-e6a2d1a7150c,false,,temb|4 5,,,Default,One per quote line,,,,Quantity,,false,,,,,,,,,,false,,,false,,,1.0,false,,,,false,false,false,false,,false,false,false,false,false,false,false,false,,Click,false,false,,false,List,,true,,false,,,,List,,,,,,Renewable,,false,,,,,,,
,,,,,d7bddfa2-225e-4b23-98f5-e6a2d1a7150c,false,,temb|4 5,,,Default,One per quote line,,,,Quantity,,false,,,,,,,,,,false,,,false,,,1.0,false,,,,false,false,false,false,,false,false,false,false,false,false,false,false,,Click,false,false,,false,List,,true,,false,,,,List,,,,,,Renewable,,false,,,,,,,
,,,,,d7bddfa2-225e-4b23-98f5-e6a2d1a7150c,false,,temb|4 5,,,Default,One per quote line,,,,Quantity,,false,,,,,,,,,,false,,,false,,,1.0,false,,,,false,false,false,false,,false,false,false,false,false,false,false,false,,Click,false,false,,false,List,,true,,false,,,,List,,,,,,Renewable,,false,,,,,,,
,,,,,d7bddfa2-225e-4b23-98f5-e6a2d1a7150c,false,,temb|4 5,,,Default,One per quote line,,,,Quantity,,false,,,,,,,,,,false,,,false,,,1.0,false,,,,false,false,false,false,,false,false,false,false,false,false,false,false,,Click,false,false,,false,List,,true,,false,,,,List,,,,,,Renewable,,false,,,,,,,
,,,,,d7bddfa2-225e-4b23-98f5-e6a2d1a7150c,false,,temb|4 5,,,Default,One per quote line,,,,Quantity,,false,,,,,,,,,,false,,,false,,,1.0,false,,,,false,false,false,false,,false,false,false,false,false,false,false,false,,Click,false,false,,false,List,,true,,false,,,,List,,,,,,Renewable,,false,,,,,,,
,,,,,d7bddfa2-225e-4b23-98f5-e6a2d1a7150c,false,,temb|4 5,,,Default,One per quote line,,,,Quantity,,false,,,,,,,,,,false,,,false,,,1.0,false,,,,false,false,false,false,,false,false,false,false,false,false,false,false,,Click,false,false,,false,List,,true,,false,,,,List,,,,,,Renewable,,false,,,,,,,
,,,,,d7bddfa2-225e-4b23-98f5-e6a2d1a7150c,false,,temb|4 5,,,Default,One per quote line,,,,Quantity,,false,,,,,,,,,,false,,,false,,,1.0,false,,,,false,false,false,false,,false,false,false,false,false,false,false,false,,Click,false,false,,false,List,,true,,false,,,,List,,,,,,Renewable,,false,,,,,,,
,,,,,d7bddfa2-225e-4b23-98f5-e6a2d1a7150c,false,,temb|4 5,,,Default,One per quote line,,,,Quantity,,false,,,,,,,,,,false,,,false,,,1.0,false,,,,false,false,false,false,,false,false,false,false,false,false,false,false,,Click,false,false,,false,List,,true,,false,,,,List,,,,,,Renewable,,false,,,,,,,
,,,,,d7bddfa2-225e-4b23-98f5-e6a2d1a7150c,false,,temb|4 5,,,Default,One per quote line,,,,Quantity,,false,,,,,,,,,,false,,,false,,,1.0,false,,,,false,false,false,false,,false,false,false,false,false,false,false,false,,Click,false,false,,false,List,,true,,false,,,,List,,,,,,Renewable,,false,,,,,,,
,,,,,d7bddfa2-225e-4b23-98f5-e6a2d1a7150c,false,,temb|4 5,,,Default,One per quote line,,,,Quantity,,false,,,,,,,,,,false,,,false,,,1.0,false,,,,false,false,false,false,,false,false,false,false,false,false,false,false,,Click,false,false,,false,List,,true,,false,,,,List,,,,,,Renewable,,false,,,,,,,
,,,,,d7bddfa2-225e-4b23-98f5-e6a2d1a7150c,false,,temb|4 5,,,Default,One per quote line,,,,Quantity,,false,,,,,,,,,,false,,,false,,,1.0,false,,,,false,false,false,false,,false,false,false,false,false,false,false,false,,Click,false,false,,false,List,,true,,false,,,,List,,,,,,Renewable,,false,,,,,,,
,,,,,d7bddfa2-225e-4b23-98f5-e6a2d1a7150c,false,,temb|4 5,,,Default,One per quote line,,,,Quantity,,false,,,,,,,,,,false,,,false,,,1.0,false,,,,false,false,false,false,,false,false,false,false,false,false,false,false,,Click,false,false,,false,List,,true,,false,,,,List,,,,,,Renewable,,false,,,,,,,
,,,,,d7bddfa2-225e-4b23-98f5-e6a2d1a7150c,false,,temb|4 5,,,Default,One per quote line,,,,Quantity,,false,,,,,,,,,,false,,,false,,,1.0,false,,,,false,false,false,false,,false,false,false,false,false,false,false,false,,Click,false,false,,false,List,,true,,false,,,,List,,,,,,Renewable,,false,,,,,,,
,,,,,d7bddfa2-225e-4b23-98f5-e6a2d1a7150c,false,,temb|4 5,,,Default,One per quote line,,,,Quantity,,false,,,,,,,,,,false,,,false,,,1.0,false,,,,false,false,false,false,,false,false,false,false,false,false,false,false,,Click,false,false,,false,List,,true,,false,,,,List,,,,,,Renewable,,false,,,,,,,
,,,,,d7bddfa2-225e-4b23-98f5-e6a2d1a7150c,false,,temb|4 5,,,Default,One per quote line,,,,Quantity,,false,,,,,,,,,,false,,,false,,,1.0,false,,,,false,false,false,false,,false,false,false,false,false,false,false,false,,Click,false,false,,false,List,,true,,false,,,,List,,,,,,Renewable,,false,,,,,,,
,,,,,d7bddfa2-225e-4b23-98f5-e6a2d1a7150c,false,,temb|4 5,,,Default,One per quote line,,,,Quantity,,false,,,,,,,,,,false,,,false,,,1.0,false,,,,false,false,false,false,,false,false,false,false,false,false,false,false,,Click,false,false,,false,List,,true,,false,,,,List,,,,,,Renewable,,false,,,,,,,
,,,,,d7bddfa2-225e-4b23-98f5-e6a2d1a7150c,false,,temb|4 5,,,Default,One per quote line,,,,Quantity,,false,,,,,,,,,,false,,,false,,,1.0,false,,,,false,false,false,false,,false,false,false,false,false,false,false,false,,Click,false,false,,false,List,,true,,false,,,,List,,,,,,Renewable,,false,,,,,,,
,,,,,d7bddfa2-225e-4b23-98f5-e6a2d1a7150c,false,,temb|4 5,,,Default,One per quote line,,,,Quantity,,false,,,,,,,,,,false,,,false,,,1.0,false,,,,false,false,false,false,,false,false,false,false,false,false,false,false,,Click,false,false,,false,List,,true,,false,,,,List,,,,,,Renewable,,false,,,,,,,
,,,,,d7bddfa2-225e-4b23-98f5-e6a2d1a7150c,false,,temb|4 5,,,Default,One per quote line,,,,Quantity,,false,,,,,,,,,,false,,,false,,,1.0,false,,,,false,false,false,false,,false,false,false,false,false,false,false,false,,Click,false,false,,false,List,,true,,false,,,,List,,,,,,Renewable,,false,,,,,,,
,,,,,d7bddfa2-225e-4b23-98f5-e6a2d1a7150c,false,,temb|4 5,,,Default,One per quote line,,,,Quantity,,false,,,,,,,,,,false,,,false,,,1.0,false,,,,false,false,false,false,,false,false,false,false,false,false,false,false,,Click,false,false,,false,List,,true,,false,,,,List,,,,,,Renewable,,false,,,,,,,
,,,,,d7bddfa2-225e-4b23-98f5-e6a2d1a7150c,false,,temb|4 5,,,Default,One per quote line,,,,Quantity,,false,,,,,,,,,,false,,,false,,,1.0,false,,,,false,false,false,false,,false,false,false,false,false,false,false,false,,Click,false,false,,false,List,,true,,false,,,,List,,,,,,Renewable,,false,,,,,,,
,,,,,d7bddfa2-225e-4b23-98f5-e6a2d1a7150c,false,,temb|4 5,,,Default,One per quote line,,,,Quantity,,false,,,,,,,,,,false,,,false,,,1.0,false,,,,false,false,false,false,,false,false,false,false,false,false,false,false,,Click,false,false,,false,List,,true,,false,,,,List,,,,,,Renewable,,false,,,,,,,
,,,,,d7bddfa2-225e-4b23-98f5-e6a2d1a7150c,false,,temb|4 5,,,Default,One per quote line,,,,Quantity,,false,,,,,,,,,,false,,,false,,,1.0,false,,,,false,false,false,false,,false,false,false,false,false,false,false,false,,Click,false,false,,false,List,,true,,false,,,,List,,,,,,Renewable,,false,,,,,,,
,,,,,d7bddfa2-225e-4b23-98f5-e6a2d1a7150c,false,,temb|4 5,,,Default,One per quote line,,,,Quantity,,false,,,,,,,,,,false,,,false,,,1.0,false,,,,false,false,false,false,,false,false,false,false,false,false,false,false,,Click,false,false,,false,List,,true,,false,,,,List,,,,,,Renewable,,false,,,,,,,
,,,,,d7bddfa2-225e-4b23-98f5-e6a2d1a7150c,false,,temb|4 5,,,Default,One per quote line,,,,Quantity,,false,,,,,,,,,,false,,,false,,,1.0,false,,,,false,false,false,false,,false,false,false,false,false,false,false,false,,Click,false,false,,false,List,,true,,false,,,,List,,,,,,Renewable,,false,,,,,,,
,,,,,d7bddfa2-225e-4b23-98f5-e6a2d1a7150c,false,,temb|4 5,,,Default,One per quote line,,,,Quantity,,false,,,,,,,,,,false,,,false,,,1.0,false,,,,false,false,false,false,,false,false,false,false,false,false,false,false,,Click,false,false,,false,List,,true,,false,,,,List,,,,,,Renewable,,false,,,,,,,
,,,,,d7bddfa2-225e-4b23-98f5-e6a2d1a7150c,false,,temb|4 5,,,Default,One per quote line,,,,Quantity,,false,,,,,,,,,,false,,,false,,,1.0,false,,,,false,false,false,false,,false,false,false,false,false,false,false,false,,Click,false,false,,false,List,,true,,false,,,,List,,,,,,Renewable,,false,,,,,,,
,,,,,d7bddfa2-225e-4b23-98f5-e6a2d1a7150c,false,,temb|4 5,,,Default,One per quote line,,,,Quantity,,false,,,,,,,,,,false,,,false,,,1.0,false,,,,false,false,false,false,,false,false,false,false,false,false,false,false,,Click,false,false,,false,List,,true,,false,,,,List,,,,,,Renewable,,false,,,,,,,
,,,,,d7bddfa2-225e-4b23-98f5-e6a2d1a7150c,false,,temb|4 5,,,Default,One per quote line,,,,Quantity,,false,,,,,,,,,,false,,,false,,,1.0,false,,,,false,false,false,false,,false,false,false,false,false,false,false,false,,Click,false,false,,false,List,,true,,false,,,,List,,,,,,Renewable,,false,,,,,,,
,,,,,d7bddfa2-225e-4b23-98f5-e6a2d1a7150c,false,,temb|4 5,,,Default,One per quote line,,,,Quantity,,false,,,,,,,,,,false,,,false,,,1.0,false,,,,false,false,false,false,,false,false,false,false,false,false,false,false,,Click,false,false,,false,List,,true,,false,,,,List,,,,,,Renewable,,false,,,,,,,
,,,,,d7bddfa2-225e-4b23-98f5-e6a2d1a7150c,false,,temb|4 5,,,Default,One per quote line,,,,Quantity,,false,,,,,,,,,,false,,,false,,,1.0,false,,,,false,false,false,false,,false,false,false,false,false,false,false,false,,Click,false,false,,false,List,,true,,false,,,,List,,,,,,Renewable,,false,,,,,,,
,,,,,d7bddfa2-225e-4b23-98f5-e6a2d1a7150c,false,,temb|4 5,,,Default,One per quote line,,,,Quantity,,false,,,,,,,,,,false,,,false,,,1.0,false,,,,false,false,false,false,,false,false,false,false,false,false,false,false,,Click,false,false,,false,List,,true,,false,,,,List,,,,,,Renewable,,false,,,,,,,
,,,,,d7bddfa2-225e-4b23-98f5-e6a2d1a7150c,false,,temb|4 5,,,Default,One per quote line,,,,Quantity,,false,,,,,,,,,,false,,,false,,,1.0,false,,,,false,false,false,false,,false,false,false,false,false,false,false,false,,Click,false,false,,false,List,,true,,false,,,,List,,,,,,Renewable,,false,,,,,,,
,,,,,d7bddfa2-225e-4b23-98f5-e6a2d1a7150c,false,,temb|4 5,,,Default,One per quote line,,,,Quantity,,false,,,,,,,,,,false,,,false,,,1.0,false,,,,false,false,false,false,,false,false,false,false,false,false,false,false,,Click,false,false,,false,List,,true,,false,,,,List,,,,,,Renewable,,false,,,,,,,
,,,,,d7bddfa2-225e-4b23-98f5-e6a2d1a7150c,false,,temb|4 5,,,Default,One per quote line,,,,Quantity,,false,,,,,,,,,,false,,,false,,,1.0,false,,,,false,false,false,false,,false,false,false,false,false,false,false,false,,Click,false,false,,false,List,,true,,false,,,,List,,,,,,Renewable,,false,,,,,,,
,,,,,d7bddfa2-225e-4b23-98f5-e6a2d1a7150c,false,,temb|4 5,,,Default,One per quote line,,,,Quantity,,false,,,,,,,,,,false,,,false,,,1.0,false,,,,false,false,false,false,,false,false,false,false,false,false,false,false,,Click,false,false,,false,List,,true,,false,,,,List,,,,,,Renewable,,false,,,,,,,
,,,,,d7bddfa2-225e-4b23-98f5-e6a2d1a7150c,false,,temb|4 5,,,Default,One per quote line,,,,Quantity,,false,,,,,,,,,,false,,,false,,,1.0,false,,,,false,false,false,false,,false,false,false,false,false,false,false,false,,Click,false,false,,false,List,,true,,false,,,,List,,,,,,Renewable,,false,,,,,,,
,,,,,d7bddfa2-225e-4b23-98f5-e6a2d1a7150c,false,,temb|4 5,,,Default,One per quote line,,,,Quantity,,false,,,,,,,,,,false,,,false,,,1.0,false,,,,false,false,false,false,,false,false,false,false,false,false,false,false,,Click,false,false,,false,List,,true,,false,,,,List,,,,,,Renewable,,false,,,,,,,
,,,,,d7bddfa2-225e-4b23-98f5-e6a2d1a7150c,false,,temb|4 5,,,Default,One per quote line,,,,Quantity,,false,,,,,,,,,,false,,,false,,,1.0,false,,,,false,false,false,false,,false,false,false,false,false,false,false,false,,Click,false,false,,false,List,,true,,false,,,,List,,,,,,Renewable,,false,,,,,,,
,,,,,d7bddfa2-225e-4b23-98f5-e6a2d1a7150c,false,,temb|4 5,,,Default,One per quote line,,,,Quantity,,false,,,,,,,,,,false,,,false,,,1.0,false,,,,false,false,false,false,,false,false,false,false,false,false,false,false,,Click,false,false,,false,List,,true,,false,,,,List,,,,,,Renewable,,false,,,,,,,
,,,,,d7bddfa2-225e-4b23-98f5-e6a2d1a7150c,false,,temb|4 5,,,Default,One per quote line,,,,Quantity,,false,,,,,,,,,,false,,,false,,,1.0,false,,,,false,false,false,false,,false,false,false,false,false,false,false,false,,Click,false,false,,false,List,,true,,false,,,,List,,,,,,Renewable,,false,,,,,,,
,,,,,d7bddfa2-225e-4b23-98f5-e6a2d1a7150c,false,,temb|4 5,,,Default,One per quote line,,,,Quantity,,false,,,,,,,,,,false,,,false,,,1.0,false,,,,false,false,false,false,,false,false,false,false,false,false,false,false,,Click,false,false,,false,List,,true,,false,,,,List,,,,,,Renewable,,false,,,,,,,
,,,,,d7bddfa2-225e-4b23-98f5-e6a2d1a7150c,false,,temb|4 5,,,Default,One per quote line,,,,Quantity,,false,,,,,,,,,,false,,,false,,,1.0,false,,,,false,false,false,false,,false,false,false,false,false,false,false,false,,Click,false,false,,false,List,,true,,false,,,,List,,,,,,Renewable,,false,,,,,,,
,,,,,d7bddfa2-225e-4b23-98f5-e6a2d1a7150c,false,,temb|4 5,,,Default,One per quote line,,,,Quantity,,false,,,,,,,,,,false,,,false,,,1.0,false,,,,false,false,false,false,,false,false,false,false,false,false,false,false,,Click,false,false,,false,List,,true,,false,,,,List,,,,,,Renewable,,false,,,,,,,
,,,,,d7bddfa2-225e-4b23-98f5-e6a2d1a7150c,false,,temb|4 5,,,Default,One per quote line,,,,Quantity,,false,,,,,,,,,,false,,,false,,,1.0,false,,,,false,false,false,false,,false,false,false,false,false,false,false,false,,Click,false,false,,false,List,,true,,false,,,,List,,,,,,Renewable,,false,,,,,,,
,,,,,f0a7b7a7-2990-4a2b-8a80-befd553744cc,false,,myProduct,,,Default,One per quote line,,,,Quantity,,false,,,,,,,,,,false,,,false,,,1.0,false,,,,false,false,false,false,,false,false,false,false,false,false,false,false,,Click,false,false,,false,List,,true,,false,,,,List,,,,,,Renewable,,false,,,,,,,
,,,,,f0a7b7a7-2990-4a2b-8a80-befd553744cc,false,,myProduct,,,Default,One per quote line,,,,Quantity,,false,,,,,,,,,,false,,,false,,,1.0,false,,,,false,false,false,false,,false,false,false,false,false,false,false,false,,Click,false,false,,false,List,,true,,false,,,,List,,,,,,Renewable,,false,,,,,,,
,,,,,f0a7b7a7-2990-4a2b-8a80-befd553744cc,false,,myProduct,,,Default,One per quote line,,,,Quantity,,false,,,,,,,,,,false,,,false,,,1.0,false,,,,false,false,false,false,,false,false,false,false,false,false,false,false,,Click,false,false,,false,List,,true,,false,,,,List,,,,,,Renewable,,false,,,,,,,
,,,,,f0a7b7a7-2990-4a2b-8a80-befd553744cc,false,,myProduct,,,Default,One per quote line,,,,Quantity,,false,,,,,,,,,,false,,,false,,,1.0,false,,,,false,false,false,false,,false,false,false,false,false,false,false,false,,Click,false,false,,false,List,,true,,false,,,,List,,,,,,Renewable,,false,,,,,,,
,,,,,f0a7b7a7-2990-4a2b-8a80-befd553744cc,false,,myProduct,,,Default,One per quote line,,,,Quantity,,false,,,,,,,,,,false,,,false,,,1.0,false,,,,false,false,false,false,,false,false,false,false,false,false,false,false,,Click,false,false,,false,List,,true,,false,,,,List,,,,,,Renewable,,false,,,,,,,
,,,,,f0a7b7a7-2990-4a2b-8a80-befd553744cc,false,,myProduct,,,Default,One per quote line,,,,Quantity,,false,,,,,,,,,,false,,,false,,,1.0,false,,,,false,false,false,false,,false,false,false,false,false,false,false,false,,Click,false,false,,false,List,,true,,false,,,,List,,,,,,Renewable,,false,,,,,,,
,,,,,f0a7b7a7-2990-4a2b-8a80-befd553744cc,false,,myProduct,,,Default,One per quote line,,,,Quantity,,false,,,,,,,,,,false,,,false,,,1.0,false,,,,false,false,false,false,,false,false,false,false,false,false,false,false,,Click,false,false,,false,List,,true,,false,,,,List,,,,,,Renewable,,false,,,,,,,
,,,,,f0a7b7a7-2990-4a2b-8a80-befd553744cc,false,,myProduct,,,Default,One per quote line,,,,Quantity,,false,,,,,,,,,,false,,,false,,,1.0,false,,,,false,false,false,false,,false,false,false,false,false,false,false,false,,Click,false,false,,false,List,,true,,false,,,,List,,,,,,Renewable,,false,,,,,,,
,,,,,f0a7b7a7-2990-4a2b-8a80-befd553744cc,false,,myProduct,,,Default,One per quote line,,,,Quantity,,false,,,,,,,,,,false,,,false,,,1.0,false,,,,false,false,false,false,,false,false,false,false,false,false,false,false,,Click,false,false,,false,List,,true,,false,,,,List,,,,,,Renewable,,false,,,,,,,
,,,,,f0a7b7a7-2990-4a2b-8a80-befd553744cc,false,,myProduct,,,Default,One per quote line,,,,Quantity,,false,,,,,,,,,,false,,,false,,,1.0,false,,,,false,false,false,false,,false,false,false,false,false,false,false,false,,Click,false,false,,false,List,,true,,false,,,,List,,,,,,Renewable,,false,,,,,,,
,,,,,f0a7b7a7-2990-4a2b-8a80-befd553744cc,false,,myProduct,,,Default,One per quote line,,,,Quantity,,false,,,,,,,,,,false,,,false,,,1.0,false,,,,false,false,false,false,,false,false,false,false,false,false,false,false,,Click,false,false,,false,List,,true,,false,,,,List,,,,,,Renewable,,false,,,,,,,
,,,,,f0a7b7a7-2990-4a2b-8a80-befd553744cc,false,,myProduct,,,Default,One per quote line,,,,Quantity,,false,,,,,,,,,,false,,,false,,,1.0,false,,,,false,false,false,false,,false,false,false,false,false,false,false,false,,Click,false,false,,false,List,,true,,false,,,,List,,,,,,Renewable,,false,,,,,,,
,,,,,f0a7b7a7-2990-4a2b-8a80-befd553744cc,false,,myProduct,,,Default,One per quote line,,,,Quantity,,false,,,,,,,,,,false,,,false,,,1.0,false,,,,false,false,false,false,,false,false,false,false,false,false,false,false,,Click,false,false,,false,List,,true,,false,,,,List,,,,,,Renewable,,false,,,,,,,
,,,,,f0a7b7a7-2990-4a2b-8a80-befd553744cc,false,,myProduct,,,Default,One per quote line,,,,Quantity,,false,,,,,,,,,,false,,,false,,,1.0,false,,,,false,false,false,false,,false,false,false,false,false,false,false,false,,Click,false,false,,false,List,,true,,false,,,,List,,,,,,Renewable,,false,,,,,,,
,,,,,f0a7b7a7-2990-4a2b-8a80-befd553744cc,false,,myProduct,,,Default,One per quote line,,,,Quantity,,false,,,,,,,,,,false,,,false,,,1.0,false,,,,false,false,false,false,,false,false,false,false,false,false,false,false,,Click,false,false,,false,List,,true,,false,,,,List,,,,,,Renewable,,false,,,,,,,
,,,,,f0a7b7a7-2990-4a2b-8a80-befd553744cc,false,,myProduct,,,Default,One per quote line,,,,Quantity,,false,,,,,,,,,,false,,,false,,,1.0,false,,,,false,false,false,false,,false,false,false,false,false,false,false,false,,Click,false,false,,false,List,,true,,false,,,,List,,,,,,Renewable,,false,,,,,,,
,,,,,f0a7b7a7-2990-4a2b-8a80-befd553744cc,false,,myProduct,,,Default,One per quote line,,,,Quantity,,false,,,,,,,,,,false,,,false,,,1.0,false,,,,false,false,false,false,,false,false,false,false,false,false,false,false,,Click,false,false,,false,List,,true,,false,,,,List,,,,,,Renewable,,false,,,,,,,
,,,,,f0a7b7a7-2990-4a2b-8a80-befd553744cc,false,,myProduct,,,Default,One per quote line,,,,Quantity,,false,,,,,,,,,,false,,,false,,,1.0,false,,,,false,false,false,false,,false,false,false,false,false,false,false,false,,Click,false,false,,false,List,,true,,false,,,,List,,,,,,Renewable,,false,,,,,,,
,,,,,f0a7b7a7-2990-4a2b-8a80-befd553744cc,false,,myProduct,,,Default,One per quote line,,,,Quantity,,false,,,,,,,,,,false,,,false,,,1.0,false,,,,false,false,false,false,,false,false,false,false,false,false,false,false,,Click,false,false,,false,List,,true,,false,,,,List,,,,,,Renewable,,false,,,,,,,
,,,,,f0a7b7a7-2990-4a2b-8a80-befd553744cc,false,,myProduct,,,Default,One per quote line,,,,Quantity,,false,,,,,,,,,,false,,,false,,,1.0,false,,,,false,false,false,false,,false,false,false,false,false,false,false,false,,Click,false,false,,false,List,,true,,false,,,,List,,,,,,Renewable,,false,,,,,,,
,,,,,f0a7b7a7-2990-4a2b-8a80-befd553744cc,false,,myProduct,,,Default,One per quote line,,,,Quantity,,false,,,,,,,,,,false,,,false,,,1.0,false,,,,false,false,false,false,,false,false,false,false,false,false,false,false,,Click,false,false,,false,List,,true,,false,,,,List,,,,,,Renewable,,false,,,,,,,
,,,,,f0a7b7a7-2990-4a2b-8a80-befd553744cc,false,,myProduct,,,Default,One per quote line,,,,Quantity,,false,,,,,,,,,,false,,,false,,,1.0,false,,,,false,false,false,false,,false,false,false,false,false,false,false,false,,Click,false,false,,false,List,,true,,false,,,,List,,,,,,Renewable,,false,,,,,,,
,,,,,f0a7b7a7-2990-4a2b-8a80-befd553744cc,false,,myProduct,,,Default,One per quote line,,,,Quantity,,false,,,,,,,,,,false,,,false,,,1.0,false,,,,false,false,false,false,,false,false,false,false,false,false,false,false,,Click,false,false,,false,List,,true,,false,,,,List,,,,,,Renewable,,false,,,,,,,
,,,,,f0a7b7a7-2990-4a2b-8a80-befd553744cc,false,,myProduct,,,Default,One per quote line,,,,Quantity,,false,,,,,,,,,,false,,,false,,,1.0,false,,,,false,false,false,false,,false,false,false,false,false,false,false,false,,Click,false,false,,false,List,,true,,false,,,,List,,,,,,Renewable,,false,,,,,,,
,,,,,f0a7b7a7-2990-4a2b-8a80-befd553744cc,false,,myProduct,,,Default,One per quote line,,,,Quantity,,false,,,,,,,,,,false,,,false,,,1.0,false,,,,false,false,false,false,,false,false,false,false,false,false,false,false,,Click,false,false,,false,List,,true,,false,,,,List,,,,,,Renewable,,false,,,,,,,
,,,,,f0a7b7a7-2990-4a2b-8a80-befd553744cc,false,,myProduct,,,Default,One per quote line,,,,Quantity,,false,,,,,,,,,,false,,,false,,,1.0,false,,,,false,false,false,false,,false,false,false,false,false,false,false,false,,Click,false,false,,false,List,,true,,false,,,,List,,,,,,Renewable,,false,,,,,,,
,,,,,f0a7b7a7-2990-4a2b-8a80-befd553744cc,false,,myProduct,,,Default,One per quote line,,,,Quantity,,false,,,,,,,,,,false,,,false,,,1.0,false,,,,false,false,false,false,,false,false,false,false,false,false,false,false,,Click,false,false,,false,List,,true,,false,,,,List,,,,,,Renewable,,false,,,,,,,
,,,,,f0a7b7a7-2990-4a2b-8a80-befd553744cc,false,,myProduct,,,Default,One per quote line,,,,Quantity,,false,,,,,,,,,,false,,,false,,,1.0,false,,,,false,false,false,false,,false,false,false,false,false,false,false,false,,Click,false,false,,false,List,,true,,false,,,,List,,,,,,Renewable,,false,,,,,,,
,,,,,f0a7b7a7-2990-4a2b-8a80-befd553744cc,false,,myProduct,,,Default,One per quote line,,,,Quantity,,false,,,,,,,,,,false,,,false,,,1.0,false,,,,false,false,false,false,,false,false,false,false,false,false,false,false,,Click,false,false,,false,List,,true,,false,,,,List,,,,,,Renewable,,false,,,,,,,
,,,,,f0a7b7a7-2990-4a2b-8a80-befd553744cc,false,,myProduct,,,Default,One per quote line,,,,Quantity,,false,,,,,,,,,,false,,,false,,,1.0,false,,,,false,false,false,false,,false,false,false,false,false,false,false,false,,Click,false,false,,false,List,,true,,false,,,,List,,,,,,Renewable,,false,,,,,,,
,,,,,f0a7b7a7-2990-4a2b-8a80-befd553744cc,false,,myProduct,,,Default,One per quote line,,,,Quantity,,false,,,,,,,,,,false,,,false,,,1.0,false,,,,false,false,false,false,,false,false,false,false,false,false,false,false,,Click,false,false,,false,List,,true,,false,,,,List,,,,,,Renewable,,false,,,,,,,
,,,,,f0a7b7a7-2990-4a2b-8a80-befd553744cc,false,,myProduct,,,Default,One per quote line,,,,Quantity,,false,,,,,,,,,,false,,,false,,,1.0,false,,,,false,false,false,false,,false,false,false,false,false,false,false,false,,Click,false,false,,false,List,,true,,false,,,,List,,,,,,Renewable,,false,,,,,,,
,,,,,f0a7b7a7-2990-4a2b-8a80-befd553744cc,false,,myProduct,,,Default,One per quote line,,,,Quantity,,false,,,,,,,,,,false,,,false,,,1.0,false,,,,false,false,false,false,,false,false,false,false,false,false,false,false,,Click,false,false,,false,List,,true,,false,,,,List,,,,,,Renewable,,false,,,,,,,
,,,,,f0a7b7a7-2990-4a2b-8a80-befd553744cc,false,,myProduct,,,Default,One per quote line,,,,Quantity,,false,,,,,,,,,,false,,,false,,,1.0,false,,,,false,false,false,false,,false,false,false,false,false,false,false,false,,Click,false,false,,false,List,,true,,false,,,,List,,,,,,Renewable,,false,,,,,,,
,,,,,f0a7b7a7-2990-4a2b-8a80-befd553744cc,false,,myProduct,,,Default,One per quote line,,,,Quantity,,false,,,,,,,,,,false,,,false,,,1.0,false,,,,false,false,false,false,,false,false,false,false,false,false,false,false,,Click,false,false,,false,List,,true,,false,,,,List,,,,,,Renewable,,false,,,,,,,
,,,,,f0a7b7a7-2990-4a2b-8a80-befd553744cc,false,,myProduct,,,Default,One per quote line,,,,Quantity,,false,,,,,,,,,,false,,,false,,,1.0,false,,,,false,false,false,false,,false,false,false,false,false,false,false,false,,Click,false,false,,false,List,,true,,false,,,,List,,,,,,Renewable,,false,,,,,,,
,,,,,f0a7b7a7-2990-4a2b-8a80-befd553744cc,false,,myProduct,,,Default,One per quote line,,,,Quantity,,false,,,,,,,,,,false,,,false,,,1.0,false,,,,false,false,false,false,,false,false,false,false,false,false,false,false,,Click,false,false,,false,List,,true,,false,,,,List,,,,,,Renewable,,false,,,,,,,
,,,,,f0a7b7a7-2990-4a2b-8a80-befd553744cc,false,,myProduct,,,Default,One per quote line,,,,Quantity,,false,,,,,,,,,,false,,,false,,,1.0,false,,,,false,false,false,false,,false,false,false,false,false,false,false,false,,Click,false,false,,false,List,,true,,false,,,,List,,,,,,Renewable,,false,,,,,,,
,,,,,f0a7b7a7-2990-4a2b-8a80-befd553744cc,false,,myProduct,,,Default,One per quote line,,,,Quantity,,false,,,,,,,,,,false,,,false,,,1.0,false,,,,false,false,false,false,,false,false,false,false,false,false,false,false,,Click,false,false,,false,List,,true,,false,,,,List,,,,,,Renewable,,false,,,,,,,
,,,,,f0a7b7a7-2990-4a2b-8a80-befd553744cc,false,,myProduct,,,Default,One per quote line,,,,Quantity,,false,,,,,,,,,,false,,,false,,,1.0,false,,,,false,false,false,false,,false,false,false,false,false,false,false,false,,Click,false,false,,false,List,,true,,false,,,,List,,,,,,Renewable,,false,,,,,,,
,,,,,f0a7b7a7-2990-4a2b-8a80-befd553744cc,false,,myProduct,,,Default,One per quote line,,,,Quantity,,false,,,,,,,,,,false,,,false,,,1.0,false,,,,false,false,false,false,,false,false,false,false,false,false,false,false,,Click,false,false,,false,List,,true,,false,,,,List,,,,,,Renewable,,false,,,,,,,
,,,,,f0a7b7a7-2990-4a2b-8a80-befd553744cc,false,,myProduct,,,Default,One per quote line,,,,Quantity,,false,,,,,,,,,,false,,,false,,,1.0,false,,,,false,false,false,false,,false,false,false,false,false,false,false,false,,Click,false,false,,false,List,,true,,false,,,,List,,,,,,Renewable,,false,,,,,,,
,,,,,f0a7b7a7-2990-4a2b-8a80-befd553744cc,false,,myProduct,,,Default,One per quote line,,,,Quantity,,false,,,,,,,,,,false,,,false,,,1.0,false,,,,false,false,false,false,,false,false,false,false,false,false,false,false,,Click,false,false,,false,List,,true,,false,,,,List,,,,,,Renewable,,false,,,,,,,
,,,,,f0a7b7a7-2990-4a2b-8a80-befd553744cc,false,,myProduct,,,Default,One per quote line,,,,Quantity,,false,,,,,,,,,,false,,,false,,,1.0,false,,,,false,false,false,false,,false,false,false,false,false,false,false,false,,Click,false,false,,false,List,,true,,false,,,,List,,,,,,Renewable,,false,,,,,,,
,,,,,f0a7b7a7-2990-4a2b-8a80-befd553744cc,false,,myProduct,,,Default,One per quote line,,,,Quantity,,false,,,,,,,,,,false,,,false,,,1.0,false,,,,false,false,false,false,,false,false,false,false,false,false,false,false,,Click,false,false,,false,List,,true,,false,,,,List,,,,,,Renewable,,false,,,,,,,
,,,,,f0a7b7a7-2990-4a2b-8a80-befd553744cc,false,,myProduct,,,Default,One per quote line,,,,Quantity,,false,,,,,,,,,,false,,,false,,,1.0,false,,,,false,false,false,false,,false,false,false,false,false,false,false,false,,Click,false,false,,false,List,,true,,false,,,,List,,,,,,Renewable,,false,,,,,,,
,,,,,f0a7b7a7-2990-4a2b-8a80-befd553744cc,false,,myProduct,,,Default,One per quote line,,,,Quantity,,false,,,,,,,,,,false,,,false,,,1.0,false,,,,false,false,false,false,,false,false,false,false,false,false,false,false,,Click,false,false,,false,List,,true,,false,,,,List,,,,,,Renewable,,false,,,,,,,
,,,,,f0a7b7a7-2990-4a2b-8a80-befd553744cc,false,,myProduct,,,Default,One per quote line,,,,Quantity,,false,,,,,,,,,,false,,,false,,,1.0,false,,,,false,false,false,false,,false,false,false,false,false,false,false,false,,Click,false,false,,false,List,,true,,false,,,,List,,,,,,Renewable,,false,,,,,,,
,,,,,f0a7b7a7-2990-4a2b-8a80-befd553744cc,false,,myProduct,,,Default,One per quote line,,,,Quantity,,false,,,,,,,,,,false,,,false,,,1.0,false,,,,false,false,false,false,,false,false,false,false,false,false,false,false,,Click,false,false,,false,List,,true,,false,,,,List,,,,,,Renewable,,false,,,,,,,
,,,,,ea4c7282-4921-41d5-a273-6d32b6e18fe8,false,,test1,,,Default,One per quote line,,,,Quantity,,false,,,,,,,,,,false,,,false,,,1.0,false,,,,false,false,false,false,,false,false,false,false,false,false,false,false,,Click,false,false,,false,List,,true,,false,,,,List,,,,,,Renewable,,false,,,,,,,
,,,,,ea4c7282-4921-41d5-a273-6d32b6e18fe8,false,,test1,,,Default,One per quote line,,,,Quantity,,false,,,,,,,,,,false,,,false,,,1.0,false,,,,false,false,false,false,,false,false,false,false,false,false,false,false,,Click,false,false,,false,List,,true,,false,,,,List,,,,,,Renewable,,false,,,,,,,
,,,,,ea4c7282-4921-41d5-a273-6d32b6e18fe8,false,,test1,,,Default,One per quote line,,,,Quantity,,false,,,,,,,,,,false,,,false,,,1.0,false,,,,false,false,false,false,,false,false,false,false,false,false,false,false,,Click,false,false,,false,List,,true,,false,,,,List,,,,,,Renewable,,false,,,,,,,
,,,,,ea4c7282-4921-41d5-a273-6d32b6e18fe8,false,,test1,,,Default,One per quote line,,,,Quantity,,false,,,,,,,,,,false,,,false,,,1.0,false,,,,false,false,false,false,,false,false,false,false,false,false,false,false,,Click,false,false,,false,List,,true,,false,,,,List,,,,,,Renewable,,false,,,,,,,
,,,,,ea4c7282-4921-41d5-a273-6d32b6e18fe8,false,,test1,,,Default,One per quote line,,,,Quantity,,false,,,,,,,,,,false,,,false,,,1.0,false,,,,false,false,false,false,,false,false,false,false,false,false,false,false,,Click,false,false,,false,List,,true,,false,,,,List,,,,,,Renewable,,false,,,,,,,
,,,,,ea4c7282-4921-41d5-a273-6d32b6e18fe8,false,,test1,,,Default,One per quote line,,,,Quantity,,false,,,,,,,,,,false,,,false,,,1.0,false,,,,false,false,false,false,,false,false,false,false,false,false,false,false,,Click,false,false,,false,List,,true,,false,,,,List,,,,,,Renewable,,false,,,,,,,
,,,,,ea4c7282-4921-41d5-a273-6d32b6e18fe8,false,,test1,,,Default,One per quote line,,,,Quantity,,false,,,,,,,,,,false,,,false,,,1.0,false,,,,false,false,false,false,,false,false,false,false,false,false,false,false,,Click,false,false,,false,List,,true,,false,,,,List,,,,,,Renewable,,false,,,,,,,
,,,,,ea4c7282-4921-41d5-a273-6d32b6e18fe8,false,,test1,,,Default,One per quote line,,,,Quantity,,false,,,,,,,,,,false,,,false,,,1.0,false,,,,false,false,false,false,,false,false,false,false,false,false,false,false,,Click,false,false,,false,List,,true,,false,,,,List,,,,,,Renewable,,false,,,,,,,
,,,,,ea4c7282-4921-41d5-a273-6d32b6e18fe8,false,,test1,,,Default,One per quote line,,,,Quantity,,false,,,,,,,,,,false,,,false,,,1.0,false,,,,false,false,false,false,,false,false,false,false,false,false,false,false,,Click,false,false,,false,List,,true,,false,,,,List,,,,,,Renewable,,false,,,,,,,
,,,,,ea4c7282-4921-41d5-a273-6d32b6e18fe8,false,,test1,,,Default,One per quote line,,,,Quantity,,false,,,,,,,,,,false,,,false,,,1.0,false,,,,false,false,false,false,,false,false,false,false,false,false,false,false,,Click,false,false,,false,List,,true,,false,,,,List,,,,,,Renewable,,false,,,,,,,
,,,,,ea4c7282-4921-41d5-a273-6d32b6e18fe8,false,,test1,,,Default,One per quote line,,,,Quantity,,false,,,,,,,,,,false,,,false,,,1.0,false,,,,false,false,false,false,,false,false,false,false,false,false,false,false,,Click,false,false,,false,List,,true,,false,,,,List,,,,,,Renewable,,false,,,,,,,
,,,,,ea4c7282-4921-41d5-a273-6d32b6e18fe8,false,,test1,,,Default,One per quote line,,,,Quantity,,false,,,,,,,,,,false,,,false,,,1.0,false,,,,false,false,false,false,,false,false,false,false,false,false,false,false,,Click,false,false,,false,List,,true,,false,,,,List,,,,,,Renewable,,false,,,,,,,
,,,,,ea4c7282-4921-41d5-a273-6d32b6e18fe8,false,,test1,,,Default,One per quote line,,,,Quantity,,false,,,,,,,,,,false,,,false,,,1.0,false,,,,false,false,false,false,,false,false,false,false,false,false,false,false,,Click,false,false,,false,List,,true,,false,,,,List,,,,,,Renewable,,false,,,,,,,
,,,,,ea4c7282-4921-41d5-a273-6d32b6e18fe8,false,,test1,,,Default,One per quote line,,,,Quantity,,false,,,,,,,,,,false,,,false,,,1.0,false,,,,false,false,false,false,,false,false,false,false,false,false,false,false,,Click,false,false,,false,List,,true,,false,,,,List,,,,,,Renewable,,false,,,,,,,
,,,,,ea4c7282-4921-41d5-a273-6d32b6e18fe8,false,,test1,,,Default,One per quote line,,,,Quantity,,false,,,,,,,,,,false,,,false,,,1.0,false,,,,false,false,false,false,,false,false,false,false,false,false,false,false,,Click,false,false,,false,List,,true,,false,,,,List,,,,,,Renewable,,false,,,,,,,
,,,,,ea4c7282-4921-41d5-a273-6d32b6e18fe8,false,,test1,,,Default,One per quote line,,,,Quantity,,false,,,,,,,,,,false,,,false,,,1.0,false,,,,false,false,false,false,,false,false,false,false,false,false,false,false,,Click,false,false,,false,List,,true,,false,,,,List,,,,,,Renewable,,false,,,,,,,
,,,,,ea4c7282-4921-41d5-a273-6d32b6e18fe8,false,,test1,,,Default,One per quote line,,,,Quantity,,false,,,,,,,,,,false,,,false,,,1.0,false,,,,false,false,false,false,,false,false,false,false,false,false,false,false,,Click,false,false,,false,List,,true,,false,,,,List,,,,,,Renewable,,false,,,,,,,
,,,,,ea4c7282-4921-41d5-a273-6d32b6e18fe8,false,,test1,,,Default,One per quote line,,,,Quantity,,false,,,,,,,,,,false,,,false,,,1.0,false,,,,false,false,false,false,,false,false,false,false,false,false,false,false,,Click,false,false,,false,List,,true,,false,,,,List,,,,,,Renewable,,false,,,,,,,
,,,,,ea4c7282-4921-41d5-a273-6d32b6e18fe8,false,,test1,,,Default,One per quote line,,,,Quantity,,false,,,,,,,,,,false,,,false,,,1.0,false,,,,false,false,false,false,,false,false,false,false,false,false,false,false,,Click,false,false,,false,List,,true,,false,,,,List,,,,,,Renewable,,false,,,,,,,
,,,,,ea4c7282-4921-41d5-a273-6d32b6e18fe8,false,,test1,,,Default,One per quote line,,,,Quantity,,false,,,,,,,,,,false,,,false,,,1.0,false,,,,false,false,false,false,,false,false,false,false,false,false,false,false,,Click,false,false,,false,List,,true,,false,,,,List,,,,,,Renewable,,false,,,,,,,
,,,,,ea4c7282-4921-41d5-a273-6d32b6e18fe8,false,,test1,,,Default,One per quote line,,,,Quantity,,false,,,,,,,,,,false,,,false,,,1.0,false,,,,false,false,false,false,,false,false,false,false,false,false,false,false,,Click,false,false,,false,List,,true,,false,,,,List,,,,,,Renewable,,false,,,,,,,
,,,,,ea4c7282-4921-41d5-a273-6d32b6e18fe8,false,,test1,,,Default,One per quote line,,,,Quantity,,false,,,,,,,,,,false,,,false,,,1.0,false,,,,false,false,false,false,,false,false,false,false,false,false,false,false,,Click,false,false,,false,List,,true,,false,,,,List,,,,,,Renewable,,false,,,,,,,
,,,,,ea4c7282-4921-41d5-a273-6d32b6e18fe8,false,,test1,,,Default,One per quote line,,,,Quantity,,false,,,,,,,,,,false,,,false,,,1.0,false,,,,false,false,false,false,,false,false,false,false,false,false,false,false,,Click,false,false,,false,List,,true,,false,,,,List,,,,,,Renewable,,false,,,,,,,
,,,,,ea4c7282-4921-41d5-a273-6d32b6e18fe8,false,,test1,,,Default,One per quote line,,,,Quantity,,false,,,,,,,,,,false,,,false,,,1.0,false,,,,false,false,false,false,,false,false,false,false,false,false,false,false,,Click,false,false,,false,List,,true,,false,,,,List,,,,,,Renewable,,false,,,,,,,
,,,,,ea4c7282-4921-41d5-a273-6d32b6e18fe8,false,,test1,,,Default,One per quote line,,,,Quantity,,false,,,,,,,,,,false,,,false,,,1.0,false,,,,false,false,false,false,,false,false,false,false,false,false,false,false,,Click,false,false,,false,List,,true,,false,,,,List,,,,,,Renewable,,false,,,,,,,
,,,,,ea4c7282-4921-41d5-a273-6d32b6e18fe8,false,,test1,,,Default,One per quote line,,,,Quantity,,false,,,,,,,,,,false,,,false,,,1.0,false,,,,false,false,false,false,,false,false,false,false,false,false,false,false,,Click,false,false,,false,List,,true,,false,,,,List,,,,,,Renewable,,false,,,,,,,
,,,,,ea4c7282-4921-41d5-a273-6d32b6e18fe8,false,,test1,,,Default,One per quote line,,,,Quantity,,false,,,,,,,,,,false,,,false,,,1.0,false,,,,false,false,false,false,,false,false,false,false,false,false,false,false,,Click,false,false,,false,List,,true,,false,,,,List,,,,,,Renewable,,false,,,,,,,
,,,,,ea4c7282-4921-41d5-a273-6d32b6e18fe8,false,,test1,,,Default,One per quote line,,,,Quantity,,false,,,,,,,,,,false,,,false,,,1.0,false,,,,false,false,false,false,,false,false,false,false,false,false,false,false,,Click,false,false,,false,List,,true,,false,,,,List,,,,,,Renewable,,false,,,,,,,
,,,,,ea4c7282-4921-41d5-a273-6d32b6e18fe8,false,,test1,,,Default,One per quote line,,,,Quantity,,false,,,,,,,,,,false,,,false,,,1.0,false,,,,false,false,false,false,,false,false,false,false,false,false,false,false,,Click,false,false,,false,List,,true,,false,,,,List,,,,,,Renewable,,false,,,,,,,
,,,,,ea4c7282-4921-41d5-a273-6d32b6e18fe8,false,,test1,,,Default,One per quote line,,,,Quantity,,false,,,,,,,,,,false,,,false,,,1.0,false,,,,false,false,false,false,,false,false,false,false,false,false,false,false,,Click,false,false,,false,List,,true,,false,,,,List,,,,,,Renewable,,false,,,,,,,
,,,,,ea4c7282-4921-41d5-a273-6d32b6e18fe8,false,,test1,,,Default,One per quote line,,,,Quantity,,false,,,,,,,,,,false,,,false,,,1.0,false,,,,false,false,false,false,,false,false,false,false,false,false,false,false,,Click,false,false,,false,List,,true,,false,,,,List,,,,,,Renewable,,false,,,,,,,
,,,,,ea4c7282-4921-41d5-a273-6d32b6e18fe8,false,,test1,,,Default,One per quote line,,,,Quantity,,false,,,,,,,,,,false,,,false,,,1.0,false,,,,false,false,false,false,,false,false,false,false,false,false,false,false,,Click,false,false,,false,List,,true,,false,,,,List,,,,,,Renewable,,false,,,,,,,
,,,,,ea4c7282-4921-41d5-a273-6d32b6e18fe8,false,,test1,,,Default,One per quote line,,,,Quantity,,false,,,,,,,,,,false,,,false,,,1.0,false,,,,false,false,false,false,,false,false,false,false,false,false,false,false,,Click,false,false,,false,List,,true,,false,,,,List,,,,,,Renewable,,false,,,,,,,
,,,,,ea4c7282-4921-41d5-a273-6d32b6e18fe8,false,,test1,,,Default,One per quote line,,,,Quantity,,false,,,,,,,,,,false,,,false,,,1.0,false,,,,false,false,false,false,,false,false,false,false,false,false,false,false,,Click,false,false,,false,List,,true,,false,,,,List,,,,,,Renewable,,false,,,,,,,
,,,,,ea4c7282-4921-41d5-a273-6d32b6e18fe8,false,,test1,,,Default,One per quote line,,,,Quantity,,false,,,,,,,,,,false,,,false,,,1.0,false,,,,false,false,false,false,,false,false,false,false,false,false,false,false,,Click,false,false,,false,List,,true,,false,,,,List,,,,,,Renewable,,false,,,,,,,
,,,,,ea4c7282-4921-41d5-a273-6d32b6e18fe8,false,,test1,,,Default,One per quote line,,,,Quantity,,false,,,,,,,,,,false,,,false,,,1.0,false,,,,false,false,false,false,,false,false,false,false,false,false,false,false,,Click,false,false,,false,List,,true,,false,,,,List,,,,,,Renewable,,false,,,,,,,
,,,,,ea4c7282-4921-41d5-a273-6d32b6e18fe8,false,,test1,,,Default,One per quote line,,,,Quantity,,false,,,,,,,,,,false,,,false,,,1.0,false,,,,false,false,false,false,,false,false,false,false,false,false,false,false,,Click,false,false,,false,List,,true,,false,,,,List,,,,,,Renewable,,false,,,,,,,
,,,,,ea4c7282-4921-41d5-a273-6d32b6e18fe8,false,,test1,,,Default,One per quote line,,,,Quantity,,false,,,,,,,,,,false,,,false,,,1.0,false,,,,false,false,false,false,,false,false,false,false,false,false,false,false,,Click,false,false,,false,List,,true,,false,,,,List,,,,,,Renewable,,false,,,,,,,
,,,,,ea4c7282-4921-41d5-a273-6d32b6e18fe8,false,,test1,,,Default,One per quote line,,,,Quantity,,false,,,,,,,,,,false,,,false,,,1.0,false,,,,false,false,false,false,,false,false,false,false,false,false,false,false,,Click,false,false,,false,List,,true,,false,,,,List,,,,,,Renewable,,false,,,,,,,
,,,,,ea4c7282-4921-41d5-a273-6d32b6e18fe8,false,,test1,,,Default,One per quote line,,,,Quantity,,false,,,,,,,,,,false,,,false,,,1.0,false,,,,false,false,false,false,,false,false,false,false,false,false,false,false,,Click,false,false,,false,List,,true,,false,,,,List,,,,,,Renewable,,false,,,,,,,
,,,,,ea4c7282-4921-41d5-a273-6d32b6e18fe8,false,,test1,,,Default,One per quote line,,,,Quantity,,false,,,,,,,,,,false,,,false,,,1.0,false,,,,false,false,false,false,,false,false,false,false,false,false,false,false,,Click,false,false,,false,List,,true,,false,,,,List,,,,,,Renewable,,false,,,,,,,
,,,,,ea4c7282-4921-41d5-a273-6d32b6e18fe8,false,,test1,,,Default,One per quote line,,,,Quantity,,false,,,,,,,,,,false,,,false,,,1.0,false,,,,false,false,false,false,,false,false,false,false,false,false,false,false,,Click,false,false,,false,List,,true,,false,,,,List,,,,,,Renewable,,false,,,,,,,
,,,,,ea4c7282-4921-41d5-a273-6d32b6e18fe8,false,,test1,,,Default,One per quote line,,,,Quantity,,false,,,,,,,,,,false,,,false,,,1.0,false,,,,false,false,false,false,,false,false,false,false,false,false,false,false,,Click,false,false,,false,List,,true,,false,,,,List,,,,,,Renewable,,false,,,,,,,
,,,,,ea4c7282-4921-41d5-a273-6d32b6e18fe8,false,,test1,,,Default,One per quote line,,,,Quantity,,false,,,,,,,,,,false,,,false,,,1.0,false,,,,false,false,false,false,,false,false,false,false,false,false,false,false,,Click,false,false,,false,List,,true,,false,,,,List,,,,,,Renewable,,false,,,,,,,
,,,,,ea4c7282-4921-41d5-a273-6d32b6e18fe8,false,,test1,,,Default,One per quote line,,,,Quantity,,false,,,,,,,,,,false,,,false,,,1.0,false,,,,false,false,false,false,,false,false,false,false,false,false,false,false,,Click,false,false,,false,List,,true,,false,,,,List,,,,,,Renewable,,false,,,,,,,
,,,,,ea4c7282-4921-41d5-a273-6d32b6e18fe8,false,,test1,,,Default,One per quote line,,,,Quantity,,false,,,,,,,,,,false,,,false,,,1.0,false,,,,false,false,false,false,,false,false,false,false,false,false,false,false,,Click,false,false,,false,List,,true,,false,,,,List,,,,,,Renewable,,false,,,,,,,
,,,,,ea4c7282-4921-41d5-a273-6d32b6e18fe8,false,,test1,,,Default,One per quote line,,,,Quantity,,false,,,,,,,,,,false,,,false,,,1.0,false,,,,false,false,false,false,,false,false,false,false,false,false,false,false,,Click,false,false,,false,List,,true,,false,,,,List,,,,,,Renewable,,false,,,,,,,
,,,,,ea4c7282-4921-41d5-a273-6d32b6e18fe8,false,,test1,,,Default,One per quote line,,,,Quantity,,false,,,,,,,,,,false,,,false,,,1.0,false,,,,false,false,false,false,,false,false,false,false,false,false,false,false,,Click,false,false,,false,List,,true,,false,,,,List,,,,,,Renewable,,false,,,,,,,
,,,,,ea4c7282-4921-41d5-a273-6d32b6e18fe8,false,,test1,,,Default,One per quote line,,,,Quantity,,false,,,,,,,,,,false,,,false,,,1.0,false,,,,false,false,false,false,,false,false,false,false,false,false,false,false,,Click,false,false,,false,List,,true,,false,,,,List,,,,,,Renewable,,false,,,,,,,
,,,,,57bde908-bec4-4bb9-81ea-abf3ada6e23e,false,,test2,,,Default,One per quote line,,,,Quantity,,false,,,,,,,,,,false,,,false,,,1.0,false,,,,false,false,false,false,,false,false,false,false,false,false,false,false,,Click,false,false,,false,List,,true,,false,,,,List,,,,,,Renewable,,false,,,,,,,
,,,,,57bde908-bec4-4bb9-81ea-abf3ada6e23e,false,,test2,,,Default,One per quote line,,,,Quantity,,false,,,,,,,,,,false,,,false,,,1.0,false,,,,false,false,false,false,,false,false,false,false,false,false,false,false,,Click,false,false,,false,List,,true,,false,,,,List,,,,,,Renewable,,false,,,,,,,
,,,,,57bde908-bec4-4bb9-81ea-abf3ada6e23e,false,,test2,,,Default,One per quote line,,,,Quantity,,false,,,,,,,,,,false,,,false,,,1.0,false,,,,false,false,false,false,,false,false,false,false,false,false,false,false,,Click,false,false,,false,List,,true,,false,,,,List,,,,,,Renewable,,false,,,,,,,
,,,,,57bde908-bec4-4bb9-81ea-abf3ada6e23e,false,,test2,,,Default,One per quote line,,,,Quantity,,false,,,,,,,,,,false,,,false,,,1.0,false,,,,false,false,false,false,,false,false,false,false,false,false,false,false,,Click,false,false,,false,List,,true,,false,,,,List,,,,,,Renewable,,false,,,,,,,
,,,,,57bde908-bec4-4bb9-81ea-abf3ada6e23e,false,,test2,,,Default,One per quote line,,,,Quantity,,false,,,,,,,,,,false,,,false,,,1.0,false,,,,false,false,false,false,,false,false,false,false,false,false,false,false,,Click,false,false,,false,List,,true,,false,,,,List,,,,,,Renewable,,false,,,,,,,
,,,,,57bde908-bec4-4bb9-81ea-abf3ada6e23e,false,,test2,,,Default,One per quote line,,,,Quantity,,false,,,,,,,,,,false,,,false,,,1.0,false,,,,false,false,false,false,,false,false,false,false,false,false,false,false,,Click,false,false,,false,List,,true,,false,,,,List,,,,,,Renewable,,false,,,,,,,
,,,,,57bde908-bec4-4bb9-81ea-abf3ada6e23e,false,,test2,,,Default,One per quote line,,,,Quantity,,false,,,,,,,,,,false,,,false,,,1.0,false,,,,false,false,false,false,,false,false,false,false,false,false,false,false,,Click,false,false,,false,List,,true,,false,,,,List,,,,,,Renewable,,false,,,,,,,
,,,,,57bde908-bec4-4bb9-81ea-abf3ada6e23e,false,,test2,,,Default,One per quote line,,,,Quantity,,false,,,,,,,,,,false,,,false,,,1.0,false,,,,false,false,false,false,,false,false,false,false,false,false,false,false,,Click,false,false,,false,List,,true,,false,,,,List,,,,,,Renewable,,false,,,,,,,
,,,,,57bde908-bec4-4bb9-81ea-abf3ada6e23e,false,,test2,,,Default,One per quote line,,,,Quantity,,false,,,,,,,,,,false,,,false,,,1.0,false,,,,false,false,false,false,,false,false,false,false,false,false,false,false,,Click,false,false,,false,List,,true,,false,,,,List,,,,,,Renewable,,false,,,,,,,
,,,,,57bde908-bec4-4bb9-81ea-abf3ada6e23e,false,,test2,,,Default,One per quote line,,,,Quantity,,false,,,,,,,,,,false,,,false,,,1.0,false,,,,false,false,false,false,,false,false,false,false,false,false,false,false,,Click,false,false,,false,List,,true,,false,,,,List,,,,,,Renewable,,false,,,,,,,
,,,,,57bde908-bec4-4bb9-81ea-abf3ada6e23e,false,,test2,,,Default,One per quote line,,,,Quantity,,false,,,,,,,,,,false,,,false,,,1.0,false,,,,false,false,false,false,,false,false,false,false,false,false,false,false,,Click,false,false,,false,List,,true,,false,,,,List,,,,,,Renewable,,false,,,,,,,
,,,,,57bde908-bec4-4bb9-81ea-abf3ada6e23e,false,,test2,,,Default,One per quote line,,,,Quantity,,false,,,,,,,,,,false,,,false,,,1.0,false,,,,false,false,false,false,,false,false,false,false,false,false,false,false,,Click,false,false,,false,List,,true,,false,,,,List,,,,,,Renewable,,false,,,,,,,
,,,,,57bde908-bec4-4bb9-81ea-abf3ada6e23e,false,,test2,,,Default,One per quote line,,,,Quantity,,false,,,,,,,,,,false,,,false,,,1.0,false,,,,false,false,false,false,,false,false,false,false,false,false,false,false,,Click,false,false,,false,List,,true,,false,,,,List,,,,,,Renewable,,false,,,,,,,
,,,,,57bde908-bec4-4bb9-81ea-abf3ada6e23e,false,,test2,,,Default,One per quote line,,,,Quantity,,false,,,,,,,,,,false,,,false,,,1.0,false,,,,false,false,false,false,,false,false,false,false,false,false,false,false,,Click,false,false,,false,List,,true,,false,,,,List,,,,,,Renewable,,false,,,,,,,
,,,,,57bde908-bec4-4bb9-81ea-abf3ada6e23e,false,,test2,,,Default,One per quote line,,,,Quantity,,false,,,,,,,,,,false,,,false,,,1.0,false,,,,false,false,false,false,,false,false,false,false,false,false,false,false,,Click,false,false,,false,List,,true,,false,,,,List,,,,,,Renewable,,false,,,,,,,
,,,,,57bde908-bec4-4bb9-81ea-abf3ada6e23e,false,,test2,,,Default,One per quote line,,,,Quantity,,false,,,,,,,,,,false,,,false,,,1.0,false,,,,false,false,false,false,,false,false,false,false,false,false,false,false,,Click,false,false,,false,List,,true,,false,,,,List,,,,,,Renewable,,false,,,,,,,
,,,,,57bde908-bec4-4bb9-81ea-abf3ada6e23e,false,,test2,,,Default,One per quote line,,,,Quantity,,false,,,,,,,,,,false,,,false,,,1.0,false,,,,false,false,false,false,,false,false,false,false,false,false,false,false,,Click,false,false,,false,List,,true,,false,,,,List,,,,,,Renewable,,false,,,,,,,
,,,,,57bde908-bec4-4bb9-81ea-abf3ada6e23e,false,,test2,,,Default,One per quote line,,,,Quantity,,false,,,,,,,,,,false,,,false,,,1.0,false,,,,false,false,false,false,,false,false,false,false,false,false,false,false,,Click,false,false,,false,List,,true,,false,,,,List,,,,,,Renewable,,false,,,,,,,
,,,,,57bde908-bec4-4bb9-81ea-abf3ada6e23e,false,,test2,,,Default,One per quote line,,,,Quantity,,false,,,,,,,,,,false,,,false,,,1.0,false,,,,false,false,false,false,,false,false,false,false,false,false,false,false,,Click,false,false,,false,List,,true,,false,,,,List,,,,,,Renewable,,false,,,,,,,
,,,,,57bde908-bec4-4bb9-81ea-abf3ada6e23e,false,,test2,,,Default,One per quote line,,,,Quantity,,false,,,,,,,,,,false,,,false,,,1.0,false,,,,false,false,false,false,,false,false,false,false,false,false,false,false,,Click,false,false,,false,List,,true,,false,,,,List,,,,,,Renewable,,false,,,,,,,
,,,,,57bde908-bec4-4bb9-81ea-abf3ada6e23e,false,,test2,,,Default,One per quote line,,,,Quantity,,false,,,,,,,,,,false,,,false,,,1.0,false,,,,false,false,false,false,,false,false,false,false,false,false,false,false,,Click,false,false,,false,List,,true,,false,,,,List,,,,,,Renewable,,false,,,,,,,
,,,,,57bde908-bec4-4bb9-81ea-abf3ada6e23e,false,,test2,,,Default,One per quote line,,,,Quantity,,false,,,,,,,,,,false,,,false,,,1.0,false,,,,false,false,false,false,,false,false,false,false,false,false,false,false,,Click,false,false,,false,List,,true,,false,,,,List,,,,,,Renewable,,false,,,,,,,
,,,,,57bde908-bec4-4bb9-81ea-abf3ada6e23e,false,,test2,,,Default,One per quote line,,,,Quantity,,false,,,,,,,,,,false,,,false,,,1.0,false,,,,false,false,false,false,,false,false,false,false,false,false,false,false,,Click,false,false,,false,List,,true,,false,,,,List,,,,,,Renewable,,false,,,,,,,
,,,,,57bde908-bec4-4bb9-81ea-abf3ada6e23e,false,,test2,,,Default,One per quote line,,,,Quantity,,false,,,,,,,,,,false,,,false,,,1.0,false,,,,false,false,false,false,,false,false,false,false,false,false,false,false,,Click,false,false,,false,List,,true,,false,,,,List,,,,,,Renewable,,false,,,,,,,
,,,,,57bde908-bec4-4bb9-81ea-abf3ada6e23e,false,,test2,,,Default,One per quote line,,,,Quantity,,false,,,,,,,,,,false,,,false,,,1.0,false,,,,false,false,false,false,,false,false,false,false,false,false,false,false,,Click,false,false,,false,List,,true,,false,,,,List,,,,,,Renewable,,false,,,,,,,
,,,,,57bde908-bec4-4bb9-81ea-abf3ada6e23e,false,,test2,,,Default,One per quote line,,,,Quantity,,false,,,,,,,,,,false,,,false,,,1.0,false,,,,false,false,false,false,,false,false,false,false,false,false,false,false,,Click,false,false,,false,List,,true,,false,,,,List,,,,,,Renewable,,false,,,,,,,
,,,,,57bde908-bec4-4bb9-81ea-abf3ada6e23e,false,,test2,,,Default,One per quote line,,,,Quantity,,false,,,,,,,,,,false,,,false,,,1.0,false,,,,false,false,false,false,,false,false,false,false,false,false,false,false,,Click,false,false,,false,List,,true,,false,,,,List,,,,,,Renewable,,false,,,,,,,
,,,,,57bde908-bec4-4bb9-81ea-abf3ada6e23e,false,,test2,,,Default,One per quote line,,,,Quantity,,false,,,,,,,,,,false,,,false,,,1.0,false,,,,false,false,false,false,,false,false,false,false,false,false,false,false,,Click,false,false,,false,List,,true,,false,,,,List,,,,,,Renewable,,false,,,,,,,
,,,,,57bde908-bec4-4bb9-81ea-abf3ada6e23e,false,,test2,,,Default,One per quote line,,,,Quantity,,false,,,,,,,,,,false,,,false,,,1.0,false,,,,false,false,false,false,,false,false,false,false,false,false,false,false,,Click,false,false,,false,List,,true,,false,,,,List,,,,,,Renewable,,false,,,,,,,
,,,,,57bde908-bec4-4bb9-81ea-abf3ada6e23e,false,,test2,,,Default,One per quote line,,,,Quantity,,false,,,,,,,,,,false,,,false,,,1.0,false,,,,false,false,false,false,,false,false,false,false,false,false,false,false,,Click,false,false,,false,List,,true,,false,,,,List,,,,,,Renewable,,false,,,,,,,
,,,,,57bde908-bec4-4bb9-81ea-abf3ada6e23e,false,,test2,,,Default,One per quote line,,,,Quantity,,false,,,,,,,,,,false,,,false,,,1.0,false,,,,false,false,false,false,,false,false,false,false,false,false,false,false,,Click,false,false,,false,List,,true,,false,,,,List,,,,,,Renewable,,false,,,,,,,
,,,,,57bde908-bec4-4bb9-81ea-abf3ada6e23e,false,,test2,,,Default,One per quote line,,,,Quantity,,false,,,,,,,,,,false,,,false,,,1.0,false,,,,false,false,false,false,,false,false,false,false,false,false,false,false,,Click,false,false,,false,List,,true,,false,,,,List,,,,,,Renewable,,false,,,,,,,
,,,,,57bde908-bec4-4bb9-81ea-abf3ada6e23e,false,,test2,,,Default,One per quote line,,,,Quantity,,false,,,,,,,,,,false,,,false,,,1.0,false,,,,false,false,false,false,,false,false,false,false,false,false,false,false,,Click,false,false,,false,List,,true,,false,,,,List,,,,,,Renewable,,false,,,,,,,
,,,,,57bde908-bec4-4bb9-81ea-abf3ada6e23e,false,,test2,,,Default,One per quote line,,,,Quantity,,false,,,,,,,,,,false,,,false,,,1.0,false,,,,false,false,false,false,,false,false,false,false,false,false,false,false,,Click,false,false,,false,List,,true,,false,,,,List,,,,,,Renewable,,false,,,,,,,
,,,,,57bde908-bec4-4bb9-81ea-abf3ada6e23e,false,,test2,,,Default,One per quote line,,,,Quantity,,false,,,,,,,,,,false,,,false,,,1.0,false,,,,false,false,false,false,,false,false,false,false,false,false,false,false,,Click,false,false,,false,List,,true,,false,,,,List,,,,,,Renewable,,false,,,,,,,
,,,,,57bde908-bec4-4bb9-81ea-abf3ada6e23e,false,,test2,,,Default,One per quote line,,,,Quantity,,false,,,,,,,,,,false,,,false,,,1.0,false,,,,false,false,false,false,,false,false,false,false,false,false,false,false,,Click,false,false,,false,List,,true,,false,,,,List,,,,,,Renewable,,false,,,,,,,
,,,,,57bde908-bec4-4bb9-81ea-abf3ada6e23e,false,,test2,,,Default,One per quote line,,,,Quantity,,false,,,,,,,,,,false,,,false,,,1.0,false,,,,false,false,false,false,,false,false,false,false,false,false,false,false,,Click,false,false,,false,List,,true,,false,,,,List,,,,,,Renewable,,false,,,,,,,
,,,,,57bde908-bec4-4bb9-81ea-abf3ada6e23e,false,,test2,,,Default,One per quote line,,,,Quantity,,false,,,,,,,,,,false,,,false,,,1.0,false,,,,false,false,false,false,,false,false,false,false,false,false,false,false,,Click,false,false,,false,List,,true,,false,,,,List,,,,,,Renewable,,false,,,,,,,
,,,,,57bde908-bec4-4bb9-81ea-abf3ada6e23e,false,,test2,,,Default,One per quote line,,,,Quantity,,false,,,,,,,,,,false,,,false,,,1.0,false,,,,false,false,false,false,,false,false,false,false,false,false,false,false,,Click,false,false,,false,List,,true,,false,,,,List,,,,,,Renewable,,false,,,,,,,
,,,,,57bde908-bec4-4bb9-81ea-abf3ada6e23e,false,,test2,,,Default,One per quote line,,,,Quantity,,false,,,,,,,,,,false,,,false,,,1.0,false,,,,false,false,false,false,,false,false,false,false,false,false,false,false,,Click,false,false,,false,List,,true,,false,,,,List,,,,,,Renewable,,false,,,,,,,
,,,,,57bde908-bec4-4bb9-81ea-abf3ada6e23e,false,,test2,,,Default,One per quote line,,,,Quantity,,false,,,,,,,,,,false,,,false,,,1.0,false,,,,false,false,false,false,,false,false,false,false,false,false,false,false,,Click,false,false,,false,List,,true,,false,,,,List,,,,,,Renewable,,false,,,,,,,
,,,,,57bde908-bec4-4bb9-81ea-abf3ada6e23e,false,,test2,,,Default,One per quote line,,,,Quantity,,false,,,,,,,,,,false,,,false,,,1.0,false,,,,false,false,false,false,,false,false,false,false,false,false,false,false,,Click,false,false,,false,List,,true,,false,,,,List,,,,,,Renewable,,false,,,,,,,
,,,,,57bde908-bec4-4bb9-81ea-abf3ada6e23e,false,,test2,,,Default,One per quote line,,,,Quantity,,false,,,,,,,,,,false,,,false,,,1.0,false,,,,false,false,false,false,,false,false,false,false,false,false,false,false,,Click,false,false,,false,List,,true,,false,,,,List,,,,,,Renewable,,false,,,,,,,
,,,,,57bde908-bec4-4bb9-81ea-abf3ada6e23e,false,,test2,,,Default,One per quote line,,,,Quantity,,false,,,,,,,,,,false,,,false,,,1.0,false,,,,false,false,false,false,,false,false,false,false,false,false,false,false,,Click,false,false,,false,List,,true,,false,,,,List,,,,,,Renewable,,false,,,,,,,
,,,,,57bde908-bec4-4bb9-81ea-abf3ada6e23e,false,,test2,,,Default,One per quote line,,,,Quantity,,false,,,,,,,,,,false,,,false,,,1.0,false,,,,false,false,false,false,,false,false,false,false,false,false,false,false,,Click,false,false,,false,List,,true,,false,,,,List,,,,,,Renewable,,false,,,,,,,
,,,,,57bde908-bec4-4bb9-81ea-abf3ada6e23e,false,,test2,,,Default,One per quote line,,,,Quantity,,false,,,,,,,,,,false,,,false,,,1.0,false,,,,false,false,false,false,,false,false,false,false,false,false,false,false,,Click,false,false,,false,List,,true,,false,,,,List,,,,,,Renewable,,false,,,,,,,
,,,,,57bde908-bec4-4bb9-81ea-abf3ada6e23e,false,,test2,,,Default,One per quote line,,,,Quantity,,false,,,,,,,,,,false,,,false,,,1.0,false,,,,false,false,false,false,,false,false,false,false,false,false,false,false,,Click,false,false,,false,List,,true,,false,,,,List,,,,,,Renewable,,false,,,,,,,
,,,,,57bde908-bec4-4bb9-81ea-abf3ada6e23e,false,,test2,,,Default,One per quote line,,,,Quantity,,false,,,,,,,,,,false,,,false,,,1.0,false,,,,false,false,false,false,,false,false,false,false,false,false,false,false,,Click,false,false,,false,List,,true,,false,,,,List,,,,,,Renewable,,false,,,,,,,
,,,,,57bde908-bec4-4bb9-81ea-abf3ada6e23e,false,,test2,,,Default,One per quote line,,,,Quantity,,false,,,,,,,,,,false,,,false,,,1.0,false,,,,false,false,false,false,,false,false,false,false,false,false,false,false,,Click,false,false,,false,List,,true,,false,,,,List,,,,,,Renewable,,false,,,,,,,
,,,,,e38fc6b5-a2ca-4863-bc02-0410e69ce4e9,false,,test3,,,Default,One per quote line,,,,Quantity,,false,,,,,,,,,,false,,,false,,,1.0,false,,,,false,false,false,false,,false,false,false,false,false,false,false,false,,Click,false,false,,false,List,,true,,false,,,,List,,,,,,Renewable,,false,,,,,,,
,,,,,e38fc6b5-a2ca-4863-bc02-0410e69ce4e9,false,,test3,,,Default,One per quote line,,,,Quantity,,false,,,,,,,,,,false,,,false,,,1.0,false,,,,false,false,false,false,,false,false,false,false,false,false,false,false,,Click,false,false,,false,List,,true,,false,,,,List,,,,,,Renewable,,false,,,,,,,
,,,,,e38fc6b5-a2ca-4863-bc02-0410e69ce4e9,false,,test3,,,Default,One per quote line,,,,Quantity,,false,,,,,,,,,,false,,,false,,,1.0,false,,,,false,false,false,false,,false,false,false,false,false,false,false,false,,Click,false,false,,false,List,,true,,false,,,,List,,,,,,Renewable,,false,,,,,,,
,,,,,e38fc6b5-a2ca-4863-bc02-0410e69ce4e9,false,,test3,,,Default,One per quote line,,,,Quantity,,false,,,,,,,,,,false,,,false,,,1.0,false,,,,false,false,false,false,,false,false,false,false,false,false,false,false,,Click,false,false,,false,List,,true,,false,,,,List,,,,,,Renewable,,false,,,,,,,
,,,,,e38fc6b5-a2ca-4863-bc02-0410e69ce4e9,false,,test3,,,Default,One per quote line,,,,Quantity,,false,,,,,,,,,,false,,,false,,,1.0,false,,,,false,false,false,false,,false,false,false,false,false,false,false,false,,Click,false,false,,false,List,,true,,false,,,,List,,,,,,Renewable,,false,,,,,,,
,,,,,e38fc6b5-a2ca-4863-bc02-0410e69ce4e9,false,,test3,,,Default,One per quote line,,,,Quantity,,false,,,,,,,,,,false,,,false,,,1.0,false,,,,false,false,false,false,,false,false,false,false,false,false,false,false,,Click,false,false,,false,List,,true,,false,,,,List,,,,,,Renewable,,false,,,,,,,
,,,,,e38fc6b5-a2ca-4863-bc02-0410e69ce4e9,false,,test3,,,Default,One per quote line,,,,Quantity,,false,,,,,,,,,,false,,,false,,,1.0,false,,,,false,false,false,false,,false,false,false,false,false,false,false,false,,Click,false,false,,false,List,,true,,false,,,,List,,,,,,Renewable,,false,,,,,,,
,,,,,e38fc6b5-a2ca-4863-bc02-0410e69ce4e9,false,,test3,,,Default,One per quote line,,,,Quantity,,false,,,,,,,,,,false,,,false,,,1.0,false,,,,false,false,false,false,,false,false,false,false,false,false,false,false,,Click,false,false,,false,List,,true,,false,,,,List,,,,,,Renewable,,false,,,,,,,
,,,,,e38fc6b5-a2ca-4863-bc02-0410e69ce4e9,false,,test3,,,Default,One per quote line,,,,Quantity,,false,,,,,,,,,,false,,,false,,,1.0,false,,,,false,false,false,false,,false,false,false,false,false,false,false,false,,Click,false,false,,false,List,,true,,false,,,,List,,,,,,Renewable,,false,,,,,,,
,,,,,e38fc6b5-a2ca-4863-bc02-0410e69ce4e9,false,,test3,,,Default,One per quote line,,,,Quantity,,false,,,,,,,,,,false,,,false,,,1.0,false,,,,false,false,false,false,,false,false,false,false,false,false,false,false,,Click,false,false,,false,List,,true,,false,,,,List,,,,,,Renewable,,false,,,,,,,
,,,,,e38fc6b5-a2ca-4863-bc02-0410e69ce4e9,false,,test3,,,Default,One per quote line,,,,Quantity,,false,,,,,,,,,,false,,,false,,,1.0,false,,,,false,false,false,false,,false,false,false,false,false,false,false,false,,Click,false,false,,false,List,,true,,false,,,,List,,,,,,Renewable,,false,,,,,,,
,,,,,e38fc6b5-a2ca-4863-bc02-0410e69ce4e9,false,,test3,,,Default,One per quote line,,,,Quantity,,false,,,,,,,,,,false,,,false,,,1.0,false,,,,false,false,false,false,,false,false,false,false,false,false,false,false,,Click,false,false,,false,List,,true,,false,,,,List,,,,,,Renewable,,false,,,,,,,
,,,,,e38fc6b5-a2ca-4863-bc02-0410e69ce4e9,false,,test3,,,Default,One per quote line,,,,Quantity,,false,,,,,,,,,,false,,,false,,,1.0,false,,,,false,false,false,false,,false,false,false,false,false,false,false,false,,Click,false,false,,false,List,,true,,false,,,,List,,,,,,Renewable,,false,,,,,,,
,,,,,e38fc6b5-a2ca-4863-bc02-0410e69ce4e9,false,,test3,,,Default,One per quote line,,,,Quantity,,false,,,,,,,,,,false,,,false,,,1.0,false,,,,false,false,false,false,,false,false,false,false,false,false,false,false,,Click,false,false,,false,List,,true,,false,,,,List,,,,,,Renewable,,false,,,,,,,
,,,,,e38fc6b5-a2ca-4863-bc02-0410e69ce4e9,false,,test3,,,Default,One per quote line,,,,Quantity,,false,,,,,,,,,,false,,,false,,,1.0,false,,,,false,false,false,false,,false,false,false,false,false,false,false,false,,Click,false,false,,false,List,,true,,false,,,,List,,,,,,Renewable,,false,,,,,,,
,,,,,e38fc6b5-a2ca-4863-bc02-0410e69ce4e9,false,,test3,,,Default,One per quote line,,,,Quantity,,false,,,,,,,,,,false,,,false,,,1.0,false,,,,false,false,false,false,,false,false,false,false,false,false,false,false,,Click,false,false,,false,List,,true,,false,,,,List,,,,,,Renewable,,false,,,,,,,
,,,,,e38fc6b5-a2ca-4863-bc02-0410e69ce4e9,false,,test3,,,Default,One per quote line,,,,Quantity,,false,,,,,,,,,,false,,,false,,,1.0,false,,,,false,false,false,false,,false,false,false,false,false,false,false,false,,Click,false,false,,false,List,,true,,false,,,,List,,,,,,Renewable,,false,,,,,,,
,,,,,e38fc6b5-a2ca-4863-bc02-0410e69ce4e9,false,,test3,,,Default,One per quote line,,,,Quantity,,false,,,,,,,,,,false,,,false,,,1.0,false,,,,false,false,false,false,,false,false,false,false,false,false,false,false,,Click,false,false,,false,List,,true,,false,,,,List,,,,,,Renewable,,false,,,,,,,
,,,,,e38fc6b5-a2ca-4863-bc02-0410e69ce4e9,false,,test3,,,Default,One per quote line,,,,Quantity,,false,,,,,,,,,,false,,,false,,,1.0,false,,,,false,false,false,false,,false,false,false,false,false,false,false,false,,Click,false,false,,false,List,,true,,false,,,,List,,,,,,Renewable,,false,,,,,,,
,,,,,e38fc6b5-a2ca-4863-bc02-0410e69ce4e9,false,,test3,,,Default,One per quote line,,,,Quantity,,false,,,,,,,,,,false,,,false,,,1.0,false,,,,false,false,false,false,,false,false,false,false,false,false,false,false,,Click,false,false,,false,List,,true,,false,,,,List,,,,,,Renewable,,false,,,,,,,
,,,,,e38fc6b5-a2ca-4863-bc02-0410e69ce4e9,false,,test3,,,Default,One per quote line,,,,Quantity,,false,,,,,,,,,,false,,,false,,,1.0,false,,,,false,false,false,false,,false,false,false,false,false,false,false,false,,Click,false,false,,false,List,,true,,false,,,,List,,,,,,Renewable,,false,,,,,,,
,,,,,e38fc6b5-a2ca-4863-bc02-0410e69ce4e9,false,,test3,,,Default,One per quote line,,,,Quantity,,false,,,,,,,,,,false,,,false,,,1.0,false,,,,false,false,false,false,,false,false,false,false,false,false,false,false,,Click,false,false,,false,List,,true,,false,,,,List,,,,,,Renewable,,false,,,,,,,
,,,,,e38fc6b5-a2ca-4863-bc02-0410e69ce4e9,false,,test3,,,Default,One per quote line,,,,Quantity,,false,,,,,,,,,,false,,,false,,,1.0,false,,,,false,false,false,false,,false,false,false,false,false,false,false,false,,Click,false,false,,false,List,,true,,false,,,,List,,,,,,Renewable,,false,,,,,,,
,,,,,e38fc6b5-a2ca-4863-bc02-0410e69ce4e9,false,,test3,,,Default,One per quote line,,,,Quantity,,false,,,,,,,,,,false,,,false,,,1.0,false,,,,false,false,false,false,,false,false,false,false,false,false,false,false,,Click,false,false,,false,List,,true,,false,,,,List,,,,,,Renewable,,false,,,,,,,
,,,,,e38fc6b5-a2ca-4863-bc02-0410e69ce4e9,false,,test3,,,Default,One per quote line,,,,Quantity,,false,,,,,,,,,,false,,,false,,,1.0,false,,,,false,false,false,false,,false,false,false,false,false,false,false,false,,Click,false,false,,false,List,,true,,false,,,,List,,,,,,Renewable,,false,,,,,,,
,,,,,e38fc6b5-a2ca-4863-bc02-0410e69ce4e9,false,,test3,,,Default,One per quote line,,,,Quantity,,false,,,,,,,,,,false,,,false,,,1.0,false,,,,false,false,false,false,,false,false,false,false,false,false,false,false,,Click,false,false,,false,List,,true,,false,,,,List,,,,,,Renewable,,false,,,,,,,
,,,,,e38fc6b5-a2ca-4863-bc02-0410e69ce4e9,false,,test3,,,Default,One per quote line,,,,Quantity,,false,,,,,,,,,,false,,,false,,,1.0,false,,,,false,false,false,false,,false,false,false,false,false,false,false,false,,Click,false,false,,false,List,,true,,false,,,,List,,,,,,Renewable,,false,,,,,,,
,,,,,e38fc6b5-a2ca-4863-bc02-0410e69ce4e9,false,,test3,,,Default,One per quote line,,,,Quantity,,false,,,,,,,,,,false,,,false,,,1.0,false,,,,false,false,false,false,,false,false,false,false,false,false,false,false,,Click,false,false,,false,List,,true,,false,,,,List,,,,,,Renewable,,false,,,,,,,
,,,,,e38fc6b5-a2ca-4863-bc02-0410e69ce4e9,false,,test3,,,Default,One per quote line,,,,Quantity,,false,,,,,,,,,,false,,,false,,,1.0,false,,,,false,false,false,false,,false,false,false,false,false,false,false,false,,Click,false,false,,false,List,,true,,false,,,,List,,,,,,Renewable,,false,,,,,,,
,,,,,e38fc6b5-a2ca-4863-bc02-0410e69ce4e9,false,,test3,,,Default,One per quote line,,,,Quantity,,false,,,,,,,,,,false,,,false,,,1.0,false,,,,false,false,false,false,,false,false,false,false,false,false,false,false,,Click,false,false,,false,List,,true,,false,,,,List,,,,,,Renewable,,false,,,,,,,
,,,,,e38fc6b5-a2ca-4863-bc02-0410e69ce4e9,false,,test3,,,Default,One per quote line,,,,Quantity,,false,,,,,,,,,,false,,,false,,,1.0,false,,,,false,false,false,false,,false,false,false,false,false,false,false,false,,Click,false,false,,false,List,,true,,false,,,,List,,,,,,Renewable,,false,,,,,,,
,,,,,e38fc6b5-a2ca-4863-bc02-0410e69ce4e9,false,,test3,,,Default,One per quote line,,,,Quantity,,false,,,,,,,,,,false,,,false,,,1.0,false,,,,false,false,false,false,,false,false,false,false,false,false,false,false,,Click,false,false,,false,List,,true,,false,,,,List,,,,,,Renewable,,false,,,,,,,
,,,,,e38fc6b5-a2ca-4863-bc02-0410e69ce4e9,false,,test3,,,Default,One per quote line,,,,Quantity,,false,,,,,,,,,,false,,,false,,,1.0,false,,,,false,false,false,false,,false,false,false,false,false,false,false,false,,Click,false,false,,false,List,,true,,false,,,,List,,,,,,Renewable,,false,,,,,,,
,,,,,e38fc6b5-a2ca-4863-bc02-0410e69ce4e9,false,,test3,,,Default,One per quote line,,,,Quantity,,false,,,,,,,,,,false,,,false,,,1.0,false,,,,false,false,false,false,,false,false,false,false,false,false,false,false,,Click,false,false,,false,List,,true,,false,,,,List,,,,,,Renewable,,false,,,,,,,
,,,,,e38fc6b5-a2ca-4863-bc02-0410e69ce4e9,false,,test3,,,Default,One per quote line,,,,Quantity,,false,,,,,,,,,,false,,,false,,,1.0,false,,,,false,false,false,false,,false,false,false,false,false,false,false,false,,Click,false,false,,false,List,,true,,false,,,,List,,,,,,Renewable,,false,,,,,,,
,,,,,e38fc6b5-a2ca-4863-bc02-0410e69ce4e9,false,,test3,,,Default,One per quote line,,,,Quantity,,false,,,,,,,,,,false,,,false,,,1.0,false,,,,false,false,false,false,,false,false,false,false,false,false,false,false,,Click,false,false,,false,List,,true,,false,,,,List,,,,,,Renewable,,false,,,,,,,
,,,,,e38fc6b5-a2ca-4863-bc02-0410e69ce4e9,false,,test3,,,Default,One per quote line,,,,Quantity,,false,,,,,,,,,,false,,,false,,,1.0,false,,,,false,false,false,false,,false,false,false,false,false,false,false,false,,Click,false,false,,false,List,,true,,false,,,,List,,,,,,Renewable,,false,,,,,,,
,,,,,e38fc6b5-a2ca-4863-bc02-0410e69ce4e9,false,,test3,,,Default,One per quote line,,,,Quantity,,false,,,,,,,,,,false,,,false,,,1.0,false,,,,false,false,false,false,,false,false,false,false,false,false,false,false,,Click,false,false,,false,List,,true,,false,,,,List,,,,,,Renewable,,false,,,,,,,
,,,,,e38fc6b5-a2ca-4863-bc02-0410e69ce4e9,false,,test3,,,Default,One per quote line,,,,Quantity,,false,,,,,,,,,,false,,,false,,,1.0,false,,,,false,false,false,false,,false,false,false,false,false,false,false,false,,Click,false,false,,false,List,,true,,false,,,,List,,,,,,Renewable,,false,,,,,,,
,,,,,e38fc6b5-a2ca-4863-bc02-0410e69ce4e9,false,,test3,,,Default,One per quote line,,,,Quantity,,false,,,,,,,,,,false,,,false,,,1.0,false,,,,false,false,false,false,,false,false,false,false,false,false,false,false,,Click,false,false,,false,List,,true,,false,,,,List,,,,,,Renewable,,false,,,,,,,
,,,,,e38fc6b5-a2ca-4863-bc02-0410e69ce4e9,false,,test3,,,Default,One per quote line,,,,Quantity,,false,,,,,,,,,,false,,,false,,,1.0,false,,,,false,false,false,false,,false,false,false,false,false,false,false,false,,Click,false,false,,false,List,,true,,false,,,,List,,,,,,Renewable,,false,,,,,,,
,,,,,e38fc6b5-a2ca-4863-bc02-0410e69ce4e9,false,,test3,,,Default,One per quote line,,,,Quantity,,false,,,,,,,,,,false,,,false,,,1.0,false,,,,false,false,false,false,,false,false,false,false,false,false,false,false,,Click,false,false,,false,List,,true,,false,,,,List,,,,,,Renewable,,false,,,,,,,
,,,,,e38fc6b5-a2ca-4863-bc02-0410e69ce4e9,false,,test3,,,Default,One per quote line,,,,Quantity,,false,,,,,,,,,,false,,,false,,,1.0,false,,,,false,false,false,false,,false,false,false,false,false,false,false,false,,Click,false,false,,false,List,,true,,false,,,,List,,,,,,Renewable,,false,,,,,,,
,,,,,e38fc6b5-a2ca-4863-bc02-0410e69ce4e9,false,,test3,,,Default,One per quote line,,,,Quantity,,false,,,,,,,,,,false,,,false,,,1.0,false,,,,false,false,false,false,,false,false,false,false,false,false,false,false,,Click,false,false,,false,List,,true,,false,,,,List,,,,,,Renewable,,false,,,,,,,
,,,,,e38fc6b5-a2ca-4863-bc02-0410e69ce4e9,false,,test3,,,Default,One per quote line,,,,Quantity,,false,,,,,,,,,,false,,,false,,,1.0,false,,,,false,false,false,false,,false,false,false,false,false,false,false,false,,Click,false,false,,false,List,,true,,false,,,,List,,,,,,Renewable,,false,,,,,,,
,,,,,e38fc6b5-a2ca-4863-bc02-0410e69ce4e9,false,,test3,,,Default,One per quote line,,,,Quantity,,false,,,,,,,,,,false,,,false,,,1.0,false,,,,false,false,false,false,,false,false,false,false,false,false,false,false,,Click,false,false,,false,List,,true,,false,,,,List,,,,,,Renewable,,false,,,,,,,
,,,,,e38fc6b5-a2ca-4863-bc02-0410e69ce4e9,false,,test3,,,Default,One per quote line,,,,Quantity,,false,,,,,,,,,,false,,,false,,,1.0,false,,,,false,false,false,false,,false,false,false,false,false,false,false,false,,Click,false,false,,false,List,,true,,false,,,,List,,,,,,Renewable,,false,,,,,,,
,,,,,e38fc6b5-a2ca-4863-bc02-0410e69ce4e9,false,,test3,,,Default,One per quote line,,,,Quantity,,false,,,,,,,,,,false,,,false,,,1.0,false,,,,false,false,false,false,,false,false,false,false,false,false,false,false,,Click,false,false,,false,List,,true,,false,,,,List,,,,,,Renewable,,false,,,,,,,
,,,,,e38fc6b5-a2ca-4863-bc02-0410e69ce4e9,false,,test3,,,Default,One per quote line,,,,Quantity,,false,,,,,,,,,,false,,,false,,,1.0,false,,,,false,false,false,false,,false,false,false,false,false,false,false,false,,Click,false,false,,false,List,,true,,false,,,,List,,,,,,Renewable,,false,,,,,,,
,,,,,5fbf266e-0d6f-44fd-9dde-63164f4a38fe,false,,test4,,,Default,One per quote line,,,,Quantity,,false,,,,,,,,,,false,,,false,,,1.0,false,,,,false,false,false,false,,false,false,false,false,false,false,false,false,,Click,false,false,,false,List,,true,,false,,,,List,,,,,,Renewable,,false,,,,,,,
,,,,,5fbf266e-0d6f-44fd-9dde-63164f4a38fe,false,,test4,,,Default,One per quote line,,,,Quantity,,false,,,,,,,,,,false,,,false,,,1.0,false,,,,false,false,false,false,,false,false,false,false,false,false,false,false,,Click,false,false,,false,List,,true,,false,,,,List,,,,,,Renewable,,false,,,,,,,
,,,,,5fbf266e-0d6f-44fd-9dde-63164f4a38fe,false,,test4,,,Default,One per quote line,,,,Quantity,,false,,,,,,,,,,false,,,false,,,1.0,false,,,,false,false,false,false,,false,false,false,false,false,false,false,false,,Click,false,false,,false,List,,true,,false,,,,List,,,,,,Renewable,,false,,,,,,,
,,,,,5fbf266e-0d6f-44fd-9dde-63164f4a38fe,false,,test4,,,Default,One per quote line,,,,Quantity,,false,,,,,,,,,,false,,,false,,,1.0,false,,,,false,false,false,false,,false,false,false,false,false,false,false,false,,Click,false,false,,false,List,,true,,false,,,,List,,,,,,Renewable,,false,,,,,,,
,,,,,5fbf266e-0d6f-44fd-9dde-63164f4a38fe,false,,test4,,,Default,One per quote line,,,,Quantity,,false,,,,,,,,,,false,,,false,,,1.0,false,,,,false,false,false,false,,false,false,false,false,false,false,false,false,,Click,false,false,,false,List,,true,,false,,,,List,,,,,,Renewable,,false,,,,,,,
,,,,,5fbf266e-0d6f-44fd-9dde-63164f4a38fe,false,,test4,,,Default,One per quote line,,,,Quantity,,false,,,,,,,,,,false,,,false,,,1.0,false,,,,false,false,false,false,,false,false,false,false,false,false,false,false,,Click,false,false,,false,List,,true,,false,,,,List,,,,,,Renewable,,false,,,,,,,
,,,,,5fbf266e-0d6f-44fd-9dde-63164f4a38fe,false,,test4,,,Default,One per quote line,,,,Quantity,,false,,,,,,,,,,false,,,false,,,1.0,false,,,,false,false,false,false,,false,false,false,false,false,false,false,false,,Click,false,false,,false,List,,true,,false,,,,List,,,,,,Renewable,,false,,,,,,,
,,,,,5fbf266e-0d6f-44fd-9dde-63164f4a38fe,false,,test4,,,Default,One per quote line,,,,Quantity,,false,,,,,,,,,,false,,,false,,,1.0,false,,,,false,false,false,false,,false,false,false,false,false,false,false,false,,Click,false,false,,false,List,,true,,false,,,,List,,,,,,Renewable,,false,,,,,,,
,,,,,5fbf266e-0d6f-44fd-9dde-63164f4a38fe,false,,test4,,,Default,One per quote line,,,,Quantity,,false,,,,,,,,,,false,,,false,,,1.0,false,,,,false,false,false,false,,false,false,false,false,false,false,false,false,,Click,false,false,,false,List,,true,,false,,,,List,,,,,,Renewable,,false,,,,,,,
,,,,,5fbf266e-0d6f-44fd-9dde-63164f4a38fe,false,,test4,,,Default,One per quote line,,,,Quantity,,false,,,,,,,,,,false,,,false,,,1.0,false,,,,false,false,false,false,,false,false,false,false,false,false,false,false,,Click,false,false,,false,List,,true,,false,,,,List,,,,,,Renewable,,false,,,,,,,
,,,,,5fbf266e-0d6f-44fd-9dde-63164f4a38fe,false,,test4,,,Default,One per quote line,,,,Quantity,,false,,,,,,,,,,false,,,false,,,1.0,false,,,,false,false,false,false,,false,false,false,false,false,false,false,false,,Click,false,false,,false,List,,true,,false,,,,List,,,,,,Renewable,,false,,,,,,,
,,,,,5fbf266e-0d6f-44fd-9dde-63164f4a38fe,false,,test4,,,Default,One per quote line,,,,Quantity,,false,,,,,,,,,,false,,,false,,,1.0,false,,,,false,false,false,false,,false,false,false,false,false,false,false,false,,Click,false,false,,false,List,,true,,false,,,,List,,,,,,Renewable,,false,,,,,,,
,,,,,5fbf266e-0d6f-44fd-9dde-63164f4a38fe,false,,test4,,,Default,One per quote line,,,,Quantity,,false,,,,,,,,,,false,,,false,,,1.0,false,,,,false,false,false,false,,false,false,false,false,false,false,false,false,,Click,false,false,,false,List,,true,,false,,,,List,,,,,,Renewable,,false,,,,,,,
,,,,,5fbf266e-0d6f-44fd-9dde-63164f4a38fe,false,,test4,,,Default,One per quote line,,,,Quantity,,false,,,,,,,,,,false,,,false,,,1.0,false,,,,false,false,false,false,,false,false,false,false,false,false,false,false,,Click,false,false,,false,List,,true,,false,,,,List,,,,,,Renewable,,false,,,,,,,
,,,,,5fbf266e-0d6f-44fd-9dde-63164f4a38fe,false,,test4,,,Default,One per quote line,,,,Quantity,,false,,,,,,,,,,false,,,false,,,1.0,false,,,,false,false,false,false,,false,false,false,false,false,false,false,false,,Click,false,false,,false,List,,true,,false,,,,List,,,,,,Renewable,,false,,,,,,,
,,,,,5fbf266e-0d6f-44fd-9dde-63164f4a38fe,false,,test4,,,Default,One per quote line,,,,Quantity,,false,,,,,,,,,,false,,,false,,,1.0,false,,,,false,false,false,false,,false,false,false,false,false,false,false,false,,Click,false,false,,false,List,,true,,false,,,,List,,,,,,Renewable,,false,,,,,,,
,,,,,5fbf266e-0d6f-44fd-9dde-63164f4a38fe,false,,test4,,,Default,One per quote line,,,,Quantity,,false,,,,,,,,,,false,,,false,,,1.0,false,,,,false,false,false,false,,false,false,false,false,false,false,false,false,,Click,false,false,,false,List,,true,,false,,,,List,,,,,,Renewable,,false,,,,,,,
,,,,,5fbf266e-0d6f-44fd-9dde-63164f4a38fe,false,,test4,,,Default,One per quote line,,,,Quantity,,false,,,,,,,,,,false,,,false,,,1.0,false,,,,false,false,false,false,,false,false,false,false,false,false,false,false,,Click,false,false,,false,List,,true,,false,,,,List,,,,,,Renewable,,false,,,,,,,
,,,,,5fbf266e-0d6f-44fd-9dde-63164f4a38fe,false,,test4,,,Default,One per quote line,,,,Quantity,,false,,,,,,,,,,false,,,false,,,1.0,false,,,,false,false,false,false,,false,false,false,false,false,false,false,false,,Click,false,false,,false,List,,true,,false,,,,List,,,,,,Renewable,,false,,,,,,,
,,,,,5fbf266e-0d6f-44fd-9dde-63164f4a38fe,false,,test4,,,Default,One per quote line,,,,Quantity,,false,,,,,,,,,,false,,,false,,,1.0,false,,,,false,false,false,false,,false,false,false,false,false,false,false,false,,Click,false,false,,false,List,,true,,false,,,,List,,,,,,Renewable,,false,,,,,,,
,,,,,5fbf266e-0d6f-44fd-9dde-63164f4a38fe,false,,test4,,,Default,One per quote line,,,,Quantity,,false,,,,,,,,,,false,,,false,,,1.0,false,,,,false,false,false,false,,false,false,false,false,false,false,false,false,,Click,false,false,,false,List,,true,,false,,,,List,,,,,,Renewable,,false,,,,,,,
,,,,,5fbf266e-0d6f-44fd-9dde-63164f4a38fe,false,,test4,,,Default,One per quote line,,,,Quantity,,false,,,,,,,,,,false,,,false,,,1.0,false,,,,false,false,false,false,,false,false,false,false,false,false,false,false,,Click,false,false,,false,List,,true,,false,,,,List,,,,,,Renewable,,false,,,,,,,
,,,,,5fbf266e-0d6f-44fd-9dde-63164f4a38fe,false,,test4,,,Default,One per quote line,,,,Quantity,,false,,,,,,,,,,false,,,false,,,1.0,false,,,,false,false,false,false,,false,false,false,false,false,false,false,false,,Click,false,false,,false,List,,true,,false,,,,List,,,,,,Renewable,,false,,,,,,,
,,,,,5fbf266e-0d6f-44fd-9dde-63164f4a38fe,false,,test4,,,Default,One per quote line,,,,Quantity,,false,,,,,,,,,,false,,,false,,,1.0,false,,,,false,false,false,false,,false,false,false,false,false,false,false,false,,Click,false,false,,false,List,,true,,false,,,,List,,,,,,Renewable,,false,,,,,,,
,,,,,5fbf266e-0d6f-44fd-9dde-63164f4a38fe,false,,test4,,,Default,One per quote line,,,,Quantity,,false,,,,,,,,,,false,,,false,,,1.0,false,,,,false,false,false,false,,false,false,false,false,false,false,false,false,,Click,false,false,,false,List,,true,,false,,,,List,,,,,,Renewable,,false,,,,,,,
,,,,,5fbf266e-0d6f-44fd-9dde-63164f4a38fe,false,,test4,,,Default,One per quote line,,,,Quantity,,false,,,,,,,,,,false,,,false,,,1.0,false,,,,false,false,false,false,,false,false,false,false,false,false,false,false,,Click,false,false,,false,List,,true,,false,,,,List,,,,,,Renewable,,false,,,,,,,
,,,,,5fbf266e-0d6f-44fd-9dde-63164f4a38fe,false,,test4,,,Default,One per quote line,,,,Quantity,,false,,,,,,,,,,false,,,false,,,1.0,false,,,,false,false,false,false,,false,false,false,false,false,false,false,false,,Click,false,false,,false,List,,true,,false,,,,List,,,,,,Renewable,,false,,,,,,,
,,,,,5fbf266e-0d6f-44fd-9dde-63164f4a38fe,false,,test4,,,Default,One per quote line,,,,Quantity,,false,,,,,,,,,,false,,,false,,,1.0,false,,,,false,false,false,false,,false,false,false,false,false,false,false,false,,Click,false,false,,false,List,,true,,false,,,,List,,,,,,Renewable,,false,,,,,,,
,,,,,5fbf266e-0d6f-44fd-9dde-63164f4a38fe,false,,test4,,,Default,One per quote line,,,,Quantity,,false,,,,,,,,,,false,,,false,,,1.0,false,,,,false,false,false,false,,false,false,false,false,false,false,false,false,,Click,false,false,,false,List,,true,,false,,,,List,,,,,,Renewable,,false,,,,,,,
,,,,,5fbf266e-0d6f-44fd-9dde-63164f4a38fe,false,,test4,,,Default,One per quote line,,,,Quantity,,false,,,,,,,,,,false,,,false,,,1.0,false,,,,false,false,false,false,,false,false,false,false,false,false,false,false,,Click,false,false,,false,List,,true,,false,,,,List,,,,,,Renewable,,false,,,,,,,
,,,,,5fbf266e-0d6f-44fd-9dde-63164f4a38fe,false,,test4,,,Default,One per quote line,,,,Quantity,,false,,,,,,,,,,false,,,false,,,1.0,false,,,,false,false,false,false,,false,false,false,false,false,false,false,false,,Click,false,false,,false,List,,true,,false,,,,List,,,,,,Renewable,,false,,,,,,,
,,,,,5fbf266e-0d6f-44fd-9dde-63164f4a38fe,false,,test4,,,Default,One per quote line,,,,Quantity,,false,,,,,,,,,,false,,,false,,,1.0,false,,,,false,false,false,false,,false,false,false,false,false,false,false,false,,Click,false,false,,false,List,,true,,false,,,,List,,,,,,Renewable,,false,,,,,,,
,,,,,5fbf266e-0d6f-44fd-9dde-63164f4a38fe,false,,test4,,,Default,One per quote line,,,,Quantity,,false,,,,,,,,,,false,,,false,,,1.0,false,,,,false,false,false,false,,false,false,false,false,false,false,false,false,,Click,false,false,,false,List,,true,,false,,,,List,,,,,,Renewable,,false,,,,,,,
,,,,,5fbf266e-0d6f-44fd-9dde-63164f4a38fe,false,,test4,,,Default,One per quote line,,,,Quantity,,false,,,,,,,,,,false,,,false,,,1.0,false,,,,false,false,false,false,,false,false,false,false,false,false,false,false,,Click,false,false,,false,List,,true,,false,,,,List,,,,,,Renewable,,false,,,,,,,
,,,,,5fbf266e-0d6f-44fd-9dde-63164f4a38fe,false,,test4,,,Default,One per quote line,,,,Quantity,,false,,,,,,,,,,false,,,false,,,1.0,false,,,,false,false,false,false,,false,false,false,false,false,false,false,false,,Click,false,false,,false,List,,true,,false,,,,List,,,,,,Renewable,,false,,,,,,,
,,,,,5fbf266e-0d6f-44fd-9dde-63164f4a38fe,false,,test4,,,Default,One per quote line,,,,Quantity,,false,,,,,,,,,,false,,,false,,,1.0,false,,,,false,false,false,false,,false,false,false,false,false,false,false,false,,Click,false,false,,false,List,,true,,false,,,,List,,,,,,Renewable,,false,,,,,,,
,,,,,5fbf266e-0d6f-44fd-9dde-63164f4a38fe,false,,test4,,,Default,One per quote line,,,,Quantity,,false,,,,,,,,,,false,,,false,,,1.0,false,,,,false,false,false,false,,false,false,false,false,false,false,false,false,,Click,false,false,,false,List,,true,,false,,,,List,,,,,,Renewable,,false,,,,,,,
,,,,,5fbf266e-0d6f-44fd-9dde-63164f4a38fe,false,,test4,,,Default,One per quote line,,,,Quantity,,false,,,,,,,,,,false,,,false,,,1.0,false,,,,false,false,false,false,,false,false,false,false,false,false,false,false,,Click,false,false,,false,List,,true,,false,,,,List,,,,,,Renewable,,false,,,,,,,
,,,,,5fbf266e-0d6f-44fd-9dde-63164f4a38fe,false,,test4,,,Default,One per quote line,,,,Quantity,,false,,,,,,,,,,false,,,false,,,1.0,false,,,,false,false,false,false,,false,false,false,false,false,false,false,false,,Click,false,false,,false,List,,true,,false,,,,List,,,,,,Renewable,,false,,,,,,,
,,,,,5fbf266e-0d6f-44fd-9dde-63164f4a38fe,false,,test4,,,Default,One per quote line,,,,Quantity,,false,,,,,,,,,,false,,,false,,,1.0,false,,,,false,false,false,false,,false,false,false,false,false,false,false,false,,Click,false,false,,false,List,,true,,false,,,,List,,,,,,Renewable,,false,,,,,,,
,,,,,5fbf266e-0d6f-44fd-9dde-63164f4a38fe,false,,test4,,,Default,One per quote line,,,,Quantity,,false,,,,,,,,,,false,,,false,,,1.0,false,,,,false,false,false,false,,false,false,false,false,false,false,false,false,,Click,false,false,,false,List,,true,,false,,,,List,,,,,,Renewable,,false,,,,,,,
,,,,,5fbf266e-0d6f-44fd-9dde-63164f4a38fe,false,,test4,,,Default,One per quote line,,,,Quantity,,false,,,,,,,,,,false,,,false,,,1.0,false,,,,false,false,false,false,,false,false,false,false,false,false,false,false,,Click,false,false,,false,List,,true,,false,,,,List,,,,,,Renewable,,false,,,,,,,
,,,,,5fbf266e-0d6f-44fd-9dde-63164f4a38fe,false,,test4,,,Default,One per quote line,,,,Quantity,,false,,,,,,,,,,false,,,false,,,1.0,false,,,,false,false,false,false,,false,false,false,false,false,false,false,false,,Click,false,false,,false,List,,true,,false,,,,List,,,,,,Renewable,,false,,,,,,,
,,,,,5fbf266e-0d6f-44fd-9dde-63164f4a38fe,false,,test4,,,Default,One per quote line,,,,Quantity,,false,,,,,,,,,,false,,,false,,,1.0,false,,,,false,false,false,false,,false,false,false,false,false,false,false,false,,Click,false,false,,false,List,,true,,false,,,,List,,,,,,Renewable,,false,,,,,,,
,,,,,5fbf266e-0d6f-44fd-9dde-63164f4a38fe,false,,test4,,,Default,One per quote line,,,,Quantity,,false,,,,,,,,,,false,,,false,,,1.0,false,,,,false,false,false,false,,false,false,false,false,false,false,false,false,,Click,false,false,,false,List,,true,,false,,,,List,,,,,,Renewable,,false,,,,,,,
,,,,,5fbf266e-0d6f-44fd-9dde-63164f4a38fe,false,,test4,,,Default,One per quote line,,,,Quantity,,false,,,,,,,,,,false,,,false,,,1.0,false,,,,false,false,false,false,,false,false,false,false,false,false,false,false,,Click,false,false,,false,List,,true,,false,,,,List,,,,,,Renewable,,false,,,,,,,
,,,,,5fbf266e-0d6f-44fd-9dde-63164f4a38fe,false,,test4,,,Default,One per quote line,,,,Quantity,,false,,,,,,,,,,false,,,false,,,1.0,false,,,,false,false,false,false,,false,false,false,false,false,false,false,false,,Click,false,false,,false,List,,true,,false,,,,List,,,,,,Renewable,,false,,,,,,,
,,,,,5fbf266e-0d6f-44fd-9dde-63164f4a38fe,false,,test4,,,Default,One per quote line,,,,Quantity,,false,,,,,,,,,,false,,,false,,,1.0,false,,,,false,false,false,false,,false,false,false,false,false,false,false,false,,Click,false,false,,false,List,,true,,false,,,,List,,,,,,Renewable,,false,,,,,,,
,,,,,5fbf266e-0d6f-44fd-9dde-63164f4a38fe,false,,test4,,,Default,One per quote line,,,,Quantity,,false,,,,,,,,,,false,,,false,,,1.0,false,,,,false,false,false,false,,false,false,false,false,false,false,false,false,,Click,false,false,,false,List,,true,,false,,,,List,,,,,,Renewable,,false,,,,,,,
,,,,,c3a392db-b37a-40a0-ad8d-a230f068651f,false,,skipInstertTest,,,Default,One per quote line,,,,Quantity,,false,,,,,,,,,,false,,,false,,,1.0,false,,,,false,false,false,false,,false,false,false,false,false,false,false,false,,Click,false,false,,false,List,,true,,false,,,,List,,,,,,Renewable,,false,,,,,,,
,,,,,c3a392db-b37a-40a0-ad8d-a230f068651f,false,,skipInstertTest,,,Default,One per quote line,,,,Quantity,,false,,,,,,,,,,false,,,false,,,1.0,false,,,,false,false,false,false,,false,false,false,false,false,false,false,false,,Click,false,false,,false,List,,true,,false,,,,List,,,,,,Renewable,,false,,,,,,,
,,,,,c3a392db-b37a-40a0-ad8d-a230f068651f,false,,skipInstertTest,,,Default,One per quote line,,,,Quantity,,false,,,,,,,,,,false,,,false,,,1.0,false,,,,false,false,false,false,,false,false,false,false,false,false,false,false,,Click,false,false,,false,List,,true,,false,,,,List,,,,,,Renewable,,false,,,,,,,
,,,,,c3a392db-b37a-40a0-ad8d-a230f068651f,false,,skipInstertTest,,,Default,One per quote line,,,,Quantity,,false,,,,,,,,,,false,,,false,,,1.0,false,,,,false,false,false,false,,false,false,false,false,false,false,false,false,,Click,false,false,,false,List,,true,,false,,,,List,,,,,,Renewable,,false,,,,,,,
,,,,,c3a392db-b37a-40a0-ad8d-a230f068651f,false,,skipInstertTest,,,Default,One per quote line,,,,Quantity,,false,,,,,,,,,,false,,,false,,,1.0,false,,,,false,false,false,false,,false,false,false,false,false,false,false,false,,Click,false,false,,false,List,,true,,false,,,,List,,,,,,Renewable,,false,,,,,,,
,,,,,c3a392db-b37a-40a0-ad8d-a230f068651f,false,,skipInstertTest,,,Default,One per quote line,,,,Quantity,,false,,,,,,,,,,false,,,false,,,1.0,false,,,,false,false,false,false,,false,false,false,false,false,false,false,false,,Click,false,false,,false,List,,true,,false,,,,List,,,,,,Renewable,,false,,,,,,,
,,,,,c3a392db-b37a-40a0-ad8d-a230f068651f,false,,skipInstertTest,,,Default,One per quote line,,,,Quantity,,false,,,,,,,,,,false,,,false,,,1.0,false,,,,false,false,false,false,,false,false,false,false,false,false,false,false,,Click,false,false,,false,List,,true,,false,,,,List,,,,,,Renewable,,false,,,,,,,
,,,,,c3a392db-b37a-40a0-ad8d-a230f068651f,false,,skipInstertTest,,,Default,One per quote line,,,,Quantity,,false,,,,,,,,,,false,,,false,,,1.0,false,,,,false,false,false,false,,false,false,false,false,false,false,false,false,,Click,false,false,,false,List,,true,,false,,,,List,,,,,,Renewable,,false,,,,,,,
,,,,,c3a392db-b37a-40a0-ad8d-a230f068651f,false,,skipInstertTest,,,Default,One per quote line,,,,Quantity,,false,,,,,,,,,,false,,,false,,,1.0,false,,,,false,false,false,false,,false,false,false,false,false,false,false,false,,Click,false,false,,false,List,,true,,false,,,,List,,,,,,Renewable,,false,,,,,,,
,,,,,c3a392db-b37a-40a0-ad8d-a230f068651f,false,,skipInstertTest,,,Default,One per quote line,,,,Quantity,,false,,,,,,,,,,false,,,false,,,1.0,false,,,,false,false,false,false,,false,false,false,false,false,false,false,false,,Click,false,false,,false,List,,true,,false,,,,List,,,,,,Renewable,,false,,,,,,,
,,,,,c3a392db-b37a-40a0-ad8d-a230f068651f,false,,skipInstertTest,,,Default,One per quote line,,,,Quantity,,false,,,,,,,,,,false,,,false,,,1.0,false,,,,false,false,false,false,,false,false,false,false,false,false,false,false,,Click,false,false,,false,List,,true,,false,,,,List,,,,,,Renewable,,false,,,,,,,
,,,,,c3a392db-b37a-40a0-ad8d-a230f068651f,false,,skipInstertTest,,,Default,One per quote line,,,,Quantity,,false,,,,,,,,,,false,,,false,,,1.0,false,,,,false,false,false,false,,false,false,false,false,false,false,false,false,,Click,false,false,,false,List,,true,,false,,,,List,,,,,,Renewable,,false,,,,,,,
,,,,,c3a392db-b37a-40a0-ad8d-a230f068651f,false,,skipInstertTest,,,Default,One per quote line,,,,Quantity,,false,,,,,,,,,,false,,,false,,,1.0,false,,,,false,false,false,false,,false,false,false,false,false,false,false,false,,Click,false,false,,false,List,,true,,false,,,,List,,,,,,Renewable,,false,,,,,,,
,,,,,c3a392db-b37a-40a0-ad8d-a230f068651f,false,,skipInstertTest,,,Default,One per quote line,,,,Quantity,,false,,,,,,,,,,false,,,false,,,1.0,false,,,,false,false,false,false,,false,false,false,false,false,false,false,false,,Click,false,false,,false,List,,true,,false,,,,List,,,,,,Renewable,,false,,,,,,,
,,,,,c3a392db-b37a-40a0-ad8d-a230f068651f,false,,skipInstertTest,,,Default,One per quote line,,,,Quantity,,false,,,,,,,,,,false,,,false,,,1.0,false,,,,false,false,false,false,,false,false,false,false,false,false,false,false,,Click,false,false,,false,List,,true,,false,,,,List,,,,,,Renewable,,false,,,,,,,
,,,,,c3a392db-b37a-40a0-ad8d-a230f068651f,false,,skipInstertTest,,,Default,One per quote line,,,,Quantity,,false,,,,,,,,,,false,,,false,,,1.0,false,,,,false,false,false,false,,false,false,false,false,false,false,false,false,,Click,false,false,,false,List,,true,,false,,,,List,,,,,,Renewable,,false,,,,,,,
,,,,,c3a392db-b37a-40a0-ad8d-a230f068651f,false,,skipInstertTest,,,Default,One per quote line,,,,Quantity,,false,,,,,,,,,,false,,,false,,,1.0,false,,,,false,false,false,false,,false,false,false,false,false,false,false,false,,Click,false,false,,false,List,,true,,false,,,,List,,,,,,Renewable,,false,,,,,,,
,,,,,c3a392db-b37a-40a0-ad8d-a230f068651f,false,,skipInstertTest,,,Default,One per quote line,,,,Quantity,,false,,,,,,,,,,false,,,false,,,1.0,false,,,,false,false,false,false,,false,false,false,false,false,false,false,false,,Click,false,false,,false,List,,true,,false,,,,List,,,,,,Renewable,,false,,,,,,,
,,,,,c3a392db-b37a-40a0-ad8d-a230f068651f,false,,skipInstertTest,,,Default,One per quote line,,,,Quantity,,false,,,,,,,,,,false,,,false,,,1.0,false,,,,false,false,false,false,,false,false,false,false,false,false,false,false,,Click,false,false,,false,List,,true,,false,,,,List,,,,,,Renewable,,false,,,,,,,
,,,,,c3a392db-b37a-40a0-ad8d-a230f068651f,false,,skipInstertTest,,,Default,One per quote line,,,,Quantity,,false,,,,,,,,,,false,,,false,,,1.0,false,,,,false,false,false,false,,false,false,false,false,false,false,false,false,,Click,false,false,,false,List,,true,,false,,,,List,,,,,,Renewable,,false,,,,,,,
,,,,,c3a392db-b37a-40a0-ad8d-a230f068651f,false,,skipInstertTest,,,Default,One per quote line,,,,Quantity,,false,,,,,,,,,,false,,,false,,,1.0,false,,,,false,false,false,false,,false,false,false,false,false,false,false,false,,Click,false,false,,false,List,,true,,false,,,,List,,,,,,Renewable,,false,,,,,,,
,,,,,c3a392db-b37a-40a0-ad8d-a230f068651f,false,,skipInstertTest,,,Default,One per quote line,,,,Quantity,,false,,,,,,,,,,false,,,false,,,1.0,false,,,,false,false,false,false,,false,false,false,false,false,false,false,false,,Click,false,false,,false,List,,true,,false,,,,List,,,,,,Renewable,,false,,,,,,,
,,,,,c3a392db-b37a-40a0-ad8d-a230f068651f,false,,skipInstertTest,,,Default,One per quote line,,,,Quantity,,false,,,,,,,,,,false,,,false,,,1.0,false,,,,false,false,false,false,,false,false,false,false,false,false,false,false,,Click,false,false,,false,List,,true,,false,,,,List,,,,,,Renewable,,false,,,,,,,
,,,,,c3a392db-b37a-40a0-ad8d-a230f068651f,false,,skipInstertTest,,,Default,One per quote line,,,,Quantity,,false,,,,,,,,,,false,,,false,,,1.0,false,,,,false,false,false,false,,false,false,false,false,false,false,false,false,,Click,false,false,,false,List,,true,,false,,,,List,,,,,,Renewable,,false,,,,,,,
,,,,,c3a392db-b37a-40a0-ad8d-a230f068651f,false,,skipInstertTest,,,Default,One per quote line,,,,Quantity,,false,,,,,,,,,,false,,,false,,,1.0,false,,,,false,false,false,false,,false,false,false,false,false,false,false,false,,Click,false,false,,false,List,,true,,false,,,,List,,,,,,Renewable,,false,,,,,,,
,,,,,c3a392db-b37a-40a0-ad8d-a230f068651f,false,,skipInstertTest,,,Default,One per quote line,,,,Quantity,,false,,,,,,,,,,false,,,false,,,1.0,false,,,,false,false,false,false,,false,false,false,false,false,false,false,false,,Click,false,false,,false,List,,true,,false,,,,List,,,,,,Renewable,,false,,,,,,,
,,,,,c3a392db-b37a-40a0-ad8d-a230f068651f,false,,skipInstertTest,,,Default,One per quote line,,,,Quantity,,false,,,,,,,,,,false,,,false,,,1.0,false,,,,false,false,false,false,,false,false,false,false,false,false,false,false,,Click,false,false,,false,List,,true,,false,,,,List,,,,,,Renewable,,false,,,,,,,
,,,,,c3a392db-b37a-40a0-ad8d-a230f068651f,false,,skipInstertTest,,,Default,One per quote line,,,,Quantity,,false,,,,,,,,,,false,,,false,,,1.0,false,,,,false,false,false,false,,false,false,false,false,false,false,false,false,,Click,false,false,,false,List,,true,,false,,,,List,,,,,,Renewable,,false,,,,,,,
,,,,,c3a392db-b37a-40a0-ad8d-a230f068651f,false,,skipInstertTest,,,Default,One per quote line,,,,Quantity,,false,,,,,,,,,,false,,,false,,,1.0,false,,,,false,false,false,false,,false,false,false,false,false,false,false,false,,Click,false,false,,false,List,,true,,false,,,,List,,,,,,Renewable,,false,,,,,,,
,,,,,c3a392db-b37a-40a0-ad8d-a230f068651f,false,,skipInstertTest,,,Default,One per quote line,,,,Quantity,,false,,,,,,,,,,false,,,false,,,1.0,false,,,,false,false,false,false,,false,false,false,false,false,false,false,false,,Click,false,false,,false,List,,true,,false,,,,List,,,,,,Renewable,,false,,,,,,,
,,,,,c3a392db-b37a-40a0-ad8d-a230f068651f,false,,skipInstertTest,,,Default,One per quote line,,,,Quantity,,false,,,,,,,,,,false,,,false,,,1.0,false,,,,false,false,false,false,,false,false,false,false,false,false,false,false,,Click,false,false,,false,List,,true,,false,,,,List,,,,,,Renewable,,false,,,,,,,
,,,,,c3a392db-b37a-40a0-ad8d-a230f068651f,false,,skipInstertTest,,,Default,One per quote line,,,,Quantity,,false,,,,,,,,,,false,,,false,,,1.0,false,,,,false,false,false,false,,false,false,false,false,false,false,false,false,,Click,false,false,,false,List,,true,,false,,,,List,,,,,,Renewable,,false,,,,,,,
,,,,,c3a392db-b37a-40a0-ad8d-a230f068651f,false,,skipInstertTest,,,Default,One per quote line,,,,Quantity,,false,,,,,,,,,,false,,,false,,,1.0,false,,,,false,false,false,false,,false,false,false,false,false,false,false,false,,Click,false,false,,false,List,,true,,false,,,,List,,,,,,Renewable,,false,,,,,,,
,,,,,c3a392db-b37a-40a0-ad8d-a230f068651f,false,,skipInstertTest,,,Default,One per quote line,,,,Quantity,,false,,,,,,,,,,false,,,false,,,1.0,false,,,,false,false,false,false,,false,false,false,false,false,false,false,false,,Click,false,false,,false,List,,true,,false,,,,List,,,,,,Renewable,,false,,,,,,,
,,,,,c3a392db-b37a-40a0-ad8d-a230f068651f,false,,skipInstertTest,,,Default,One per quote line,,,,Quantity,,false,,,,,,,,,,false,,,false,,,1.0,false,,,,false,false,false,false,,false,false,false,false,false,false,false,false,,Click,false,false,,false,List,,true,,false,,,,List,,,,,,Renewable,,false,,,,,,,
,,,,,c3a392db-b37a-40a0-ad8d-a230f068651f,false,,skipInstertTest,,,Default,One per quote line,,,,Quantity,,false,,,,,,,,,,false,,,false,,,1.0,false,,,,false,false,false,false,,false,false,false,false,false,false,false,false,,Click,false,false,,false,List,,true,,false,,,,List,,,,,,Renewable,,false,,,,,,,
,,,,,c3a392db-b37a-40a0-ad8d-a230f068651f,false,,skipInstertTest,,,Default,One per quote line,,,,Quantity,,false,,,,,,,,,,false,,,false,,,1.0,false,,,,false,false,false,false,,false,false,false,false,false,false,false,false,,Click,false,false,,false,List,,true,,false,,,,List,,,,,,Renewable,,false,,,,,,,
,,,,,c3a392db-b37a-40a0-ad8d-a230f068651f,false,,skipInstertTest,,,Default,One per quote line,,,,Quantity,,false,,,,,,,,,,false,,,false,,,1.0,false,,,,false,false,false,false,,false,false,false,false,false,false,false,false,,Click,false,false,,false,List,,true,,false,,,,List,,,,,,Renewable,,false,,,,,,,
,,,,,c3a392db-b37a-40a0-ad8d-a230f068651f,false,,skipInstertTest,,,Default,One per quote line,,,,Quantity,,false,,,,,,,,,,false,,,false,,,1.0,false,,,,false,false,false,false,,false,false,false,false,false,false,false,false,,Click,false,false,,false,List,,true,,false,,,,List,,,,,,Renewable,,false,,,,,,,
,,,,,c3a392db-b37a-40a0-ad8d-a230f068651f,false,,skipInstertTest,,,Default,One per quote line,,,,Quantity,,false,,,,,,,,,,false,,,false,,,1.0,false,,,,false,false,false,false,,false,false,false,false,false,false,false,false,,Click,false,false,,false,List,,true,,false,,,,List,,,,,,Renewable,,false,,,,,,,
,,,,,c3a392db-b37a-40a0-ad8d-a230f068651f,false,,skipInstertTest,,,Default,One per quote line,,,,Quantity,,false,,,,,,,,,,false,,,false,,,1.0,false,,,,false,false,false,false,,false,false,false,false,false,false,false,false,,Click,false,false,,false,List,,true,,false,,,,List,,,,,,Renewable,,false,,,,,,,
,,,,,c3a392db-b37a-40a0-ad8d-a230f068651f,false,,skipInstertTest,,,Default,One per quote line,,,,Quantity,,false,,,,,,,,,,false,,,false,,,1.0,false,,,,false,false,false,false,,false,false,false,false,false,false,false,false,,Click,false,false,,false,List,,true,,false,,,,List,,,,,,Renewable,,false,,,,,,,
,,,,,c3a392db-b37a-40a0-ad8d-a230f068651f,false,,skipInstertTest,,,Default,One per quote line,,,,Quantity,,false,,,,,,,,,,false,,,false,,,1.0,false,,,,false,false,false,false,,false,false,false,false,false,false,false,false,,Click,false,false,,false,List,,true,,false,,,,List,,,,,,Renewable,,false,,,,,,,
,,,,,c3a392db-b37a-40a0-ad8d-a230f068651f,false,,skipInstertTest,,,Default,One per quote line,,,,Quantity,,false,,,,,,,,,,false,,,false,,,1.0,false,,,,false,false,false,false,,false,false,false,false,false,false,false,false,,Click,false,false,,false,List,,true,,false,,,,List,,,,,,Renewable,,false,,,,,,,
,,,,,c3a392db-b37a-40a0-ad8d-a230f068651f,false,,skipInstertTest,,,Default,One per quote line,,,,Quantity,,false,,,,,,,,,,false,,,false,,,1.0,false,,,,false,false,false,false,,false,false,false,false,false,false,false,false,,Click,false,false,,false,List,,true,,false,,,,List,,,,,,Renewable,,false,,,,,,,
,,,,,c3a392db-b37a-40a0-ad8d-a230f068651f,false,,skipInstertTest,,,Default,One per quote line,,,,Quantity,,false,,,,,,,,,,false,,,false,,,1.0,false,,,,false,false,false,false,,false,false,false,false,false,false,false,false,,Click,false,false,,false,List,,true,,false,,,,List,,,,,,Renewable,,false,,,,,,,
,,,,,c3a392db-b37a-40a0-ad8d-a230f068651f,false,,skipInstertTest,,,Default,One per quote line,,,,Quantity,,false,,,,,,,,,,false,,,false,,,1.0,false,,,,false,false,false,false,,false,false,false,false,false,false,false,false,,Click,false,false,,false,List,,true,,false,,,,List,,,,,,Renewable,,false,,,,,,,
,,,,,c3a392db-b37a-40a0-ad8d-a230f068651f,false,,skipInstertTest,,,Default,One per quote line,,,,Quantity,,false,,,,,,,,,,false,,,false,,,1.0,false,,,,false,false,false,false,,false,false,false,false,false,false,false,false,,Click,false,false,,false,List,,true,,false,,,,List,,,,,,Renewable,,false,,,,,,,
,,,,,c3a392db-b37a-40a0-ad8d-a230f068651f,false,,skipInstertTest,,,Default,One per quote line,,,,Quantity,,false,,,,,,,,,,false,,,false,,,1.0,false,,,,false,false,false,false,,false,false,false,false,false,false,false,false,,Click,false,false,,false,List,,true,,false,,,,List,,,,,,Renewable,,false,,,,,,,
,,,,,1dc99911-07c5-459f-a0d9-820c79e7438e,false,,FULL_FLOW_TEST_123456,,,Default,One per quote line,,,,Quantity,,false,,,,,,,,,,false,,,false,,,1.0,false,,,,false,false,false,false,,false,false,false,false,false,false,false,false,,Click,false,false,,false,List,,true,,false,,,,List,,,,,,Renewable,,false,,,,,,,
,,,,,1dc99911-07c5-459f-a0d9-820c79e7438e,false,,FULL_FLOW_TEST_123456,,,Default,One per quote line,,,,Quantity,,false,,,,,,,,,,false,,,false,,,1.0,false,,,,false,false,false,false,,false,false,false,false,false,false,false,false,,Click,false,false,,false,List,,true,,false,,,,List,,,,,,Renewable,,false,,,,,,,
,,,,,1dc99911-07c5-459f-a0d9-820c79e7438e,false,,FULL_FLOW_TEST_123456,,,Default,One per quote line,,,,Quantity,,false,,,,,,,,,,false,,,false,,,1.0,false,,,,false,false,false,false,,false,false,false,false,false,false,false,false,,Click,false,false,,false,List,,true,,false,,,,List,,,,,,Renewable,,false,,,,,,,
,,,,,1dc99911-07c5-459f-a0d9-820c79e7438e,false,,FULL_FLOW_TEST_123456,,,Default,One per quote line,,,,Quantity,,false,,,,,,,,,,false,,,false,,,1.0,false,,,,false,false,false,false,,false,false,false,false,false,false,false,false,,Click,false,false,,false,List,,true,,false,,,,List,,,,,,Renewable,,false,,,,,,,
,,,,,1dc99911-07c5-459f-a0d9-820c79e7438e,false,,FULL_FLOW_TEST_123456,,,Default,One per quote line,,,,Quantity,,false,,,,,,,,,,false,,,false,,,1.0,false,,,,false,false,false,false,,false,false,false,false,false,false,false,false,,Click,false,false,,false,List,,true,,false,,,,List,,,,,,Renewable,,false,,,,,,,
,,,,,1dc99911-07c5-459f-a0d9-820c79e7438e,false,,FULL_FLOW_TEST_123456,,,Default,One per quote line,,,,Quantity,,false,,,,,,,,,,false,,,false,,,1.0,false,,,,false,false,false,false,,false,false,false,false,false,false,false,false,,Click,false,false,,false,List,,true,,false,,,,List,,,,,,Renewable,,false,,,,,,,
,,,,,1dc99911-07c5-459f-a0d9-820c79e7438e,false,,FULL_FLOW_TEST_123456,,,Default,One per quote line,,,,Quantity,,false,,,,,,,,,,false,,,false,,,1.0,false,,,,false,false,false,false,,false,false,false,false,false,false,false,false,,Click,false,false,,false,List,,true,,false,,,,List,,,,,,Renewable,,false,,,,,,,
,,,,,1dc99911-07c5-459f-a0d9-820c79e7438e,false,,FULL_FLOW_TEST_123456,,,Default,One per quote line,,,,Quantity,,false,,,,,,,,,,false,,,false,,,1.0,false,,,,false,false,false,false,,false,false,false,false,false,false,false,false,,Click,false,false,,false,List,,true,,false,,,,List,,,,,,Renewable,,false,,,,,,,
,,,,,1dc99911-07c5-459f-a0d9-820c79e7438e,false,,FULL_FLOW_TEST_123456,,,Default,One per quote line,,,,Quantity,,false,,,,,,,,,,false,,,false,,,1.0,false,,,,false,false,false,false,,false,false,false,false,false,false,false,false,,Click,false,false,,false,List,,true,,false,,,,List,,,,,,Renewable,,false,,,,,,,
,,,,,1dc99911-07c5-459f-a0d9-820c79e7438e,false,,FULL_FLOW_TEST_123456,,,Default,One per quote line,,,,Quantity,,false,,,,,,,,,,false,,,false,,,1.0,false,,,,false,false,false,false,,false,false,false,false,false,false,false,false,,Click,false,false,,false,List,,true,,false,,,,List,,,,,,Renewable,,false,,,,,,,
,,,,,1dc99911-07c5-459f-a0d9-820c79e7438e,false,,FULL_FLOW_TEST_123456,,,Default,One per quote line,,,,Quantity,,false,,,,,,,,,,false,,,false,,,1.0,false,,,,false,false,false,false,,false,false,false,false,false,false,false,false,,Click,false,false,,false,List,,true,,false,,,,List,,,,,,Renewable,,false,,,,,,,
,,,,,1dc99911-07c5-459f-a0d9-820c79e7438e,false,,FULL_FLOW_TEST_123456,,,Default,One per quote line,,,,Quantity,,false,,,,,,,,,,false,,,false,,,1.0,false,,,,false,false,false,false,,false,false,false,false,false,false,false,false,,Click,false,false,,false,List,,true,,false,,,,List,,,,,,Renewable,,false,,,,,,,
,,,,,1dc99911-07c5-459f-a0d9-820c79e7438e,false,,FULL_FLOW_TEST_123456,,,Default,One per quote line,,,,Quantity,,false,,,,,,,,,,false,,,false,,,1.0,false,,,,false,false,false,false,,false,false,false,false,false,false,false,false,,Click,false,false,,false,List,,true,,false,,,,List,,,,,,Renewable,,false,,,,,,,
,,,,,1dc99911-07c5-459f-a0d9-820c79e7438e,false,,FULL_FLOW_TEST_123456,,,Default,One per quote line,,,,Quantity,,false,,,,,,,,,,false,,,false,,,1.0,false,,,,false,false,false,false,,false,false,false,false,false,false,false,false,,Click,false,false,,false,List,,true,,false,,,,List,,,,,,Renewable,,false,,,,,,,
,,,,,1dc99911-07c5-459f-a0d9-820c79e7438e,false,,FULL_FLOW_TEST_123456,,,Default,One per quote line,,,,Quantity,,false,,,,,,,,,,false,,,false,,,1.0,false,,,,false,false,false,false,,false,false,false,false,false,false,false,false,,Click,false,false,,false,List,,true,,false,,,,List,,,,,,Renewable,,false,,,,,,,
,,,,,1dc99911-07c5-459f-a0d9-820c79e7438e,false,,FULL_FLOW_TEST_123456,,,Default,One per quote line,,,,Quantity,,false,,,,,,,,,,false,,,false,,,1.0,false,,,,false,false,false,false,,false,false,false,false,false,false,false,false,,Click,false,false,,false,List,,true,,false,,,,List,,,,,,Renewable,,false,,,,,,,
,,,,,1dc99911-07c5-459f-a0d9-820c79e7438e,false,,FULL_FLOW_TEST_123456,,,Default,One per quote line,,,,Quantity,,false,,,,,,,,,,false,,,false,,,1.0,false,,,,false,false,false,false,,false,false,false,false,false,false,false,false,,Click,false,false,,false,List,,true,,false,,,,List,,,,,,Renewable,,false,,,,,,,
,,,,,1dc99911-07c5-459f-a0d9-820c79e7438e,false,,FULL_FLOW_TEST_123456,,,Default,One per quote line,,,,Quantity,,false,,,,,,,,,,false,,,false,,,1.0,false,,,,false,false,false,false,,false,false,false,false,false,false,false,false,,Click,false,false,,false,List,,true,,false,,,,List,,,,,,Renewable,,false,,,,,,,
,,,,,1dc99911-07c5-459f-a0d9-820c79e7438e,false,,FULL_FLOW_TEST_123456,,,Default,One per quote line,,,,Quantity,,false,,,,,,,,,,false,,,false,,,1.0,false,,,,false,false,false,false,,false,false,false,false,false,false,false,false,,Click,false,false,,false,List,,true,,false,,,,List,,,,,,Renewable,,false,,,,,,,
,,,,,1dc99911-07c5-459f-a0d9-820c79e7438e,false,,FULL_FLOW_TEST_123456,,,Default,One per quote line,,,,Quantity,,false,,,,,,,,,,false,,,false,,,1.0,false,,,,false,false,false,false,,false,false,false,false,false,false,false,false,,Click,false,false,,false,List,,true,,false,,,,List,,,,,,Renewable,,false,,,,,,,
,,,,,1dc99911-07c5-459f-a0d9-820c79e7438e,false,,FULL_FLOW_TEST_123456,,,Default,One per quote line,,,,Quantity,,false,,,,,,,,,,false,,,false,,,1.0,false,,,,false,false,false,false,,false,false,false,false,false,false,false,false,,Click,false,false,,false,List,,true,,false,,,,List,,,,,,Renewable,,false,,,,,,,
,,,,,1dc99911-07c5-459f-a0d9-820c79e7438e,false,,FULL_FLOW_TEST_123456,,,Default,One per quote line,,,,Quantity,,false,,,,,,,,,,false,,,false,,,1.0,false,,,,false,false,false,false,,false,false,false,false,false,false,false,false,,Click,false,false,,false,List,,true,,false,,,,List,,,,,,Renewable,,false,,,,,,,
,,,,,1dc99911-07c5-459f-a0d9-820c79e7438e,false,,FULL_FLOW_TEST_123456,,,Default,One per quote line,,,,Quantity,,false,,,,,,,,,,false,,,false,,,1.0,false,,,,false,false,false,false,,false,false,false,false,false,false,false,false,,Click,false,false,,false,List,,true,,false,,,,List,,,,,,Renewable,,false,,,,,,,
,,,,,1dc99911-07c5-459f-a0d9-820c79e7438e,false,,FULL_FLOW_TEST_123456,,,Default,One per quote line,,,,Quantity,,false,,,,,,,,,,false,,,false,,,1.0,false,,,,false,false,false,false,,false,false,false,false,false,false,false,false,,Click,false,false,,false,List,,true,,false,,,,List,,,,,,Renewable,,false,,,,,,,
,,,,,1dc99911-07c5-459f-a0d9-820c79e7438e,false,,FULL_FLOW_TEST_123456,,,Default,One per quote line,,,,Quantity,,false,,,,,,,,,,false,,,false,,,1.0,false,,,,false,false,false,false,,false,false,false,false,false,false,false,false,,Click,false,false,,false,List,,true,,false,,,,List,,,,,,Renewable,,false,,,,,,,
,,,,,1dc99911-07c5-459f-a0d9-820c79e7438e,false,,FULL_FLOW_TEST_123456,,,Default,One per quote line,,,,Quantity,,false,,,,,,,,,,false,,,false,,,1.0,false,,,,false,false,false,false,,false,false,false,false,false,false,false,false,,Click,false,false,,false,List,,true,,false,,,,List,,,,,,Renewable,,false,,,,,,,
,,,,,1dc99911-07c5-459f-a0d9-820c79e7438e,false,,FULL_FLOW_TEST_123456,,,Default,One per quote line,,,,Quantity,,false,,,,,,,,,,false,,,false,,,1.0,false,,,,false,false,false,false,,false,false,false,false,false,false,false,false,,Click,false,false,,false,List,,true,,false,,,,List,,,,,,Renewable,,false,,,,,,,
,,,,,1dc99911-07c5-459f-a0d9-820c79e7438e,false,,FULL_FLOW_TEST_123456,,,Default,One per quote line,,,,Quantity,,false,,,,,,,,,,false,,,false,,,1.0,false,,,,false,false,false,false,,false,false,false,false,false,false,false,false,,Click,false,false,,false,List,,true,,false,,,,List,,,,,,Renewable,,false,,,,,,,
,,,,,1dc99911-07c5-459f-a0d9-820c79e7438e,false,,FULL_FLOW_TEST_123456,,,Default,One per quote line,,,,Quantity,,false,,,,,,,,,,false,,,false,,,1.0,false,,,,false,false,false,false,,false,false,false,false,false,false,false,false,,Click,false,false,,false,List,,true,,false,,,,List,,,,,,Renewable,,false,,,,,,,
,,,,,1dc99911-07c5-459f-a0d9-820c79e7438e,false,,FULL_FLOW_TEST_123456,,,Default,One per quote line,,,,Quantity,,false,,,,,,,,,,false,,,false,,,1.0,false,,,,false,false,false,false,,false,false,false,false,false,false,false,false,,Click,false,false,,false,List,,true,,false,,,,List,,,,,,Renewable,,false,,,,,,,
,,,,,1dc99911-07c5-459f-a0d9-820c79e7438e,false,,FULL_FLOW_TEST_123456,,,Default,One per quote line,,,,Quantity,,false,,,,,,,,,,false,,,false,,,1.0,false,,,,false,false,false,false,,false,false,false,false,false,false,false,false,,Click,false,false,,false,List,,true,,false,,,,List,,,,,,Renewable,,false,,,,,,,
,,,,,1dc99911-07c5-459f-a0d9-820c79e7438e,false,,FULL_FLOW_TEST_123456,,,Default,One per quote line,,,,Quantity,,false,,,,,,,,,,false,,,false,,,1.0,false,,,,false,false,false,false,,false,false,false,false,false,false,false,false,,Click,false,false,,false,List,,true,,false,,,,List,,,,,,Renewable,,false,,,,,,,
,,,,,1dc99911-07c5-459f-a0d9-820c79e7438e,false,,FULL_FLOW_TEST_123456,,,Default,One per quote line,,,,Quantity,,false,,,,,,,,,,false,,,false,,,1.0,false,,,,false,false,false,false,,false,false,false,false,false,false,false,false,,Click,false,false,,false,List,,true,,false,,,,List,,,,,,Renewable,,false,,,,,,,
,,,,,1dc99911-07c5-459f-a0d9-820c79e7438e,false,,FULL_FLOW_TEST_123456,,,Default,One per quote line,,,,Quantity,,false,,,,,,,,,,false,,,false,,,1.0,false,,,,false,false,false,false,,false,false,false,false,false,false,false,false,,Click,false,false,,false,List,,true,,false,,,,List,,,,,,Renewable,,false,,,,,,,
,,,,,1dc99911-07c5-459f-a0d9-820c79e7438e,false,,FULL_FLOW_TEST_123456,,,Default,One per quote line,,,,Quantity,,false,,,,,,,,,,false,,,false,,,1.0,false,,,,false,false,false,false,,false,false,false,false,false,false,false,false,,Click,false,false,,false,List,,true,,false,,,,List,,,,,,Renewable,,false,,,,,,,
,,,,,1dc99911-07c5-459f-a0d9-820c79e7438e,false,,FULL_FLOW_TEST_123456,,,Default,One per quote line,,,,Quantity,,false,,,,,,,,,,false,,,false,,,1.0,false,,,,false,false,false,false,,false,false,false,false,false,false,false,false,,Click,false,false,,false,List,,true,,false,,,,List,,,,,,Renewable,,false,,,,,,,
,,,,,1dc99911-07c5-459f-a0d9-820c79e7438e,false,,FULL_FLOW_TEST_123456,,,Default,One per quote line,,,,Quantity,,false,,,,,,,,,,false,,,false,,,1.0,false,,,,false,false,false,false,,false,false,false,false,false,false,false,false,,Click,false,false,,false,List,,true,,false,,,,List,,,,,,Renewable,,false,,,,,,,
,,,,,1dc99911-07c5-459f-a0d9-820c79e7438e,false,,FULL_FLOW_TEST_123456,,,Default,One per quote line,,,,Quantity,,false,,,,,,,,,,false,,,false,,,1.0,false,,,,false,false,false,false,,false,false,false,false,false,false,false,false,,Click,false,false,,false,List,,true,,false,,,,List,,,,,,Renewable,,false,,,,,,,
,,,,,1dc99911-07c5-459f-a0d9-820c79e7438e,false,,FULL_FLOW_TEST_123456,,,Default,One per quote line,,,,Quantity,,false,,,,,,,,,,false,,,false,,,1.0,false,,,,false,false,false,false,,false,false,false,false,false,false,false,false,,Click,false,false,,false,List,,true,,false,,,,List,,,,,,Renewable,,false,,,,,,,
,,,,,1dc99911-07c5-459f-a0d9-820c79e7438e,false,,FULL_FLOW_TEST_123456,,,Default,One per quote line,,,,Quantity,,false,,,,,,,,,,false,,,false,,,1.0,false,,,,false,false,false,false,,false,false,false,false,false,false,false,false,,Click,false,false,,false,List,,true,,false,,,,List,,,,,,Renewable,,false,,,,,,,
,,,,,1dc99911-07c5-459f-a0d9-820c79e7438e,false,,FULL_FLOW_TEST_123456,,,Default,One per quote line,,,,Quantity,,false,,,,,,,,,,false,,,false,,,1.0,false,,,,false,false,false,false,,false,false,false,false,false,false,false,false,,Click,false,false,,false,List,,true,,false,,,,List,,,,,,Renewable,,false,,,,,,,
,,,,,1dc99911-07c5-459f-a0d9-820c79e7438e,false,,FULL_FLOW_TEST_123456,,,Default,One per quote line,,,,Quantity,,false,,,,,,,,,,false,,,false,,,1.0,false,,,,false,false,false,false,,false,false,false,false,false,false,false,false,,Click,false,false,,false,List,,true,,false,,,,List,,,,,,Renewable,,false,,,,,,,
,,,,,1dc99911-07c5-459f-a0d9-820c79e7438e,false,,FULL_FLOW_TEST_123456,,,Default,One per quote line,,,,Quantity,,false,,,,,,,,,,false,,,false,,,1.0,false,,,,false,false,false,false,,false,false,false,false,false,false,false,false,,Click,false,false,,false,List,,true,,false,,,,List,,,,,,Renewable,,false,,,,,,,
,,,,,1dc99911-07c5-459f-a0d9-820c79e7438e,false,,FULL_FLOW_TEST_123456,,,Default,One per quote line,,,,Quantity,,false,,,,,,,,,,false,,,false,,,1.0,false,,,,false,false,false,false,,false,false,false,false,false,false,false,false,,Click,false,false,,false,List,,true,,false,,,,List,,,,,,Renewable,,false,,,,,,,
,,,,,1dc99911-07c5-459f-a0d9-820c79e7438e,false,,FULL_FLOW_TEST_123456,,,Default,One per quote line,,,,Quantity,,false,,,,,,,,,,false,,,false,,,1.0,false,,,,false,false,false,false,,false,false,false,false,false,false,false,false,,Click,false,false,,false,List,,true,,false,,,,List,,,,,,Renewable,,false,,,,,,,
,,,,,1dc99911-07c5-459f-a0d9-820c79e7438e,false,,FULL_FLOW_TEST_123456,,,Default,One per quote line,,,,Quantity,,false,,,,,,,,,,false,,,false,,,1.0,false,,,,false,false,false,false,,false,false,false,false,false,false,false,false,,Click,false,false,,false,List,,true,,false,,,,List,,,,,,Renewable,,false,,,,,,,
,,,,,1dc99911-07c5-459f-a0d9-820c79e7438e,false,,FULL_FLOW_TEST_123456,,,Default,One per quote line,,,,Quantity,,false,,,,,,,,,,false,,,false,,,1.0,false,,,,false,false,false,false,,false,false,false,false,false,false,false,false,,Click,false,false,,false,List,,true,,false,,,,List,,,,,,Renewable,,false,,,,,,,
,,,,,1dc99911-07c5-459f-a0d9-820c79e7438e,false,,FULL_FLOW_TEST_123456,,,Default,One per quote line,,,,Quantity,,false,,,,,,,,,,false,,,false,,,1.0,false,,,,false,false,false,false,,false,false,false,false,false,false,false,false,,Click,false,false,,false,List,,true,,false,,,,List,,,,,,Renewable,,false,,,,,,,
,,,,,1dc99911-07c5-459f-a0d9-820c79e7438e,false,,FULL_FLOW_TEST_123456,,,Default,One per quote line,,,,Quantity,,false,,,,,,,,,,false,,,false,,,1.0,false,,,,false,false,false,false,,false,false,false,false,false,false,false,false,,Click,false,false,,false,List,,true,,false,,,,List,,,,,,Renewable,,false,,,,,,,
,,,,,1fd6600b-041b-47dd-a177-3d1a3c3570ff,false,,NEW RECORD,,,Default,One per quote line,,,,Quantity,,false,,,,,,,,,,false,,,false,,,1.0,false,,,,false,false,false,false,,false,false,false,false,false,false,false,false,,Click,false,false,,false,List,,true,,false,,,,List,,,,,,Renewable,,false,,,,,,,
,,,,,1fd6600b-041b-47dd-a177-3d1a3c3570ff,false,,NEW RECORD,,,Default,One per quote line,,,,Quantity,,false,,,,,,,,,,false,,,false,,,1.0,false,,,,false,false,false,false,,false,false,false,false,false,false,false,false,,Click,false,false,,false,List,,true,,false,,,,List,,,,,,Renewable,,false,,,,,,,
,,,,,1fd6600b-041b-47dd-a177-3d1a3c3570ff,false,,NEW RECORD,,,Default,One per quote line,,,,Quantity,,false,,,,,,,,,,false,,,false,,,1.0,false,,,,false,false,false,false,,false,false,false,false,false,false,false,false,,Click,false,false,,false,List,,true,,false,,,,List,,,,,,Renewable,,false,,,,,,,
,,,,,1fd6600b-041b-47dd-a177-3d1a3c3570ff,false,,NEW RECORD,,,Default,One per quote line,,,,Quantity,,false,,,,,,,,,,false,,,false,,,1.0,false,,,,false,false,false,false,,false,false,false,false,false,false,false,false,,Click,false,false,,false,List,,true,,false,,,,List,,,,,,Renewable,,false,,,,,,,
,,,,,1fd6600b-041b-47dd-a177-3d1a3c3570ff,false,,NEW RECORD,,,Default,One per quote line,,,,Quantity,,false,,,,,,,,,,false,,,false,,,1.0,false,,,,false,false,false,false,,false,false,false,false,false,false,false,false,,Click,false,false,,false,List,,true,,false,,,,List,,,,,,Renewable,,false,,,,,,,
,,,,,1fd6600b-041b-47dd-a177-3d1a3c3570ff,false,,NEW RECORD,,,Default,One per quote line,,,,Quantity,,false,,,,,,,,,,false,,,false,,,1.0,false,,,,false,false,false,false,,false,false,false,false,false,false,false,false,,Click,false,false,,false,List,,true,,false,,,,List,,,,,,Renewable,,false,,,,,,,
,,,,,1fd6600b-041b-47dd-a177-3d1a3c3570ff,false,,NEW RECORD,,,Default,One per quote line,,,,Quantity,,false,,,,,,,,,,false,,,false,,,1.0,false,,,,false,false,false,false,,false,false,false,false,false,false,false,false,,Click,false,false,,false,List,,true,,false,,,,List,,,,,,Renewable,,false,,,,,,,
,,,,,1fd6600b-041b-47dd-a177-3d1a3c3570ff,false,,NEW RECORD,,,Default,One per quote line,,,,Quantity,,false,,,,,,,,,,false,,,false,,,1.0,false,,,,false,false,false,false,,false,false,false,false,false,false,false,false,,Click,false,false,,false,List,,true,,false,,,,List,,,,,,Renewable,,false,,,,,,,
,,,,,1fd6600b-041b-47dd-a177-3d1a3c3570ff,false,,NEW RECORD,,,Default,One per quote line,,,,Quantity,,false,,,,,,,,,,false,,,false,,,1.0,false,,,,false,false,false,false,,false,false,false,false,false,false,false,false,,Click,false,false,,false,List,,true,,false,,,,List,,,,,,Renewable,,false,,,,,,,
,,,,,1fd6600b-041b-47dd-a177-3d1a3c3570ff,false,,NEW RECORD,,,Default,One per quote line,,,,Quantity,,false,,,,,,,,,,false,,,false,,,1.0,false,,,,false,false,false,false,,false,false,false,false,false,false,false,false,,Click,false,false,,false,List,,true,,false,,,,List,,,,,,Renewable,,false,,,,,,,
,,,,,1fd6600b-041b-47dd-a177-3d1a3c3570ff,false,,NEW RECORD,,,Default,One per quote line,,,,Quantity,,false,,,,,,,,,,false,,,false,,,1.0,false,,,,false,false,false,false,,false,false,false,false,false,false,false,false,,Click,false,false,,false,List,,true,,false,,,,List,,,,,,Renewable,,false,,,,,,,
,,,,,1fd6600b-041b-47dd-a177-3d1a3c3570ff,false,,NEW RECORD,,,Default,One per quote line,,,,Quantity,,false,,,,,,,,,,false,,,false,,,1.0,false,,,,false,false,false,false,,false,false,false,false,false,false,false,false,,Click,false,false,,false,List,,true,,false,,,,List,,,,,,Renewable,,false,,,,,,,
,,,,,1fd6600b-041b-47dd-a177-3d1a3c3570ff,false,,NEW RECORD,,,Default,One per quote line,,,,Quantity,,false,,,,,,,,,,false,,,false,,,1.0,false,,,,false,false,false,false,,false,false,false,false,false,false,false,false,,Click,false,false,,false,List,,true,,false,,,,List,,,,,,Renewable,,false,,,,,,,
,,,,,1fd6600b-041b-47dd-a177-3d1a3c3570ff,false,,NEW RECORD,,,Default,One per quote line,,,,Quantity,,false,,,,,,,,,,false,,,false,,,1.0,false,,,,false,false,false,false,,false,false,false,false,false,false,false,false,,Click,false,false,,false,List,,true,,false,,,,List,,,,,,Renewable,,false,,,,,,,
,,,,,1fd6600b-041b-47dd-a177-3d1a3c3570ff,false,,NEW RECORD,,,Default,One per quote line,,,,Quantity,,false,,,,,,,,,,false,,,false,,,1.0,false,,,,false,false,false,false,,false,false,false,false,false,false,false,false,,Click,false,false,,false,List,,true,,false,,,,List,,,,,,Renewable,,false,,,,,,,
,,,,,1fd6600b-041b-47dd-a177-3d1a3c3570ff,false,,NEW RECORD,,,Default,One per quote line,,,,Quantity,,false,,,,,,,,,,false,,,false,,,1.0,false,,,,false,false,false,false,,false,false,false,false,false,false,false,false,,Click,false,false,,false,List,,true,,false,,,,List,,,,,,Renewable,,false,,,,,,,
,,,,,1fd6600b-041b-47dd-a177-3d1a3c3570ff,false,,NEW RECORD,,,Default,One per quote line,,,,Quantity,,false,,,,,,,,,,false,,,false,,,1.0,false,,,,false,false,false,false,,false,false,false,false,false,false,false,false,,Click,false,false,,false,List,,true,,false,,,,List,,,,,,Renewable,,false,,,,,,,
,,,,,1fd6600b-041b-47dd-a177-3d1a3c3570ff,false,,NEW RECORD,,,Default,One per quote line,,,,Quantity,,false,,,,,,,,,,false,,,false,,,1.0,false,,,,false,false,false,false,,false,false,false,false,false,false,false,false,,Click,false,false,,false,List,,true,,false,,,,List,,,,,,Renewable,,false,,,,,,,
,,,,,1fd6600b-041b-47dd-a177-3d1a3c3570ff,false,,NEW RECORD,,,Default,One per quote line,,,,Quantity,,false,,,,,,,,,,false,,,false,,,1.0,false,,,,false,false,false,false,,false,false,false,false,false,false,false,false,,Click,false,false,,false,List,,true,,false,,,,List,,,,,,Renewable,,false,,,,,,,
,,,,,1fd6600b-041b-47dd-a177-3d1a3c3570ff,false,,NEW RECORD,,,Default,One per quote line,,,,Quantity,,false,,,,,,,,,,false,,,false,,,1.0,false,,,,false,false,false,false,,false,false,false,false,false,false,false,false,,Click,false,false,,false,List,,true,,false,,,,List,,,,,,Renewable,,false,,,,,,,
,,,,,1fd6600b-041b-47dd-a177-3d1a3c3570ff,false,,NEW RECORD,,,Default,One per quote line,,,,Quantity,,false,,,,,,,,,,false,,,false,,,1.0,false,,,,false,false,false,false,,false,false,false,false,false,false,false,false,,Click,false,false,,false,List,,true,,false,,,,List,,,,,,Renewable,,false,,,,,,,
,,,,,1fd6600b-041b-47dd-a177-3d1a3c3570ff,false,,NEW RECORD,,,Default,One per quote line,,,,Quantity,,false,,,,,,,,,,false,,,false,,,1.0,false,,,,false,false,false,false,,false,false,false,false,false,false,false,false,,Click,false,false,,false,List,,true,,false,,,,List,,,,,,Renewable,,false,,,,,,,
,,,,,1fd6600b-041b-47dd-a177-3d1a3c3570ff,false,,NEW RECORD,,,Default,One per quote line,,,,Quantity,,false,,,,,,,,,,false,,,false,,,1.0,false,,,,false,false,false,false,,false,false,false,false,false,false,false,false,,Click,false,false,,false,List,,true,,false,,,,List,,,,,,Renewable,,false,,,,,,,
,,,,,1fd6600b-041b-47dd-a177-3d1a3c3570ff,false,,NEW RECORD,,,Default,One per quote line,,,,Quantity,,false,,,,,,,,,,false,,,false,,,1.0,false,,,,false,false,false,false,,false,false,false,false,false,false,false,false,,Click,false,false,,false,List,,true,,false,,,,List,,,,,,Renewable,,false,,,,,,,
,,,,,1fd6600b-041b-47dd-a177-3d1a3c3570ff,false,,NEW RECORD,,,Default,One per quote line,,,,Quantity,,false,,,,,,,,,,false,,,false,,,1.0,false,,,,false,false,false,false,,false,false,false,false,false,false,false,false,,Click,false,false,,false,List,,true,,false,,,,List,,,,,,Renewable,,false,,,,,,,
,,,,,1fd6600b-041b-47dd-a177-3d1a3c3570ff,false,,NEW RECORD,,,Default,One per quote line,,,,Quantity,,false,,,,,,,,,,false,,,false,,,1.0,false,,,,false,false,false,false,,false,false,false,false,false,false,false,false,,Click,false,false,,false,List,,true,,false,,,,List,,,,,,Renewable,,false,,,,,,,
,,,,,1fd6600b-041b-47dd-a177-3d1a3c3570ff,false,,NEW RECORD,,,Default,One per quote line,,,,Quantity,,false,,,,,,,,,,false,,,false,,,1.0,false,,,,false,false,false,false,,false,false,false,false,false,false,false,false,,Click,false,false,,false,List,,true,,false,,,,List,,,,,,Renewable,,false,,,,,,,
,,,,,1fd6600b-041b-47dd-a177-3d1a3c3570ff,false,,NEW RECORD,,,Default,One per quote line,,,,Quantity,,false,,,,,,,,,,false,,,false,,,1.0,false,,,,false,false,false,false,,false,false,false,false,false,false,false,false,,Click,false,false,,false,List,,true,,false,,,,List,,,,,,Renewable,,false,,,,,,,
,,,,,1fd6600b-041b-47dd-a177-3d1a3c3570ff,false,,NEW RECORD,,,Default,One per quote line,,,,Quantity,,false,,,,,,,,,,false,,,false,,,1.0,false,,,,false,false,false,false,,false,false,false,false,false,false,false,false,,Click,false,false,,false,List,,true,,false,,,,List,,,,,,Renewable,,false,,,,,,,
,,,,,1fd6600b-041b-47dd-a177-3d1a3c3570ff,false,,NEW RECORD,,,Default,One per quote line,,,,Quantity,,false,,,,,,,,,,false,,,false,,,1.0,false,,,,false,false,false,false,,false,false,false,false,false,false,false,false,,Click,false,false,,false,List,,true,,false,,,,List,,,,,,Renewable,,false,,,,,,,
,,,,,1fd6600b-041b-47dd-a177-3d1a3c3570ff,false,,NEW RECORD,,,Default,One per quote line,,,,Quantity,,false,,,,,,,,,,false,,,false,,,1.0,false,,,,false,false,false,false,,false,false,false,false,false,false,false,false,,Click,false,false,,false,List,,true,,false,,,,List,,,,,,Renewable,,false,,,,,,,
,,,,,1fd6600b-041b-47dd-a177-3d1a3c3570ff,false,,NEW RECORD,,,Default,One per quote line,,,,Quantity,,false,,,,,,,,,,false,,,false,,,1.0,false,,,,false,false,false,false,,false,false,false,false,false,false,false,false,,Click,false,false,,false,List,,true,,false,,,,List,,,,,,Renewable,,false,,,,,,,
,,,,,1fd6600b-041b-47dd-a177-3d1a3c3570ff,false,,NEW RECORD,,,Default,One per quote line,,,,Quantity,,false,,,,,,,,,,false,,,false,,,1.0,false,,,,false,false,false,false,,false,false,false,false,false,false,false,false,,Click,false,false,,false,List,,true,,false,,,,List,,,,,,Renewable,,false,,,,,,,
,,,,,1fd6600b-041b-47dd-a177-3d1a3c3570ff,false,,NEW RECORD,,,Default,One per quote line,,,,Quantity,,false,,,,,,,,,,false,,,false,,,1.0,false,,,,false,false,false,false,,false,false,false,false,false,false,false,false,,Click,false,false,,false,List,,true,,false,,,,List,,,,,,Renewable,,false,,,,,,,
,,,,,1fd6600b-041b-47dd-a177-3d1a3c3570ff,false,,NEW RECORD,,,Default,One per quote line,,,,Quantity,,false,,,,,,,,,,false,,,false,,,1.0,false,,,,false,false,false,false,,false,false,false,false,false,false,false,false,,Click,false,false,,false,List,,true,,false,,,,List,,,,,,Renewable,,false,,,,,,,
,,,,,1fd6600b-041b-47dd-a177-3d1a3c3570ff,false,,NEW RECORD,,,Default,One per quote line,,,,Quantity,,false,,,,,,,,,,false,,,false,,,1.0,false,,,,false,false,false,false,,false,false,false,false,false,false,false,false,,Click,false,false,,false,List,,true,,false,,,,List,,,,,,Renewable,,false,,,,,,,
,,,,,1fd6600b-041b-47dd-a177-3d1a3c3570ff,false,,NEW RECORD,,,Default,One per quote line,,,,Quantity,,false,,,,,,,,,,false,,,false,,,1.0,false,,,,false,false,false,false,,false,false,false,false,false,false,false,false,,Click,false,false,,false,List,,true,,false,,,,List,,,,,,Renewable,,false,,,,,,,
,,,,,1fd6600b-041b-47dd-a177-3d1a3c3570ff,false,,NEW RECORD,,,Default,One per quote line,,,,Quantity,,false,,,,,,,,,,false,,,false,,,1.0,false,,,,false,false,false,false,,false,false,false,false,false,false,false,false,,Click,false,false,,false,List,,true,,false,,,,List,,,,,,Renewable,,false,,,,,,,
,,,,,1fd6600b-041b-47dd-a177-3d1a3c3570ff,false,,NEW RECORD,,,Default,One per quote line,,,,Quantity,,false,,,,,,,,,,false,,,false,,,1.0,false,,,,false,false,false,false,,false,false,false,false,false,false,false,false,,Click,false,false,,false,List,,true,,false,,,,List,,,,,,Renewable,,false,,,,,,,
,,,,,1fd6600b-041b-47dd-a177-3d1a3c3570ff,false,,NEW RECORD,,,Default,One per quote line,,,,Quantity,,false,,,,,,,,,,false,,,false,,,1.0,false,,,,false,false,false,false,,false,false,false,false,false,false,false,false,,Click,false,false,,false,List,,true,,false,,,,List,,,,,,Renewable,,false,,,,,,,
,,,,,1fd6600b-041b-47dd-a177-3d1a3c3570ff,false,,NEW RECORD,,,Default,One per quote line,,,,Quantity,,false,,,,,,,,,,false,,,false,,,1.0,false,,,,false,false,false,false,,false,false,false,false,false,false,false,false,,Click,false,false,,false,List,,true,,false,,,,List,,,,,,Renewable,,false,,,,,,,
,,,,,1fd6600b-041b-47dd-a177-3d1a3c3570ff,false,,NEW RECORD,,,Default,One per quote line,,,,Quantity,,false,,,,,,,,,,false,,,false,,,1.0,false,,,,false,false,false,false,,false,false,false,false,false,false,false,false,,Click,false,false,,false,List,,true,,false,,,,List,,,,,,Renewable,,false,,,,,,,
,,,,,1fd6600b-041b-47dd-a177-3d1a3c3570ff,false,,NEW RECORD,,,Default,One per quote line,,,,Quantity,,false,,,,,,,,,,false,,,false,,,1.0,false,,,,false,false,false,false,,false,false,false,false,false,false,false,false,,Click,false,false,,false,List,,true,,false,,,,List,,,,,,Renewable,,false,,,,,,,
,,,,,1fd6600b-041b-47dd-a177-3d1a3c3570ff,false,,NEW RECORD,,,Default,One per quote line,,,,Quantity,,false,,,,,,,,,,false,,,false,,,1.0,false,,,,false,false,false,false,,false,false,false,false,false,false,false,false,,Click,false,false,,false,List,,true,,false,,,,List,,,,,,Renewable,,false,,,,,,,
,,,,,1fd6600b-041b-47dd-a177-3d1a3c3570ff,false,,NEW RECORD,,,Default,One per quote line,,,,Quantity,,false,,,,,,,,,,false,,,false,,,1.0,false,,,,false,false,false,false,,false,false,false,false,false,false,false,false,,Click,false,false,,false,List,,true,,false,,,,List,,,,,,Renewable,,false,,,,,,,
,,,,,1fd6600b-041b-47dd-a177-3d1a3c3570ff,false,,NEW RECORD,,,Default,One per quote line,,,,Quantity,,false,,,,,,,,,,false,,,false,,,1.0,false,,,,false,false,false,false,,false,false,false,false,false,false,false,false,,Click,false,false,,false,List,,true,,false,,,,List,,,,,,Renewable,,false,,,,,,,
,,,,,1fd6600b-041b-47dd-a177-3d1a3c3570ff,false,,NEW RECORD,,,Default,One per quote line,,,,Quantity,,false,,,,,,,,,,false,,,false,,,1.0,false,,,,false,false,false,false,,false,false,false,false,false,false,false,false,,Click,false,false,,false,List,,true,,false,,,,List,,,,,,Renewable,,false,,,,,,,
,,,,,1fd6600b-041b-47dd-a177-3d1a3c3570ff,false,,NEW RECORD,,,Default,One per quote line,,,,Quantity,,false,,,,,,,,,,false,,,false,,,1.0,false,,,,false,false,false,false,,false,false,false,false,false,false,false,false,,Click,false,false,,false,List,,true,,false,,,,List,,,,,,Renewable,,false,,,,,,,
,,,,,1fd6600b-041b-47dd-a177-3d1a3c3570ff,false,,NEW RECORD,,,Default,One per quote line,,,,Quantity,,false,,,,,,,,,,false,,,false,,,1.0,false,,,,false,false,false,false,,false,false,false,false,false,false,false,false,,Click,false,false,,false,List,,true,,false,,,,List,,,,,,Renewable,,false,,,,,,,
,,,,,7a6b4d22-596d-40e6-81e5-c84fc62ff319,false,,TEST,,,Default,One per quote line,,,,Quantity,,false,,,,,,,,,,false,,,false,,,1.0,false,,,,false,false,false,false,,false,false,false,false,false,false,false,false,,Click,false,false,,false,List,,true,,false,,,,List,,,,,,Renewable,,false,,,,,,,
,,,,,7a6b4d22-596d-40e6-81e5-c84fc62ff319,false,,TEST,,,Default,One per quote line,,,,Quantity,,false,,,,,,,,,,false,,,false,,,1.0,false,,,,false,false,false,false,,false,false,false,false,false,false,false,false,,Click,false,false,,false,List,,true,,false,,,,List,,,,,,Renewable,,false,,,,,,,
,,,,,7a6b4d22-596d-40e6-81e5-c84fc62ff319,false,,TEST,,,Default,One per quote line,,,,Quantity,,false,,,,,,,,,,false,,,false,,,1.0,false,,,,false,false,false,false,,false,false,false,false,false,false,false,false,,Click,false,false,,false,List,,true,,false,,,,List,,,,,,Renewable,,false,,,,,,,
,,,,,7a6b4d22-596d-40e6-81e5-c84fc62ff319,false,,TEST,,,Default,One per quote line,,,,Quantity,,false,,,,,,,,,,false,,,false,,,1.0,false,,,,false,false,false,false,,false,false,false,false,false,false,false,false,,Click,false,false,,false,List,,true,,false,,,,List,,,,,,Renewable,,false,,,,,,,
,,,,,7a6b4d22-596d-40e6-81e5-c84fc62ff319,false,,TEST,,,Default,One per quote line,,,,Quantity,,false,,,,,,,,,,false,,,false,,,1.0,false,,,,false,false,false,false,,false,false,false,false,false,false,false,false,,Click,false,false,,false,List,,true,,false,,,,List,,,,,,Renewable,,false,,,,,,,
,,,,,7a6b4d22-596d-40e6-81e5-c84fc62ff319,false,,TEST,,,Default,One per quote line,,,,Quantity,,false,,,,,,,,,,false,,,false,,,1.0,false,,,,false,false,false,false,,false,false,false,false,false,false,false,false,,Click,false,false,,false,List,,true,,false,,,,List,,,,,,Renewable,,false,,,,,,,
,,,,,7a6b4d22-596d-40e6-81e5-c84fc62ff319,false,,TEST,,,Default,One per quote line,,,,Quantity,,false,,,,,,,,,,false,,,false,,,1.0,false,,,,false,false,false,false,,false,false,false,false,false,false,false,false,,Click,false,false,,false,List,,true,,false,,,,List,,,,,,Renewable,,false,,,,,,,
,,,,,7a6b4d22-596d-40e6-81e5-c84fc62ff319,false,,TEST,,,Default,One per quote line,,,,Quantity,,false,,,,,,,,,,false,,,false,,,1.0,false,,,,false,false,false,false,,false,false,false,false,false,false,false,false,,Click,false,false,,false,List,,true,,false,,,,List,,,,,,Renewable,,false,,,,,,,
,,,,,7a6b4d22-596d-40e6-81e5-c84fc62ff319,false,,TEST,,,Default,One per quote line,,,,Quantity,,false,,,,,,,,,,false,,,false,,,1.0,false,,,,false,false,false,false,,false,false,false,false,false,false,false,false,,Click,false,false,,false,List,,true,,false,,,,List,,,,,,Renewable,,false,,,,,,,
,,,,,7a6b4d22-596d-40e6-81e5-c84fc62ff319,false,,TEST,,,Default,One per quote line,,,,Quantity,,false,,,,,,,,,,false,,,false,,,1.0,false,,,,false,false,false,false,,false,false,false,false,false,false,false,false,,Click,false,false,,false,List,,true,,false,,,,List,,,,,,Renewable,,false,,,,,,,
,,,,,7a6b4d22-596d-40e6-81e5-c84fc62ff319,false,,TEST,,,Default,One per quote line,,,,Quantity,,false,,,,,,,,,,false,,,false,,,1.0,false,,,,false,false,false,false,,false,false,false,false,false,false,false,false,,Click,false,false,,false,List,,true,,false,,,,List,,,,,,Renewable,,false,,,,,,,
,,,,,7a6b4d22-596d-40e6-81e5-c84fc62ff319,false,,TEST,,,Default,One per quote line,,,,Quantity,,false,,,,,,,,,,false,,,false,,,1.0,false,,,,false,false,false,false,,false,false,false,false,false,false,false,false,,Click,false,false,,false,List,,true,,false,,,,List,,,,,,Renewable,,false,,,,,,,
,,,,,7a6b4d22-596d-40e6-81e5-c84fc62ff319,false,,TEST,,,Default,One per quote line,,,,Quantity,,false,,,,,,,,,,false,,,false,,,1.0,false,,,,false,false,false,false,,false,false,false,false,false,false,false,false,,Click,false,false,,false,List,,true,,false,,,,List,,,,,,Renewable,,false,,,,,,,
,,,,,7a6b4d22-596d-40e6-81e5-c84fc62ff319,false,,TEST,,,Default,One per quote line,,,,Quantity,,false,,,,,,,,,,false,,,false,,,1.0,false,,,,false,false,false,false,,false,false,false,false,false,false,false,false,,Click,false,false,,false,List,,true,,false,,,,List,,,,,,Renewable,,false,,,,,,,
,,,,,7a6b4d22-596d-40e6-81e5-c84fc62ff319,false,,TEST,,,Default,One per quote line,,,,Quantity,,false,,,,,,,,,,false,,,false,,,1.0,false,,,,false,false,false,false,,false,false,false,false,false,false,false,false,,Click,false,false,,false,List,,true,,false,,,,List,,,,,,Renewable,,false,,,,,,,
,,,,,7a6b4d22-596d-40e6-81e5-c84fc62ff319,false,,TEST,,,Default,One per quote line,,,,Quantity,,false,,,,,,,,,,false,,,false,,,1.0,false,,,,false,false,false,false,,false,false,false,false,false,false,false,false,,Click,false,false,,false,List,,true,,false,,,,List,,,,,,Renewable,,false,,,,,,,
,,,,,7a6b4d22-596d-40e6-81e5-c84fc62ff319,false,,TEST,,,Default,One per quote line,,,,Quantity,,false,,,,,,,,,,false,,,false,,,1.0,false,,,,false,false,false,false,,false,false,false,false,false,false,false,false,,Click,false,false,,false,List,,true,,false,,,,List,,,,,,Renewable,,false,,,,,,,
,,,,,7a6b4d22-596d-40e6-81e5-c84fc62ff319,false,,TEST,,,Default,One per quote line,,,,Quantity,,false,,,,,,,,,,false,,,false,,,1.0,false,,,,false,false,false,false,,false,false,false,false,false,false,false,false,,Click,false,false,,false,List,,true,,false,,,,List,,,,,,Renewable,,false,,,,,,,
,,,,,7a6b4d22-596d-40e6-81e5-c84fc62ff319,false,,TEST,,,Default,One per quote line,,,,Quantity,,false,,,,,,,,,,false,,,false,,,1.0,false,,,,false,false,false,false,,false,false,false,false,false,false,false,false,,Click,false,false,,false,List,,true,,false,,,,List,,,,,,Renewable,,false,,,,,,,
,,,,,7a6b4d22-596d-40e6-81e5-c84fc62ff319,false,,TEST,,,Default,One per quote line,,,,Quantity,,false,,,,,,,,,,false,,,false,,,1.0,false,,,,false,false,false,false,,false,false,false,false,false,false,false,false,,Click,false,false,,false,List,,true,,false,,,,List,,,,,,Renewable,,false,,,,,,,
,,,,,7a6b4d22-596d-40e6-81e5-c84fc62ff319,false,,TEST,,,Default,One per quote line,,,,Quantity,,false,,,,,,,,,,false,,,false,,,1.0,false,,,,false,false,false,false,,false,false,false,false,false,false,false,false,,Click,false,false,,false,List,,true,,false,,,,List,,,,,,Renewable,,false,,,,,,,
,,,,,7a6b4d22-596d-40e6-81e5-c84fc62ff319,false,,TEST,,,Default,One per quote line,,,,Quantity,,false,,,,,,,,,,false,,,false,,,1.0,false,,,,false,false,false,false,,false,false,false,false,false,false,false,false,,Click,false,false,,false,List,,true,,false,,,,List,,,,,,Renewable,,false,,,,,,,
,,,,,7a6b4d22-596d-40e6-81e5-c84fc62ff319,false,,TEST,,,Default,One per quote line,,,,Quantity,,false,,,,,,,,,,false,,,false,,,1.0,false,,,,false,false,false,false,,false,false,false,false,false,false,false,false,,Click,false,false,,false,List,,true,,false,,,,List,,,,,,Renewable,,false,,,,,,,
,,,,,7a6b4d22-596d-40e6-81e5-c84fc62ff319,false,,TEST,,,Default,One per quote line,,,,Quantity,,false,,,,,,,,,,false,,,false,,,1.0,false,,,,false,false,false,false,,false,false,false,false,false,false,false,false,,Click,false,false,,false,List,,true,,false,,,,List,,,,,,Renewable,,false,,,,,,,
,,,,,7a6b4d22-596d-40e6-81e5-c84fc62ff319,false,,TEST,,,Default,One per quote line,,,,Quantity,,false,,,,,,,,,,false,,,false,,,1.0,false,,,,false,false,false,false,,false,false,false,false,false,false,false,false,,Click,false,false,,false,List,,true,,false,,,,List,,,,,,Renewable,,false,,,,,,,
,,,,,7a6b4d22-596d-40e6-81e5-c84fc62ff319,false,,TEST,,,Default,One per quote line,,,,Quantity,,false,,,,,,,,,,false,,,false,,,1.0,false,,,,false,false,false,false,,false,false,false,false,false,false,false,false,,Click,false,false,,false,List,,true,,false,,,,List,,,,,,Renewable,,false,,,,,,,
,,,,,7a6b4d22-596d-40e6-81e5-c84fc62ff319,false,,TEST,,,Default,One per quote line,,,,Quantity,,false,,,,,,,,,,false,,,false,,,1.0,false,,,,false,false,false,false,,false,false,false,false,false,false,false,false,,Click,false,false,,false,List,,true,,false,,,,List,,,,,,Renewable,,false,,,,,,,
,,,,,7a6b4d22-596d-40e6-81e5-c84fc62ff319,false,,TEST,,,Default,One per quote line,,,,Quantity,,false,,,,,,,,,,false,,,false,,,1.0,false,,,,false,false,false,false,,false,false,false,false,false,false,false,false,,Click,false,false,,false,List,,true,,false,,,,List,,,,,,Renewable,,false,,,,,,,
,,,,,7a6b4d22-596d-40e6-81e5-c84fc62ff319,false,,TEST,,,Default,One per quote line,,,,Quantity,,false,,,,,,,,,,false,,,false,,,1.0,false,,,,false,false,false,false,,false,false,false,false,false,false,false,false,,Click,false,false,,false,List,,true,,false,,,,List,,,,,,Renewable,,false,,,,,,,
,,,,,7a6b4d22-596d-40e6-81e5-c84fc62ff319,false,,TEST,,,Default,One per quote line,,,,Quantity,,false,,,,,,,,,,false,,,false,,,1.0,false,,,,false,false,false,false,,false,false,false,false,false,false,false,false,,Click,false,false,,false,List,,true,,false,,,,List,,,,,,Renewable,,false,,,,,,,
,,,,,7a6b4d22-596d-40e6-81e5-c84fc62ff319,false,,TEST,,,Default,One per quote line,,,,Quantity,,false,,,,,,,,,,false,,,false,,,1.0,false,,,,false,false,false,false,,false,false,false,false,false,false,false,false,,Click,false,false,,false,List,,true,,false,,,,List,,,,,,Renewable,,false,,,,,,,
,,,,,7a6b4d22-596d-40e6-81e5-c84fc62ff319,false,,TEST,,,Default,One per quote line,,,,Quantity,,false,,,,,,,,,,false,,,false,,,1.0,false,,,,false,false,false,false,,false,false,false,false,false,false,false,false,,Click,false,false,,false,List,,true,,false,,,,List,,,,,,Renewable,,false,,,,,,,
,,,,,7a6b4d22-596d-40e6-81e5-c84fc62ff319,false,,TEST,,,Default,One per quote line,,,,Quantity,,false,,,,,,,,,,false,,,false,,,1.0,false,,,,false,false,false,false,,false,false,false,false,false,false,false,false,,Click,false,false,,false,List,,true,,false,,,,List,,,,,,Renewable,,false,,,,,,,
,,,,,7a6b4d22-596d-40e6-81e5-c84fc62ff319,false,,TEST,,,Default,One per quote line,,,,Quantity,,false,,,,,,,,,,false,,,false,,,1.0,false,,,,false,false,false,false,,false,false,false,false,false,false,false,false,,Click,false,false,,false,List,,true,,false,,,,List,,,,,,Renewable,,false,,,,,,,
,,,,,7a6b4d22-596d-40e6-81e5-c84fc62ff319,false,,TEST,,,Default,One per quote line,,,,Quantity,,false,,,,,,,,,,false,,,false,,,1.0,false,,,,false,false,false,false,,false,false,false,false,false,false,false,false,,Click,false,false,,false,List,,true,,false,,,,List,,,,,,Renewable,,false,,,,,,,
,,,,,7a6b4d22-596d-40e6-81e5-c84fc62ff319,false,,TEST,,,Default,One per quote line,,,,Quantity,,false,,,,,,,,,,false,,,false,,,1.0,false,,,,false,false,false,false,,false,false,false,false,false,false,false,false,,Click,false,false,,false,List,,true,,false,,,,List,,,,,,Renewable,,false,,,,,,,
,,,,,7a6b4d22-596d-40e6-81e5-c84fc62ff319,false,,TEST,,,Default,One per quote line,,,,Quantity,,false,,,,,,,,,,false,,,false,,,1.0,false,,,,false,false,false,false,,false,false,false,false,false,false,false,false,,Click,false,false,,false,List,,true,,false,,,,List,,,,,,Renewable,,false,,,,,,,
,,,,,7a6b4d22-596d-40e6-81e5-c84fc62ff319,false,,TEST,,,Default,One per quote line,,,,Quantity,,false,,,,,,,,,,false,,,false,,,1.0,false,,,,false,false,false,false,,false,false,false,false,false,false,false,false,,Click,false,false,,false,List,,true,,false,,,,List,,,,,,Renewable,,false,,,,,,,
,,,,,7a6b4d22-596d-40e6-81e5-c84fc62ff319,false,,TEST,,,Default,One per quote line,,,,Quantity,,false,,,,,,,,,,false,,,false,,,1.0,false,,,,false,false,false,false,,false,false,false,false,false,false,false,false,,Click,false,false,,false,List,,true,,false,,,,List,,,,,,Renewable,,false,,,,,,,
,,,,,7a6b4d22-596d-40e6-81e5-c84fc62ff319,false,,TEST,,,Default,One per quote line,,,,Quantity,,false,,,,,,,,,,false,,,false,,,1.0,false,,,,false,false,false,false,,false,false,false,false,false,false,false,false,,Click,false,false,,false,List,,true,,false,,,,List,,,,,,Renewable,,false,,,,,,,
,,,,,7a6b4d22-596d-40e6-81e5-c84fc62ff319,false,,TEST,,,Default,One per quote line,,,,Quantity,,false,,,,,,,,,,false,,,false,,,1.0,false,,,,false,false,false,false,,false,false,false,false,false,false,false,false,,Click,false,false,,false,List,,true,,false,,,,List,,,,,,Renewable,,false,,,,,,,
,,,,,7a6b4d22-596d-40e6-81e5-c84fc62ff319,false,,TEST,,,Default,One per quote line,,,,Quantity,,false,,,,,,,,,,false,,,false,,,1.0,false,,,,false,false,false,false,,false,false,false,false,false,false,false,false,,Click,false,false,,false,List,,true,,false,,,,List,,,,,,Renewable,,false,,,,,,,
,,,,,7a6b4d22-596d-40e6-81e5-c84fc62ff319,false,,TEST,,,Default,One per quote line,,,,Quantity,,false,,,,,,,,,,false,,,false,,,1.0,false,,,,false,false,false,false,,false,false,false,false,false,false,false,false,,Click,false,false,,false,List,,true,,false,,,,List,,,,,,Renewable,,false,,,,,,,
,,,,,7a6b4d22-596d-40e6-81e5-c84fc62ff319,false,,TEST,,,Default,One per quote line,,,,Quantity,,false,,,,,,,,,,false,,,false,,,1.0,false,,,,false,false,false,false,,false,false,false,false,false,false,false,false,,Click,false,false,,false,List,,true,,false,,,,List,,,,,,Renewable,,false,,,,,,,
,,,,,7a6b4d22-596d-40e6-81e5-c84fc62ff319,false,,TEST,,,Default,One per quote line,,,,Quantity,,false,,,,,,,,,,false,,,false,,,1.0,false,,,,false,false,false,false,,false,false,false,false,false,false,false,false,,Click,false,false,,false,List,,true,,false,,,,List,,,,,,Renewable,,false,,,,,,,
,,,,,7a6b4d22-596d-40e6-81e5-c84fc62ff319,false,,TEST,,,Default,One per quote line,,,,Quantity,,false,,,,,,,,,,false,,,false,,,1.0,false,,,,false,false,false,false,,false,false,false,false,false,false,false,false,,Click,false,false,,false,List,,true,,false,,,,List,,,,,,Renewable,,false,,,,,,,
,,,,,7a6b4d22-596d-40e6-81e5-c84fc62ff319,false,,TEST,,,Default,One per quote line,,,,Quantity,,false,,,,,,,,,,false,,,false,,,1.0,false,,,,false,false,false,false,,false,false,false,false,false,false,false,false,,Click,false,false,,false,List,,true,,false,,,,List,,,,,,Renewable,,false,,,,,,,
,,,,,7a6b4d22-596d-40e6-81e5-c84fc62ff319,false,,TEST,,,Default,One per quote line,,,,Quantity,,false,,,,,,,,,,false,,,false,,,1.0,false,,,,false,false,false,false,,false,false,false,false,false,false,false,false,,Click,false,false,,false,List,,true,,false,,,,List,,,,,,Renewable,,false,,,,,,,
,,,,,7a6b4d22-596d-40e6-81e5-c84fc62ff319,false,,TEST,,,Default,One per quote line,,,,Quantity,,false,,,,,,,,,,false,,,false,,,1.0,false,,,,false,false,false,false,,false,false,false,false,false,false,false,false,,Click,false,false,,false,List,,true,,false,,,,List,,,,,,Renewable,,false,,,,,,,
,,,,,f9d2e5eb-b532-4886-bf2e-410101772114,false,,FRIDAY,,,Default,One per quote line,,,,Quantity,,false,,,,,,,,,,false,,,false,,,1.0,false,,,,false,false,false,false,,false,false,false,false,false,false,false,false,,Click,false,false,,false,List,,true,,false,,,,List,,,,,,Renewable,,false,,,,,,,
,,,,,f9d2e5eb-b532-4886-bf2e-410101772114,false,,FRIDAY,,,Default,One per quote line,,,,Quantity,,false,,,,,,,,,,false,,,false,,,1.0,false,,,,false,false,false,false,,false,false,false,false,false,false,false,false,,Click,false,false,,false,List,,true,,false,,,,List,,,,,,Renewable,,false,,,,,,,
,,,,,f9d2e5eb-b532-4886-bf2e-410101772114,false,,FRIDAY,,,Default,One per quote line,,,,Quantity,,false,,,,,,,,,,false,,,false,,,1.0,false,,,,false,false,false,false,,false,false,false,false,false,false,false,false,,Click,false,false,,false,List,,true,,false,,,,List,,,,,,Renewable,,false,,,,,,,
,,,,,f9d2e5eb-b532-4886-bf2e-410101772114,false,,FRIDAY,,,Default,One per quote line,,,,Quantity,,false,,,,,,,,,,false,,,false,,,1.0,false,,,,false,false,false,false,,false,false,false,false,false,false,false,false,,Click,false,false,,false,List,,true,,false,,,,List,,,,,,Renewable,,false,,,,,,,
,,,,,f9d2e5eb-b532-4886-bf2e-410101772114,false,,FRIDAY,,,Default,One per quote line,,,,Quantity,,false,,,,,,,,,,false,,,false,,,1.0,false,,,,false,false,false,false,,false,false,false,false,false,false,false,false,,Click,false,false,,false,List,,true,,false,,,,List,,,,,,Renewable,,false,,,,,,,
,,,,,f9d2e5eb-b532-4886-bf2e-410101772114,false,,FRIDAY,,,Default,One per quote line,,,,Quantity,,false,,,,,,,,,,false,,,false,,,1.0,false,,,,false,false,false,false,,false,false,false,false,false,false,false,false,,Click,false,false,,false,List,,true,,false,,,,List,,,,,,Renewable,,false,,,,,,,
,,,,,f9d2e5eb-b532-4886-bf2e-410101772114,false,,FRIDAY,,,Default,One per quote line,,,,Quantity,,false,,,,,,,,,,false,,,false,,,1.0,false,,,,false,false,false,false,,false,false,false,false,false,false,false,false,,Click,false,false,,false,List,,true,,false,,,,List,,,,,,Renewable,,false,,,,,,,
,,,,,f9d2e5eb-b532-4886-bf2e-410101772114,false,,FRIDAY,,,Default,One per quote line,,,,Quantity,,false,,,,,,,,,,false,,,false,,,1.0,false,,,,false,false,false,false,,false,false,false,false,false,false,false,false,,Click,false,false,,false,List,,true,,false,,,,List,,,,,,Renewable,,false,,,,,,,
,,,,,f9d2e5eb-b532-4886-bf2e-410101772114,false,,FRIDAY,,,Default,One per quote line,,,,Quantity,,false,,,,,,,,,,false,,,false,,,1.0,false,,,,false,false,false,false,,false,false,false,false,false,false,false,false,,Click,false,false,,false,List,,true,,false,,,,List,,,,,,Renewable,,false,,,,,,,
,,,,,f9d2e5eb-b532-4886-bf2e-410101772114,false,,FRIDAY,,,Default,One per quote line,,,,Quantity,,false,,,,,,,,,,false,,,false,,,1.0,false,,,,false,false,false,false,,false,false,false,false,false,false,false,false,,Click,false,false,,false,List,,true,,false,,,,List,,,,,,Renewable,,false,,,,,,,
,,,,,f9d2e5eb-b532-4886-bf2e-410101772114,false,,FRIDAY,,,Default,One per quote line,,,,Quantity,,false,,,,,,,,,,false,,,false,,,1.0,false,,,,false,false,false,false,,false,false,false,false,false,false,false,false,,Click,false,false,,false,List,,true,,false,,,,List,,,,,,Renewable,,false,,,,,,,
,,,,,f9d2e5eb-b532-4886-bf2e-410101772114,false,,FRIDAY,,,Default,One per quote line,,,,Quantity,,false,,,,,,,,,,false,,,false,,,1.0,false,,,,false,false,false,false,,false,false,false,false,false,false,false,false,,Click,false,false,,false,List,,true,,false,,,,List,,,,,,Renewable,,false,,,,,,,
,,,,,f9d2e5eb-b532-4886-bf2e-410101772114,false,,FRIDAY,,,Default,One per quote line,,,,Quantity,,false,,,,,,,,,,false,,,false,,,1.0,false,,,,false,false,false,false,,false,false,false,false,false,false,false,false,,Click,false,false,,false,List,,true,,false,,,,List,,,,,,Renewable,,false,,,,,,,
,,,,,f9d2e5eb-b532-4886-bf2e-410101772114,false,,FRIDAY,,,Default,One per quote line,,,,Quantity,,false,,,,,,,,,,false,,,false,,,1.0,false,,,,false,false,false,false,,false,false,false,false,false,false,false,false,,Click,false,false,,false,List,,true,,false,,,,List,,,,,,Renewable,,false,,,,,,,
,,,,,f9d2e5eb-b532-4886-bf2e-410101772114,false,,FRIDAY,,,Default,One per quote line,,,,Quantity,,false,,,,,,,,,,false,,,false,,,1.0,false,,,,false,false,false,false,,false,false,false,false,false,false,false,false,,Click,false,false,,false,List,,true,,false,,,,List,,,,,,Renewable,,false,,,,,,,
,,,,,f9d2e5eb-b532-4886-bf2e-410101772114,false,,FRIDAY,,,Default,One per quote line,,,,Quantity,,false,,,,,,,,,,false,,,false,,,1.0,false,,,,false,false,false,false,,false,false,false,false,false,false,false,false,,Click,false,false,,false,List,,true,,false,,,,List,,,,,,Renewable,,false,,,,,,,
,,,,,f9d2e5eb-b532-4886-bf2e-410101772114,false,,FRIDAY,,,Default,One per quote line,,,,Quantity,,false,,,,,,,,,,false,,,false,,,1.0,false,,,,false,false,false,false,,false,false,false,false,false,false,false,false,,Click,false,false,,false,List,,true,,false,,,,List,,,,,,Renewable,,false,,,,,,,
,,,,,f9d2e5eb-b532-4886-bf2e-410101772114,false,,FRIDAY,,,Default,One per quote line,,,,Quantity,,false,,,,,,,,,,false,,,false,,,1.0,false,,,,false,false,false,false,,false,false,false,false,false,false,false,false,,Click,false,false,,false,List,,true,,false,,,,List,,,,,,Renewable,,false,,,,,,,
,,,,,f9d2e5eb-b532-4886-bf2e-410101772114,false,,FRIDAY,,,Default,One per quote line,,,,Quantity,,false,,,,,,,,,,false,,,false,,,1.0,false,,,,false,false,false,false,,false,false,false,false,false,false,false,false,,Click,false,false,,false,List,,true,,false,,,,List,,,,,,Renewable,,false,,,,,,,
,,,,,f9d2e5eb-b532-4886-bf2e-410101772114,false,,FRIDAY,,,Default,One per quote line,,,,Quantity,,false,,,,,,,,,,false,,,false,,,1.0,false,,,,false,false,false,false,,false,false,false,false,false,false,false,false,,Click,false,false,,false,List,,true,,false,,,,List,,,,,,Renewable,,false,,,,,,,
,,,,,f9d2e5eb-b532-4886-bf2e-410101772114,false,,FRIDAY,,,Default,One per quote line,,,,Quantity,,false,,,,,,,,,,false,,,false,,,1.0,false,,,,false,false,false,false,,false,false,false,false,false,false,false,false,,Click,false,false,,false,List,,true,,false,,,,List,,,,,,Renewable,,false,,,,,,,
,,,,,f9d2e5eb-b532-4886-bf2e-410101772114,false,,FRIDAY,,,Default,One per quote line,,,,Quantity,,false,,,,,,,,,,false,,,false,,,1.0,false,,,,false,false,false,false,,false,false,false,false,false,false,false,false,,Click,false,false,,false,List,,true,,false,,,,List,,,,,,Renewable,,false,,,,,,,
,,,,,f9d2e5eb-b532-4886-bf2e-410101772114,false,,FRIDAY,,,Default,One per quote line,,,,Quantity,,false,,,,,,,,,,false,,,false,,,1.0,false,,,,false,false,false,false,,false,false,false,false,false,false,false,false,,Click,false,false,,false,List,,true,,false,,,,List,,,,,,Renewable,,false,,,,,,,
,,,,,f9d2e5eb-b532-4886-bf2e-410101772114,false,,FRIDAY,,,Default,One per quote line,,,,Quantity,,false,,,,,,,,,,false,,,false,,,1.0,false,,,,false,false,false,false,,false,false,false,false,false,false,false,false,,Click,false,false,,false,List,,true,,false,,,,List,,,,,,Renewable,,false,,,,,,,
,,,,,f9d2e5eb-b532-4886-bf2e-410101772114,false,,FRIDAY,,,Default,One per quote line,,,,Quantity,,false,,,,,,,,,,false,,,false,,,1.0,false,,,,false,false,false,false,,false,false,false,false,false,false,false,false,,Click,false,false,,false,List,,true,,false,,,,List,,,,,,Renewable,,false,,,,,,,
,,,,,f9d2e5eb-b532-4886-bf2e-410101772114,false,,FRIDAY,,,Default,One per quote line,,,,Quantity,,false,,,,,,,,,,false,,,false,,,1.0,false,,,,false,false,false,false,,false,false,false,false,false,false,false,false,,Click,false,false,,false,List,,true,,false,,,,List,,,,,,Renewable,,false,,,,,,,
,,,,,f9d2e5eb-b532-4886-bf2e-410101772114,false,,FRIDAY,,,Default,One per quote line,,,,Quantity,,false,,,,,,,,,,false,,,false,,,1.0,false,,,,false,false,false,false,,false,false,false,false,false,false,false,false,,Click,false,false,,false,List,,true,,false,,,,List,,,,,,Renewable,,false,,,,,,,
,,,,,f9d2e5eb-b532-4886-bf2e-410101772114,false,,FRIDAY,,,Default,One per quote line,,,,Quantity,,false,,,,,,,,,,false,,,false,,,1.0,false,,,,false,false,false,false,,false,false,false,false,false,false,false,false,,Click,false,false,,false,List,,true,,false,,,,List,,,,,,Renewable,,false,,,,,,,
,,,,,f9d2e5eb-b532-4886-bf2e-410101772114,false,,FRIDAY,,,Default,One per quote line,,,,Quantity,,false,,,,,,,,,,false,,,false,,,1.0,false,,,,false,false,false,false,,false,false,false,false,false,false,false,false,,Click,false,false,,false,List,,true,,false,,,,List,,,,,,Renewable,,false,,,,,,,
,,,,,f9d2e5eb-b532-4886-bf2e-410101772114,false,,FRIDAY,,,Default,One per quote line,,,,Quantity,,false,,,,,,,,,,false,,,false,,,1.0,false,,,,false,false,false,false,,false,false,false,false,false,false,false,false,,Click,false,false,,false,List,,true,,false,,,,List,,,,,,Renewable,,false,,,,,,,
,,,,,f9d2e5eb-b532-4886-bf2e-410101772114,false,,FRIDAY,,,Default,One per quote line,,,,Quantity,,false,,,,,,,,,,false,,,false,,,1.0,false,,,,false,false,false,false,,false,false,false,false,false,false,false,false,,Click,false,false,,false,List,,true,,false,,,,List,,,,,,Renewable,,false,,,,,,,
,,,,,f9d2e5eb-b532-4886-bf2e-410101772114,false,,FRIDAY,,,Default,One per quote line,,,,Quantity,,false,,,,,,,,,,false,,,false,,,1.0,false,,,,false,false,false,false,,false,false,false,false,false,false,false,false,,Click,false,false,,false,List,,true,,false,,,,List,,,,,,Renewable,,false,,,,,,,
,,,,,f9d2e5eb-b532-4886-bf2e-410101772114,false,,FRIDAY,,,Default,One per quote line,,,,Quantity,,false,,,,,,,,,,false,,,false,,,1.0,false,,,,false,false,false,false,,false,false,false,false,false,false,false,false,,Click,false,false,,false,List,,true,,false,,,,List,,,,,,Renewable,,false,,,,,,,
,,,,,f9d2e5eb-b532-4886-bf2e-410101772114,false,,FRIDAY,,,Default,One per quote line,,,,Quantity,,false,,,,,,,,,,false,,,false,,,1.0,false,,,,false,false,false,false,,false,false,false,false,false,false,false,false,,Click,false,false,,false,List,,true,,false,,,,List,,,,,,Renewable,,false,,,,,,,
,,,,,f9d2e5eb-b532-4886-bf2e-410101772114,false,,FRIDAY,,,Default,One per quote line,,,,Quantity,,false,,,,,,,,,,false,,,false,,,1.0,false,,,,false,false,false,false,,false,false,false,false,false,false,false,false,,Click,false,false,,false,List,,true,,false,,,,List,,,,,,Renewable,,false,,,,,,,
,,,,,f9d2e5eb-b532-4886-bf2e-410101772114,false,,FRIDAY,,,Default,One per quote line,,,,Quantity,,false,,,,,,,,,,false,,,false,,,1.0,false,,,,false,false,false,false,,false,false,false,false,false,false,false,false,,Click,false,false,,false,List,,true,,false,,,,List,,,,,,Renewable,,false,,,,,,,
,,,,,f9d2e5eb-b532-4886-bf2e-410101772114,false,,FRIDAY,,,Default,One per quote line,,,,Quantity,,false,,,,,,,,,,false,,,false,,,1.0,false,,,,false,false,false,false,,false,false,false,false,false,false,false,false,,Click,false,false,,false,List,,true,,false,,,,List,,,,,,Renewable,,false,,,,,,,
,,,,,f9d2e5eb-b532-4886-bf2e-410101772114,false,,FRIDAY,,,Default,One per quote line,,,,Quantity,,false,,,,,,,,,,false,,,false,,,1.0,false,,,,false,false,false,false,,false,false,false,false,false,false,false,false,,Click,false,false,,false,List,,true,,false,,,,List,,,,,,Renewable,,false,,,,,,,
,,,,,f9d2e5eb-b532-4886-bf2e-410101772114,false,,FRIDAY,,,Default,One per quote line,,,,Quantity,,false,,,,,,,,,,false,,,false,,,1.0,false,,,,false,false,false,false,,false,false,false,false,false,false,false,false,,Click,false,false,,false,List,,true,,false,,,,List,,,,,,Renewable,,false,,,,,,,
,,,,,f9d2e5eb-b532-4886-bf2e-410101772114,false,,FRIDAY,,,Default,One per quote line,,,,Quantity,,false,,,,,,,,,,false,,,false,,,1.0,false,,,,false,false,false,false,,false,false,false,false,false,false,false,false,,Click,false,false,,false,List,,true,,false,,,,List,,,,,,Renewable,,false,,,,,,,
,,,,,f9d2e5eb-b532-4886-bf2e-410101772114,false,,FRIDAY,,,Default,One per quote line,,,,Quantity,,false,,,,,,,,,,false,,,false,,,1.0,false,,,,false,false,false,false,,false,false,false,false,false,false,false,false,,Click,false,false,,false,List,,true,,false,,,,List,,,,,,Renewable,,false,,,,,,,
,,,,,f9d2e5eb-b532-4886-bf2e-410101772114,false,,FRIDAY,,,Default,One per quote line,,,,Quantity,,false,,,,,,,,,,false,,,false,,,1.0,false,,,,false,false,false,false,,false,false,false,false,false,false,false,false,,Click,false,false,,false,List,,true,,false,,,,List,,,,,,Renewable,,false,,,,,,,
,,,,,f9d2e5eb-b532-4886-bf2e-410101772114,false,,FRIDAY,,,Default,One per quote line,,,,Quantity,,false,,,,,,,,,,false,,,false,,,1.0,false,,,,false,false,false,false,,false,false,false,false,false,false,false,false,,Click,false,false,,false,List,,true,,false,,,,List,,,,,,Renewable,,false,,,,,,,
,,,,,f9d2e5eb-b532-4886-bf2e-410101772114,false,,FRIDAY,,,Default,One per quote line,,,,Quantity,,false,,,,,,,,,,false,,,false,,,1.0,false,,,,false,false,false,false,,false,false,false,false,false,false,false,false,,Click,false,false,,false,List,,true,,false,,,,List,,,,,,Renewable,,false,,,,,,,
,,,,,f9d2e5eb-b532-4886-bf2e-410101772114,false,,FRIDAY,,,Default,One per quote line,,,,Quantity,,false,,,,,,,,,,false,,,false,,,1.0,false,,,,false,false,false,false,,false,false,false,false,false,false,false,false,,Click,false,false,,false,List,,true,,false,,,,List,,,,,,Renewable,,false,,,,,,,
,,,,,f9d2e5eb-b532-4886-bf2e-410101772114,false,,FRIDAY,,,Default,One per quote line,,,,Quantity,,false,,,,,,,,,,false,,,false,,,1.0,false,,,,false,false,false,false,,false,false,false,false,false,false,false,false,,Click,false,false,,false,List,,true,,false,,,,List,,,,,,Renewable,,false,,,,,,,
,,,,,f9d2e5eb-b532-4886-bf2e-410101772114,false,,FRIDAY,,,Default,One per quote line,,,,Quantity,,false,,,,,,,,,,false,,,false,,,1.0,false,,,,false,false,false,false,,false,false,false,false,false,false,false,false,,Click,false,false,,false,List,,true,,false,,,,List,,,,,,Renewable,,false,,,,,,,
,,,,,f9d2e5eb-b532-4886-bf2e-410101772114,false,,FRIDAY,,,Default,One per quote line,,,,Quantity,,false,,,,,,,,,,false,,,false,,,1.0,false,,,,false,false,false,false,,false,false,false,false,false,false,false,false,,Click,false,false,,false,List,,true,,false,,,,List,,,,,,Renewable,,false,,,,,,,
,,,,,f9d2e5eb-b532-4886-bf2e-410101772114,false,,FRIDAY,,,Default,One per quote line,,,,Quantity,,false,,,,,,,,,,false,,,false,,,1.0,false,,,,false,false,false,false,,false,false,false,false,false,false,false,false,,Click,false,false,,false,List,,true,,false,,,,List,,,,,,Renewable,,false,,,,,,,
,,,,,e3d08fd5-1040-4683-85f5-05f1ce2dd32f,false,,myProduct,,,Default,One per quote line,,,,Quantity,,false,,,,,,,,,,false,,,false,,,1.0,false,,,,false,false,false,false,,false,false,false,false,false,false,false,false,,Click,false,false,,false,List,,true,,false,,,,List,,,,,,Renewable,,false,,,,,,,
,,,,,e3d08fd5-1040-4683-85f5-05f1ce2dd32f,false,,myProduct,,,Default,One per quote line,,,,Quantity,,false,,,,,,,,,,false,,,false,,,1.0,false,,,,false,false,false,false,,false,false,false,false,false,false,false,false,,Click,false,false,,false,List,,true,,false,,,,List,,,,,,Renewable,,false,,,,,,,
,,,,,e3d08fd5-1040-4683-85f5-05f1ce2dd32f,false,,myProduct,,,Default,One per quote line,,,,Quantity,,false,,,,,,,,,,false,,,false,,,1.0,false,,,,false,false,false,false,,false,false,false,false,false,false,false,false,,Click,false,false,,false,List,,true,,false,,,,List,,,,,,Renewable,,false,,,,,,,
,,,,,e3d08fd5-1040-4683-85f5-05f1ce2dd32f,false,,myProduct,,,Default,One per quote line,,,,Quantity,,false,,,,,,,,,,false,,,false,,,1.0,false,,,,false,false,false,false,,false,false,false,false,false,false,false,false,,Click,false,false,,false,List,,true,,false,,,,List,,,,,,Renewable,,false,,,,,,,
,,,,,e3d08fd5-1040-4683-85f5-05f1ce2dd32f,false,,myProduct,,,Default,One per quote line,,,,Quantity,,false,,,,,,,,,,false,,,false,,,1.0,false,,,,false,false,false,false,,false,false,false,false,false,false,false,false,,Click,false,false,,false,List,,true,,false,,,,List,,,,,,Renewable,,false,,,,,,,
,,,,,e3d08fd5-1040-4683-85f5-05f1ce2dd32f,false,,myProduct,,,Default,One per quote line,,,,Quantity,,false,,,,,,,,,,false,,,false,,,1.0,false,,,,false,false,false,false,,false,false,false,false,false,false,false,false,,Click,false,false,,false,List,,true,,false,,,,List,,,,,,Renewable,,false,,,,,,,
,,,,,e3d08fd5-1040-4683-85f5-05f1ce2dd32f,false,,myProduct,,,Default,One per quote line,,,,Quantity,,false,,,,,,,,,,false,,,false,,,1.0,false,,,,false,false,false,false,,false,false,false,false,false,false,false,false,,Click,false,false,,false,List,,true,,false,,,,List,,,,,,Renewable,,false,,,,,,,
,,,,,e3d08fd5-1040-4683-85f5-05f1ce2dd32f,false,,myProduct,,,Default,One per quote line,,,,Quantity,,false,,,,,,,,,,false,,,false,,,1.0,false,,,,false,false,false,false,,false,false,false,false,false,false,false,false,,Click,false,false,,false,List,,true,,false,,,,List,,,,,,Renewable,,false,,,,,,,
,,,,,e3d08fd5-1040-4683-85f5-05f1ce2dd32f,false,,myProduct,,,Default,One per quote line,,,,Quantity,,false,,,,,,,,,,false,,,false,,,1.0,false,,,,false,false,false,false,,false,false,false,false,false,false,false,false,,Click,false,false,,false,List,,true,,false,,,,List,,,,,,Renewable,,false,,,,,,,
,,,,,e3d08fd5-1040-4683-85f5-05f1ce2dd32f,false,,myProduct,,,Default,One per quote line,,,,Quantity,,false,,,,,,,,,,false,,,false,,,1.0,false,,,,false,false,false,false,,false,false,false,false,false,false,false,false,,Click,false,false,,false,List,,true,,false,,,,List,,,,,,Renewable,,false,,,,,,,
,,,,,e3d08fd5-1040-4683-85f5-05f1ce2dd32f,false,,myProduct,,,Default,One per quote line,,,,Quantity,,false,,,,,,,,,,false,,,false,,,1.0,false,,,,false,false,false,false,,false,false,false,false,false,false,false,false,,Click,false,false,,false,List,,true,,false,,,,List,,,,,,Renewable,,false,,,,,,,
,,,,,e3d08fd5-1040-4683-85f5-05f1ce2dd32f,false,,myProduct,,,Default,One per quote line,,,,Quantity,,false,,,,,,,,,,false,,,false,,,1.0,false,,,,false,false,false,false,,false,false,false,false,false,false,false,false,,Click,false,false,,false,List,,true,,false,,,,List,,,,,,Renewable,,false,,,,,,,
,,,,,e3d08fd5-1040-4683-85f5-05f1ce2dd32f,false,,myProduct,,,Default,One per quote line,,,,Quantity,,false,,,,,,,,,,false,,,false,,,1.0,false,,,,false,false,false,false,,false,false,false,false,false,false,false,false,,Click,false,false,,false,List,,true,,false,,,,List,,,,,,Renewable,,false,,,,,,,
,,,,,e3d08fd5-1040-4683-85f5-05f1ce2dd32f,false,,myProduct,,,Default,One per quote line,,,,Quantity,,false,,,,,,,,,,false,,,false,,,1.0,false,,,,false,false,false,false,,false,false,false,false,false,false,false,false,,Click,false,false,,false,List,,true,,false,,,,List,,,,,,Renewable,,false,,,,,,,
,,,,,e3d08fd5-1040-4683-85f5-05f1ce2dd32f,false,,myProduct,,,Default,One per quote line,,,,Quantity,,false,,,,,,,,,,false,,,false,,,1.0,false,,,,false,false,false,false,,false,false,false,false,false,false,false,false,,Click,false,false,,false,List,,true,,false,,,,List,,,,,,Renewable,,false,,,,,,,
,,,,,e3d08fd5-1040-4683-85f5-05f1ce2dd32f,false,,myProduct,,,Default,One per quote line,,,,Quantity,,false,,,,,,,,,,false,,,false,,,1.0,false,,,,false,false,false,false,,false,false,false,false,false,false,false,false,,Click,false,false,,false,List,,true,,false,,,,List,,,,,,Renewable,,false,,,,,,,
,,,,,e3d08fd5-1040-4683-85f5-05f1ce2dd32f,false,,myProduct,,,Default,One per quote line,,,,Quantity,,false,,,,,,,,,,false,,,false,,,1.0,false,,,,false,false,false,false,,false,false,false,false,false,false,false,false,,Click,false,false,,false,List,,true,,false,,,,List,,,,,,Renewable,,false,,,,,,,
,,,,,e3d08fd5-1040-4683-85f5-05f1ce2dd32f,false,,myProduct,,,Default,One per quote line,,,,Quantity,,false,,,,,,,,,,false,,,false,,,1.0,false,,,,false,false,false,false,,false,false,false,false,false,false,false,false,,Click,false,false,,false,List,,true,,false,,,,List,,,,,,Renewable,,false,,,,,,,
,,,,,e3d08fd5-1040-4683-85f5-05f1ce2dd32f,false,,myProduct,,,Default,One per quote line,,,,Quantity,,false,,,,,,,,,,false,,,false,,,1.0,false,,,,false,false,false,false,,false,false,false,false,false,false,false,false,,Click,false,false,,false,List,,true,,false,,,,List,,,,,,Renewable,,false,,,,,,,
,,,,,e3d08fd5-1040-4683-85f5-05f1ce2dd32f,false,,myProduct,,,Default,One per quote line,,,,Quantity,,false,,,,,,,,,,false,,,false,,,1.0,false,,,,false,false,false,false,,false,false,false,false,false,false,false,false,,Click,false,false,,false,List,,true,,false,,,,List,,,,,,Renewable,,false,,,,,,,
,,,,,e3d08fd5-1040-4683-85f5-05f1ce2dd32f,false,,myProduct,,,Default,One per quote line,,,,Quantity,,false,,,,,,,,,,false,,,false,,,1.0,false,,,,false,false,false,false,,false,false,false,false,false,false,false,false,,Click,false,false,,false,List,,true,,false,,,,List,,,,,,Renewable,,false,,,,,,,
,,,,,e3d08fd5-1040-4683-85f5-05f1ce2dd32f,false,,myProduct,,,Default,One per quote line,,,,Quantity,,false,,,,,,,,,,false,,,false,,,1.0,false,,,,false,false,false,false,,false,false,false,false,false,false,false,false,,Click,false,false,,false,List,,true,,false,,,,List,,,,,,Renewable,,false,,,,,,,
,,,,,e3d08fd5-1040-4683-85f5-05f1ce2dd32f,false,,myProduct,,,Default,One per quote line,,,,Quantity,,false,,,,,,,,,,false,,,false,,,1.0,false,,,,false,false,false,false,,false,false,false,false,false,false,false,false,,Click,false,false,,false,List,,true,,false,,,,List,,,,,,Renewable,,false,,,,,,,
,,,,,e3d08fd5-1040-4683-85f5-05f1ce2dd32f,false,,myProduct,,,Default,One per quote line,,,,Quantity,,false,,,,,,,,,,false,,,false,,,1.0,false,,,,false,false,false,false,,false,false,false,false,false,false,false,false,,Click,false,false,,false,List,,true,,false,,,,List,,,,,,Renewable,,false,,,,,,,
,,,,,e3d08fd5-1040-4683-85f5-05f1ce2dd32f,false,,myProduct,,,Default,One per quote line,,,,Quantity,,false,,,,,,,,,,false,,,false,,,1.0,false,,,,false,false,false,false,,false,false,false,false,false,false,false,false,,Click,false,false,,false,List,,true,,false,,,,List,,,,,,Renewable,,false,,,,,,,
,,,,,e3d08fd5-1040-4683-85f5-05f1ce2dd32f,false,,myProduct,,,Default,One per quote line,,,,Quantity,,false,,,,,,,,,,false,,,false,,,1.0,false,,,,false,false,false,false,,false,false,false,false,false,false,false,false,,Click,false,false,,false,List,,true,,false,,,,List,,,,,,Renewable,,false,,,,,,,
,,,,,e3d08fd5-1040-4683-85f5-05f1ce2dd32f,false,,myProduct,,,Default,One per quote line,,,,Quantity,,false,,,,,,,,,,false,,,false,,,1.0,false,,,,false,false,false,false,,false,false,false,false,false,false,false,false,,Click,false,false,,false,List,,true,,false,,,,List,,,,,,Renewable,,false,,,,,,,
,,,,,e3d08fd5-1040-4683-85f5-05f1ce2dd32f,false,,myProduct,,,Default,One per quote line,,,,Quantity,,false,,,,,,,,,,false,,,false,,,1.0,false,,,,false,false,false,false,,false,false,false,false,false,false,false,false,,Click,false,false,,false,List,,true,,false,,,,List,,,,,,Renewable,,false,,,,,,,
,,,,,e3d08fd5-1040-4683-85f5-05f1ce2dd32f,false,,myProduct,,,Default,One per quote line,,,,Quantity,,false,,,,,,,,,,false,,,false,,,1.0,false,,,,false,false,false,false,,false,false,false,false,false,false,false,false,,Click,false,false,,false,List,,true,,false,,,,List,,,,,,Renewable,,false,,,,,,,
,,,,,e3d08fd5-1040-4683-85f5-05f1ce2dd32f,false,,myProduct,,,Default,One per quote line,,,,Quantity,,false,,,,,,,,,,false,,,false,,,1.0,false,,,,false,false,false,false,,false,false,false,false,false,false,false,false,,Click,false,false,,false,List,,true,,false,,,,List,,,,,,Renewable,,false,,,,,,,
,,,,,e3d08fd5-1040-4683-85f5-05f1ce2dd32f,false,,myProduct,,,Default,One per quote line,,,,Quantity,,false,,,,,,,,,,false,,,false,,,1.0,false,,,,false,false,false,false,,false,false,false,false,false,false,false,false,,Click,false,false,,false,List,,true,,false,,,,List,,,,,,Renewable,,false,,,,,,,
,,,,,e3d08fd5-1040-4683-85f5-05f1ce2dd32f,false,,myProduct,,,Default,One per quote line,,,,Quantity,,false,,,,,,,,,,false,,,false,,,1.0,false,,,,false,false,false,false,,false,false,false,false,false,false,false,false,,Click,false,false,,false,List,,true,,false,,,,List,,,,,,Renewable,,false,,,,,,,
,,,,,e3d08fd5-1040-4683-85f5-05f1ce2dd32f,false,,myProduct,,,Default,One per quote line,,,,Quantity,,false,,,,,,,,,,false,,,false,,,1.0,false,,,,false,false,false,false,,false,false,false,false,false,false,false,false,,Click,false,false,,false,List,,true,,false,,,,List,,,,,,Renewable,,false,,,,,,,
,,,,,e3d08fd5-1040-4683-85f5-05f1ce2dd32f,false,,myProduct,,,Default,One per quote line,,,,Quantity,,false,,,,,,,,,,false,,,false,,,1.0,false,,,,false,false,false,false,,false,false,false,false,false,false,false,false,,Click,false,false,,false,List,,true,,false,,,,List,,,,,,Renewable,,false,,,,,,,
,,,,,e3d08fd5-1040-4683-85f5-05f1ce2dd32f,false,,myProduct,,,Default,One per quote line,,,,Quantity,,false,,,,,,,,,,false,,,false,,,1.0,false,,,,false,false,false,false,,false,false,false,false,false,false,false,false,,Click,false,false,,false,List,,true,,false,,,,List,,,,,,Renewable,,false,,,,,,,
,,,,,e3d08fd5-1040-4683-85f5-05f1ce2dd32f,false,,myProduct,,,Default,One per quote line,,,,Quantity,,false,,,,,,,,,,false,,,false,,,1.0,false,,,,false,false,false,false,,false,false,false,false,false,false,false,false,,Click,false,false,,false,List,,true,,false,,,,List,,,,,,Renewable,,false,,,,,,,
,,,,,e3d08fd5-1040-4683-85f5-05f1ce2dd32f,false,,myProduct,,,Default,One per quote line,,,,Quantity,,false,,,,,,,,,,false,,,false,,,1.0,false,,,,false,false,false,false,,false,false,false,false,false,false,false,false,,Click,false,false,,false,List,,true,,false,,,,List,,,,,,Renewable,,false,,,,,,,
,,,,,e3d08fd5-1040-4683-85f5-05f1ce2dd32f,false,,myProduct,,,Default,One per quote line,,,,Quantity,,false,,,,,,,,,,false,,,false,,,1.0,false,,,,false,false,false,false,,false,false,false,false,false,false,false,false,,Click,false,false,,false,List,,true,,false,,,,List,,,,,,Renewable,,false,,,,,,,
,,,,,e3d08fd5-1040-4683-85f5-05f1ce2dd32f,false,,myProduct,,,Default,One per quote line,,,,Quantity,,false,,,,,,,,,,false,,,false,,,1.0,false,,,,false,false,false,false,,false,false,false,false,false,false,false,false,,Click,false,false,,false,List,,true,,false,,,,List,,,,,,Renewable,,false,,,,,,,
,,,,,e3d08fd5-1040-4683-85f5-05f1ce2dd32f,false,,myProduct,,,Default,One per quote line,,,,Quantity,,false,,,,,,,,,,false,,,false,,,1.0,false,,,,false,false,false,false,,false,false,false,false,false,false,false,false,,Click,false,false,,false,List,,true,,false,,,,List,,,,,,Renewable,,false,,,,,,,
,,,,,e3d08fd5-1040-4683-85f5-05f1ce2dd32f,false,,myProduct,,,Default,One per quote line,,,,Quantity,,false,,,,,,,,,,false,,,false,,,1.0,false,,,,false,false,false,false,,false,false,false,false,false,false,false,false,,Click,false,false,,false,List,,true,,false,,,,List,,,,,,Renewable,,false,,,,,,,
,,,,,e3d08fd5-1040-4683-85f5-05f1ce2dd32f,false,,myProduct,,,Default,One per quote line,,,,Quantity,,false,,,,,,,,,,false,,,false,,,1.0,false,,,,false,false,false,false,,false,false,false,false,false,false,false,false,,Click,false,false,,false,List,,true,,false,,,,List,,,,,,Renewable,,false,,,,,,,
,,,,,e3d08fd5-1040-4683-85f5-05f1ce2dd32f,false,,myProduct,,,Default,One per quote line,,,,Quantity,,false,,,,,,,,,,false,,,false,,,1.0,false,,,,false,false,false,false,,false,false,false,false,false,false,false,false,,Click,false,false,,false,List,,true,,false,,,,List,,,,,,Renewable,,false,,,,,,,
,,,,,e3d08fd5-1040-4683-85f5-05f1ce2dd32f,false,,myProduct,,,Default,One per quote line,,,,Quantity,,false,,,,,,,,,,false,,,false,,,1.0,false,,,,false,false,false,false,,false,false,false,false,false,false,false,false,,Click,false,false,,false,List,,true,,false,,,,List,,,,,,Renewable,,false,,,,,,,
,,,,,e3d08fd5-1040-4683-85f5-05f1ce2dd32f,false,,myProduct,,,Default,One per quote line,,,,Quantity,,false,,,,,,,,,,false,,,false,,,1.0,false,,,,false,false,false,false,,false,false,false,false,false,false,false,false,,Click,false,false,,false,List,,true,,false,,,,List,,,,,,Renewable,,false,,,,,,,
,,,,,e3d08fd5-1040-4683-85f5-05f1ce2dd32f,false,,myProduct,,,Default,One per quote line,,,,Quantity,,false,,,,,,,,,,false,,,false,,,1.0,false,,,,false,false,false,false,,false,false,false,false,false,false,false,false,,Click,false,false,,false,List,,true,,false,,,,List,,,,,,Renewable,,false,,,,,,,
,,,,,e3d08fd5-1040-4683-85f5-05f1ce2dd32f,false,,myProduct,,,Default,One per quote line,,,,Quantity,,false,,,,,,,,,,false,,,false,,,1.0,false,,,,false,false,false,false,,false,false,false,false,false,false,false,false,,Click,false,false,,false,List,,true,,false,,,,List,,,,,,Renewable,,false,,,,,,,
,,,,,e3d08fd5-1040-4683-85f5-05f1ce2dd32f,false,,myProduct,,,Default,One per quote line,,,,Quantity,,false,,,,,,,,,,false,,,false,,,1.0,false,,,,false,false,false,false,,false,false,false,false,false,false,false,false,,Click,false,false,,false,List,,true,,false,,,,List,,,,,,Renewable,,false,,,,,,,
,,,,,e3d08fd5-1040-4683-85f5-05f1ce2dd32f,false,,myProduct,,,Default,One per quote line,,,,Quantity,,false,,,,,,,,,,false,,,false,,,1.0,false,,,,false,false,false,false,,false,false,false,false,false,false,false,false,,Click,false,false,,false,List,,true,,false,,,,List,,,,,,Renewable,,false,,,,,,,
,,,,,2b5cf0a1-c33b-4754-8f01-4bf64d7fe295,false,,test,,,Default,One per quote line,,,,Quantity,,false,,,,,,,,,,false,,,false,,,1.0,false,,,,false,false,false,false,,false,false,false,false,false,false,false,false,,Click,false,false,,false,List,,true,,false,,,,List,,,,,,Renewable,,false,,,,,,,
,,,,,2b5cf0a1-c33b-4754-8f01-4bf64d7fe295,false,,test,,,Default,One per quote line,,,,Quantity,,false,,,,,,,,,,false,,,false,,,1.0,false,,,,false,false,false,false,,false,false,false,false,false,false,false,false,,Click,false,false,,false,List,,true,,false,,,,List,,,,,,Renewable,,false,,,,,,,
,,,,,2b5cf0a1-c33b-4754-8f01-4bf64d7fe295,false,,test,,,Default,One per quote line,,,,Quantity,,false,,,,,,,,,,false,,,false,,,1.0,false,,,,false,false,false,false,,false,false,false,false,false,false,false,false,,Click,false,false,,false,List,,true,,false,,,,List,,,,,,Renewable,,false,,,,,,,
,,,,,2b5cf0a1-c33b-4754-8f01-4bf64d7fe295,false,,test,,,Default,One per quote line,,,,Quantity,,false,,,,,,,,,,false,,,false,,,1.0,false,,,,false,false,false,false,,false,false,false,false,false,false,false,false,,Click,false,false,,false,List,,true,,false,,,,List,,,,,,Renewable,,false,,,,,,,
,,,,,2b5cf0a1-c33b-4754-8f01-4bf64d7fe295,false,,test,,,Default,One per quote line,,,,Quantity,,false,,,,,,,,,,false,,,false,,,1.0,false,,,,false,false,false,false,,false,false,false,false,false,false,false,false,,Click,false,false,,false,List,,true,,false,,,,List,,,,,,Renewable,,false,,,,,,,
,,,,,2b5cf0a1-c33b-4754-8f01-4bf64d7fe295,false,,test,,,Default,One per quote line,,,,Quantity,,false,,,,,,,,,,false,,,false,,,1.0,false,,,,false,false,false,false,,false,false,false,false,false,false,false,false,,Click,false,false,,false,List,,true,,false,,,,List,,,,,,Renewable,,false,,,,,,,
,,,,,2b5cf0a1-c33b-4754-8f01-4bf64d7fe295,false,,test,,,Default,One per quote line,,,,Quantity,,false,,,,,,,,,,false,,,false,,,1.0,false,,,,false,false,false,false,,false,false,false,false,false,false,false,false,,Click,false,false,,false,List,,true,,false,,,,List,,,,,,Renewable,,false,,,,,,,
,,,,,2b5cf0a1-c33b-4754-8f01-4bf64d7fe295,false,,test,,,Default,One per quote line,,,,Quantity,,false,,,,,,,,,,false,,,false,,,1.0,false,,,,false,false,false,false,,false,false,false,false,false,false,false,false,,Click,false,false,,false,List,,true,,false,,,,List,,,,,,Renewable,,false,,,,,,,
,,,,,2b5cf0a1-c33b-4754-8f01-4bf64d7fe295,false,,test,,,Default,One per quote line,,,,Quantity,,false,,,,,,,,,,false,,,false,,,1.0,false,,,,false,false,false,false,,false,false,false,false,false,false,false,false,,Click,false,false,,false,List,,true,,false,,,,List,,,,,,Renewable,,false,,,,,,,
,,,,,2b5cf0a1-c33b-4754-8f01-4bf64d7fe295,false,,test,,,Default,One per quote line,,,,Quantity,,false,,,,,,,,,,false,,,false,,,1.0,false,,,,false,false,false,false,,false,false,false,false,false,false,false,false,,Click,false,false,,false,List,,true,,false,,,,List,,,,,,Renewable,,false,,,,,,,
,,,,,2b5cf0a1-c33b-4754-8f01-4bf64d7fe295,false,,test,,,Default,One per quote line,,,,Quantity,,false,,,,,,,,,,false,,,false,,,1.0,false,,,,false,false,false,false,,false,false,false,false,false,false,false,false,,Click,false,false,,false,List,,true,,false,,,,List,,,,,,Renewable,,false,,,,,,,
,,,,,2b5cf0a1-c33b-4754-8f01-4bf64d7fe295,false,,test,,,Default,One per quote line,,,,Quantity,,false,,,,,,,,,,false,,,false,,,1.0,false,,,,false,false,false,false,,false,false,false,false,false,false,false,false,,Click,false,false,,false,List,,true,,false,,,,List,,,,,,Renewable,,false,,,,,,,
,,,,,2b5cf0a1-c33b-4754-8f01-4bf64d7fe295,false,,test,,,Default,One per quote line,,,,Quantity,,false,,,,,,,,,,false,,,false,,,1.0,false,,,,false,false,false,false,,false,false,false,false,false,false,false,false,,Click,false,false,,false,List,,true,,false,,,,List,,,,,,Renewable,,false,,,,,,,
,,,,,2b5cf0a1-c33b-4754-8f01-4bf64d7fe295,false,,test,,,Default,One per quote line,,,,Quantity,,false,,,,,,,,,,false,,,false,,,1.0,false,,,,false,false,false,false,,false,false,false,false,false,false,false,false,,Click,false,false,,false,List,,true,,false,,,,List,,,,,,Renewable,,false,,,,,,,
,,,,,2b5cf0a1-c33b-4754-8f01-4bf64d7fe295,false,,test,,,Default,One per quote line,,,,Quantity,,false,,,,,,,,,,false,,,false,,,1.0,false,,,,false,false,false,false,,false,false,false,false,false,false,false,false,,Click,false,false,,false,List,,true,,false,,,,List,,,,,,Renewable,,false,,,,,,,
,,,,,2b5cf0a1-c33b-4754-8f01-4bf64d7fe295,false,,test,,,Default,One per quote line,,,,Quantity,,false,,,,,,,,,,false,,,false,,,1.0,false,,,,false,false,false,false,,false,false,false,false,false,false,false,false,,Click,false,false,,false,List,,true,,false,,,,List,,,,,,Renewable,,false,,,,,,,
,,,,,2b5cf0a1-c33b-4754-8f01-4bf64d7fe295,false,,test,,,Default,One per quote line,,,,Quantity,,false,,,,,,,,,,false,,,false,,,1.0,false,,,,false,false,false,false,,false,false,false,false,false,false,false,false,,Click,false,false,,false,List,,true,,false,,,,List,,,,,,Renewable,,false,,,,,,,
,,,,,2b5cf0a1-c33b-4754-8f01-4bf64d7fe295,false,,test,,,Default,One per quote line,,,,Quantity,,false,,,,,,,,,,false,,,false,,,1.0,false,,,,false,false,false,false,,false,false,false,false,false,false,false,false,,Click,false,false,,false,List,,true,,false,,,,List,,,,,,Renewable,,false,,,,,,,
,,,,,2b5cf0a1-c33b-4754-8f01-4bf64d7fe295,false,,test,,,Default,One per quote line,,,,Quantity,,false,,,,,,,,,,false,,,false,,,1.0,false,,,,false,false,false,false,,false,false,false,false,false,false,false,false,,Click,false,false,,false,List,,true,,false,,,,List,,,,,,Renewable,,false,,,,,,,
,,,,,2b5cf0a1-c33b-4754-8f01-4bf64d7fe295,false,,test,,,Default,One per quote line,,,,Quantity,,false,,,,,,,,,,false,,,false,,,1.0,false,,,,false,false,false,false,,false,false,false,false,false,false,false,false,,Click,false,false,,false,List,,true,,false,,,,List,,,,,,Renewable,,false,,,,,,,
,,,,,2b5cf0a1-c33b-4754-8f01-4bf64d7fe295,false,,test,,,Default,One per quote line,,,,Quantity,,false,,,,,,,,,,false,,,false,,,1.0,false,,,,false,false,false,false,,false,false,false,false,false,false,false,false,,Click,false,false,,false,List,,true,,false,,,,List,,,,,,Renewable,,false,,,,,,,
,,,,,2b5cf0a1-c33b-4754-8f01-4bf64d7fe295,false,,test,,,Default,One per quote line,,,,Quantity,,false,,,,,,,,,,false,,,false,,,1.0,false,,,,false,false,false,false,,false,false,false,false,false,false,false,false,,Click,false,false,,false,List,,true,,false,,,,List,,,,,,Renewable,,false,,,,,,,
,,,,,2b5cf0a1-c33b-4754-8f01-4bf64d7fe295,false,,test,,,Default,One per quote line,,,,Quantity,,false,,,,,,,,,,false,,,false,,,1.0,false,,,,false,false,false,false,,false,false,false,false,false,false,false,false,,Click,false,false,,false,List,,true,,false,,,,List,,,,,,Renewable,,false,,,,,,,
,,,,,2b5cf0a1-c33b-4754-8f01-4bf64d7fe295,false,,test,,,Default,One per quote line,,,,Quantity,,false,,,,,,,,,,false,,,false,,,1.0,false,,,,false,false,false,false,,false,false,false,false,false,false,false,false,,Click,false,false,,false,List,,true,,false,,,,List,,,,,,Renewable,,false,,,,,,,
,,,,,2b5cf0a1-c33b-4754-8f01-4bf64d7fe295,false,,test,,,Default,One per quote line,,,,Quantity,,false,,,,,,,,,,false,,,false,,,1.0,false,,,,false,false,false,false,,false,false,false,false,false,false,false,false,,Click,false,false,,false,List,,true,,false,,,,List,,,,,,Renewable,,false,,,,,,,
,,,,,2b5cf0a1-c33b-4754-8f01-4bf64d7fe295,false,,test,,,Default,One per quote line,,,,Quantity,,false,,,,,,,,,,false,,,false,,,1.0,false,,,,false,false,false,false,,false,false,false,false,false,false,false,false,,Click,false,false,,false,List,,true,,false,,,,List,,,,,,Renewable,,false,,,,,,,
,,,,,2b5cf0a1-c33b-4754-8f01-4bf64d7fe295,false,,test,,,Default,One per quote line,,,,Quantity,,false,,,,,,,,,,false,,,false,,,1.0,false,,,,false,false,false,false,,false,false,false,false,false,false,false,false,,Click,false,false,,false,List,,true,,false,,,,List,,,,,,Renewable,,false,,,,,,,
,,,,,2b5cf0a1-c33b-4754-8f01-4bf64d7fe295,false,,test,,,Default,One per quote line,,,,Quantity,,false,,,,,,,,,,false,,,false,,,1.0,false,,,,false,false,false,false,,false,false,false,false,false,false,false,false,,Click,false,false,,false,List,,true,,false,,,,List,,,,,,Renewable,,false,,,,,,,
,,,,,2b5cf0a1-c33b-4754-8f01-4bf64d7fe295,false,,test,,,Default,One per quote line,,,,Quantity,,false,,,,,,,,,,false,,,false,,,1.0,false,,,,false,false,false,false,,false,false,false,false,false,false,false,false,,Click,false,false,,false,List,,true,,false,,,,List,,,,,,Renewable,,false,,,,,,,
,,,,,2b5cf0a1-c33b-4754-8f01-4bf64d7fe295,false,,test,,,Default,One per quote line,,,,Quantity,,false,,,,,,,,,,false,,,false,,,1.0,false,,,,false,false,false,false,,false,false,false,false,false,false,false,false,,Click,false,false,,false,List,,true,,false,,,,List,,,,,,Renewable,,false,,,,,,,
,,,,,2b5cf0a1-c33b-4754-8f01-4bf64d7fe295,false,,test,,,Default,One per quote line,,,,Quantity,,false,,,,,,,,,,false,,,false,,,1.0,false,,,,false,false,false,false,,false,false,false,false,false,false,false,false,,Click,false,false,,false,List,,true,,false,,,,List,,,,,,Renewable,,false,,,,,,,
,,,,,2b5cf0a1-c33b-4754-8f01-4bf64d7fe295,false,,test,,,Default,One per quote line,,,,Quantity,,false,,,,,,,,,,false,,,false,,,1.0,false,,,,false,false,false,false,,false,false,false,false,false,false,false,false,,Click,false,false,,false,List,,true,,false,,,,List,,,,,,Renewable,,false,,,,,,,
,,,,,2b5cf0a1-c33b-4754-8f01-4bf64d7fe295,false,,test,,,Default,One per quote line,,,,Quantity,,false,,,,,,,,,,false,,,false,,,1.0,false,,,,false,false,false,false,,false,false,false,false,false,false,false,false,,Click,false,false,,false,List,,true,,false,,,,List,,,,,,Renewable,,false,,,,,,,
,,,,,2b5cf0a1-c33b-4754-8f01-4bf64d7fe295,false,,test,,,Default,One per quote line,,,,Quantity,,false,,,,,,,,,,false,,,false,,,1.0,false,,,,false,false,false,false,,false,false,false,false,false,false,false,false,,Click,false,false,,false,List,,true,,false,,,,List,,,,,,Renewable,,false,,,,,,,
,,,,,2b5cf0a1-c33b-4754-8f01-4bf64d7fe295,false,,test,,,Default,One per quote line,,,,Quantity,,false,,,,,,,,,,false,,,false,,,1.0,false,,,,false,false,false,false,,false,false,false,false,false,false,false,false,,Click,false,false,,false,List,,true,,false,,,,List,,,,,,Renewable,,false,,,,,,,
,,,,,2b5cf0a1-c33b-4754-8f01-4bf64d7fe295,false,,test,,,Default,One per quote line,,,,Quantity,,false,,,,,,,,,,false,,,false,,,1.0,false,,,,false,false,false,false,,false,false,false,false,false,false,false,false,,Click,false,false,,false,List,,true,,false,,,,List,,,,,,Renewable,,false,,,,,,,
,,,,,2b5cf0a1-c33b-4754-8f01-4bf64d7fe295,false,,test,,,Default,One per quote line,,,,Quantity,,false,,,,,,,,,,false,,,false,,,1.0,false,,,,false,false,false,false,,false,false,false,false,false,false,false,false,,Click,false,false,,false,List,,true,,false,,,,List,,,,,,Renewable,,false,,,,,,,
,,,,,2b5cf0a1-c33b-4754-8f01-4bf64d7fe295,false,,test,,,Default,One per quote line,,,,Quantity,,false,,,,,,,,,,false,,,false,,,1.0,false,,,,false,false,false,false,,false,false,false,false,false,false,false,false,,Click,false,false,,false,List,,true,,false,,,,List,,,,,,Renewable,,false,,,,,,,
,,,,,2b5cf0a1-c33b-4754-8f01-4bf64d7fe295,false,,test,,,Default,One per quote line,,,,Quantity,,false,,,,,,,,,,false,,,false,,,1.0,false,,,,false,false,false,false,,false,false,false,false,false,false,false,false,,Click,false,false,,false,List,,true,,false,,,,List,,,,,,Renewable,,false,,,,,,,
,,,,,2b5cf0a1-c33b-4754-8f01-4bf64d7fe295,false,,test,,,Default,One per quote line,,,,Quantity,,false,,,,,,,,,,false,,,false,,,1.0,false,,,,false,false,false,false,,false,false,false,false,false,false,false,false,,Click,false,false,,false,List,,true,,false,,,,List,,,,,,Renewable,,false,,,,,,,
,,,,,2b5cf0a1-c33b-4754-8f01-4bf64d7fe295,false,,test,,,Default,One per quote line,,,,Quantity,,false,,,,,,,,,,false,,,false,,,1.0,false,,,,false,false,false,false,,false,false,false,false,false,false,false,false,,Click,false,false,,false,List,,true,,false,,,,List,,,,,,Renewable,,false,,,,,,,
,,,,,2b5cf0a1-c33b-4754-8f01-4bf64d7fe295,false,,test,,,Default,One per quote line,,,,Quantity,,false,,,,,,,,,,false,,,false,,,1.0,false,,,,false,false,false,false,,false,false,false,false,false,false,false,false,,Click,false,false,,false,List,,true,,false,,,,List,,,,,,Renewable,,false,,,,,,,
,,,,,2b5cf0a1-c33b-4754-8f01-4bf64d7fe295,false,,test,,,Default,One per quote line,,,,Quantity,,false,,,,,,,,,,false,,,false,,,1.0,false,,,,false,false,false,false,,false,false,false,false,false,false,false,false,,Click,false,false,,false,List,,true,,false,,,,List,,,,,,Renewable,,false,,,,,,,
,,,,,2b5cf0a1-c33b-4754-8f01-4bf64d7fe295,false,,test,,,Default,One per quote line,,,,Quantity,,false,,,,,,,,,,false,,,false,,,1.0,false,,,,false,false,false,false,,false,false,false,false,false,false,false,false,,Click,false,false,,false,List,,true,,false,,,,List,,,,,,Renewable,,false,,,,,,,
,,,,,2b5cf0a1-c33b-4754-8f01-4bf64d7fe295,false,,test,,,Default,One per quote line,,,,Quantity,,false,,,,,,,,,,false,,,false,,,1.0,false,,,,false,false,false,false,,false,false,false,false,false,false,false,false,,Click,false,false,,false,List,,true,,false,,,,List,,,,,,Renewable,,false,,,,,,,
,,,,,2b5cf0a1-c33b-4754-8f01-4bf64d7fe295,false,,test,,,Default,One per quote line,,,,Quantity,,false,,,,,,,,,,false,,,false,,,1.0,false,,,,false,false,false,false,,false,false,false,false,false,false,false,false,,Click,false,false,,false,List,,true,,false,,,,List,,,,,,Renewable,,false,,,,,,,
,,,,,2b5cf0a1-c33b-4754-8f01-4bf64d7fe295,false,,test,,,Default,One per quote line,,,,Quantity,,false,,,,,,,,,,false,,,false,,,1.0,false,,,,false,false,false,false,,false,false,false,false,false,false,false,false,,Click,false,false,,false,List,,true,,false,,,,List,,,,,,Renewable,,false,,,,,,,
,,,,,2b5cf0a1-c33b-4754-8f01-4bf64d7fe295,false,,test,,,Default,One per quote line,,,,Quantity,,false,,,,,,,,,,false,,,false,,,1.0,false,,,,false,false,false,false,,false,false,false,false,false,false,false,false,,Click,false,false,,false,List,,true,,false,,,,List,,,,,,Renewable,,false,,,,,,,
,,,,,2b5cf0a1-c33b-4754-8f01-4bf64d7fe295,false,,test,,,Default,One per quote line,,,,Quantity,,false,,,,,,,,,,false,,,false,,,1.0,false,,,,false,false,false,false,,false,false,false,false,false,false,false,false,,Click,false,false,,false,List,,true,,false,,,,List,,,,,,Renewable,,false,,,,,,,
,,,,,919e3154-25ba-4f8c-b86f-d2bcd9704741,false,,temb|4 5,,,Default,One per quote line,,,,Quantity,,false,,,,,,,,,,false,,,false,,,1.0,false,,,,false,false,false,false,,false,false,false,false,false,false,false,false,,Click,false,false,,false,List,,true,,false,,,,List,,,,,,Renewable,,false,,,,,,,
,,,,,919e3154-25ba-4f8c-b86f-d2bcd9704741,false,,temb|4 5,,,Default,One per quote line,,,,Quantity,,false,,,,,,,,,,false,,,false,,,1.0,false,,,,false,false,false,false,,false,false,false,false,false,false,false,false,,Click,false,false,,false,List,,true,,false,,,,List,,,,,,Renewable,,false,,,,,,,
,,,,,919e3154-25ba-4f8c-b86f-d2bcd9704741,false,,temb|4 5,,,Default,One per quote line,,,,Quantity,,false,,,,,,,,,,false,,,false,,,1.0,false,,,,false,false,false,false,,false,false,false,false,false,false,false,false,,Click,false,false,,false,List,,true,,false,,,,List,,,,,,Renewable,,false,,,,,,,
,,,,,919e3154-25ba-4f8c-b86f-d2bcd9704741,false,,temb|4 5,,,Default,One per quote line,,,,Quantity,,false,,,,,,,,,,false,,,false,,,1.0,false,,,,false,false,false,false,,false,false,false,false,false,false,false,false,,Click,false,false,,false,List,,true,,false,,,,List,,,,,,Renewable,,false,,,,,,,
,,,,,919e3154-25ba-4f8c-b86f-d2bcd9704741,false,,temb|4 5,,,Default,One per quote line,,,,Quantity,,false,,,,,,,,,,false,,,false,,,1.0,false,,,,false,false,false,false,,false,false,false,false,false,false,false,false,,Click,false,false,,false,List,,true,,false,,,,List,,,,,,Renewable,,false,,,,,,,
,,,,,919e3154-25ba-4f8c-b86f-d2bcd9704741,false,,temb|4 5,,,Default,One per quote line,,,,Quantity,,false,,,,,,,,,,false,,,false,,,1.0,false,,,,false,false,false,false,,false,false,false,false,false,false,false,false,,Click,false,false,,false,List,,true,,false,,,,List,,,,,,Renewable,,false,,,,,,,
,,,,,919e3154-25ba-4f8c-b86f-d2bcd9704741,false,,temb|4 5,,,Default,One per quote line,,,,Quantity,,false,,,,,,,,,,false,,,false,,,1.0,false,,,,false,false,false,false,,false,false,false,false,false,false,false,false,,Click,false,false,,false,List,,true,,false,,,,List,,,,,,Renewable,,false,,,,,,,
,,,,,919e3154-25ba-4f8c-b86f-d2bcd9704741,false,,temb|4 5,,,Default,One per quote line,,,,Quantity,,false,,,,,,,,,,false,,,false,,,1.0,false,,,,false,false,false,false,,false,false,false,false,false,false,false,false,,Click,false,false,,false,List,,true,,false,,,,List,,,,,,Renewable,,false,,,,,,,
,,,,,919e3154-25ba-4f8c-b86f-d2bcd9704741,false,,temb|4 5,,,Default,One per quote line,,,,Quantity,,false,,,,,,,,,,false,,,false,,,1.0,false,,,,false,false,false,false,,false,false,false,false,false,false,false,false,,Click,false,false,,false,List,,true,,false,,,,List,,,,,,Renewable,,false,,,,,,,
,,,,,919e3154-25ba-4f8c-b86f-d2bcd9704741,false,,temb|4 5,,,Default,One per quote line,,,,Quantity,,false,,,,,,,,,,false,,,false,,,1.0,false,,,,false,false,false,false,,false,false,false,false,false,false,false,false,,Click,false,false,,false,List,,true,,false,,,,List,,,,,,Renewable,,false,,,,,,,
,,,,,919e3154-25ba-4f8c-b86f-d2bcd9704741,false,,temb|4 5,,,Default,One per quote line,,,,Quantity,,false,,,,,,,,,,false,,,false,,,1.0,false,,,,false,false,false,false,,false,false,false,false,false,false,false,false,,Click,false,false,,false,List,,true,,false,,,,List,,,,,,Renewable,,false,,,,,,,
,,,,,919e3154-25ba-4f8c-b86f-d2bcd9704741,false,,temb|4 5,,,Default,One per quote line,,,,Quantity,,false,,,,,,,,,,false,,,false,,,1.0,false,,,,false,false,false,false,,false,false,false,false,false,false,false,false,,Click,false,false,,false,List,,true,,false,,,,List,,,,,,Renewable,,false,,,,,,,
,,,,,919e3154-25ba-4f8c-b86f-d2bcd9704741,false,,temb|4 5,,,Default,One per quote line,,,,Quantity,,false,,,,,,,,,,false,,,false,,,1.0,false,,,,false,false,false,false,,false,false,false,false,false,false,false,false,,Click,false,false,,false,List,,true,,false,,,,List,,,,,,Renewable,,false,,,,,,,
,,,,,919e3154-25ba-4f8c-b86f-d2bcd9704741,false,,temb|4 5,,,Default,One per quote line,,,,Quantity,,false,,,,,,,,,,false,,,false,,,1.0,false,,,,false,false,false,false,,false,false,false,false,false,false,false,false,,Click,false,false,,false,List,,true,,false,,,,List,,,,,,Renewable,,false,,,,,,,
,,,,,919e3154-25ba-4f8c-b86f-d2bcd9704741,false,,temb|4 5,,,Default,One per quote line,,,,Quantity,,false,,,,,,,,,,false,,,false,,,1.0,false,,,,false,false,false,false,,false,false,false,false,false,false,false,false,,Click,false,false,,false,List,,true,,false,,,,List,,,,,,Renewable,,false,,,,,,,
,,,,,919e3154-25ba-4f8c-b86f-d2bcd9704741,false,,temb|4 5,,,Default,One per quote line,,,,Quantity,,false,,,,,,,,,,false,,,false,,,1.0,false,,,,false,false,false,false,,false,false,false,false,false,false,false,false,,Click,false,false,,false,List,,true,,false,,,,List,,,,,,Renewable,,false,,,,,,,
,,,,,919e3154-25ba-4f8c-b86f-d2bcd9704741,false,,temb|4 5,,,Default,One per quote line,,,,Quantity,,false,,,,,,,,,,false,,,false,,,1.0,false,,,,false,false,false,false,,false,false,false,false,false,false,false,false,,Click,false,false,,false,List,,true,,false,,,,List,,,,,,Renewable,,false,,,,,,,
,,,,,919e3154-25ba-4f8c-b86f-d2bcd9704741,false,,temb|4 5,,,Default,One per quote line,,,,Quantity,,false,,,,,,,,,,false,,,false,,,1.0,false,,,,false,false,false,false,,false,false,false,false,false,false,false,false,,Click,false,false,,false,List,,true,,false,,,,List,,,,,,Renewable,,false,,,,,,,
,,,,,919e3154-25ba-4f8c-b86f-d2bcd9704741,false,,temb|4 5,,,Default,One per quote line,,,,Quantity,,false,,,,,,,,,,false,,,false,,,1.0,false,,,,false,false,false,false,,false,false,false,false,false,false,false,false,,Click,false,false,,false,List,,true,,false,,,,List,,,,,,Renewable,,false,,,,,,,
,,,,,919e3154-25ba-4f8c-b86f-d2bcd9704741,false,,temb|4 5,,,Default,One per quote line,,,,Quantity,,false,,,,,,,,,,false,,,false,,,1.0,false,,,,false,false,false,false,,false,false,false,false,false,false,false,false,,Click,false,false,,false,List,,true,,false,,,,List,,,,,,Renewable,,false,,,,,,,
,,,,,919e3154-25ba-4f8c-b86f-d2bcd9704741,false,,temb|4 5,,,Default,One per quote line,,,,Quantity,,false,,,,,,,,,,false,,,false,,,1.0,false,,,,false,false,false,false,,false,false,false,false,false,false,false,false,,Click,false,false,,false,List,,true,,false,,,,List,,,,,,Renewable,,false,,,,,,,
,,,,,919e3154-25ba-4f8c-b86f-d2bcd9704741,false,,temb|4 5,,,Default,One per quote line,,,,Quantity,,false,,,,,,,,,,false,,,false,,,1.0,false,,,,false,false,false,false,,false,false,false,false,false,false,false,false,,Click,false,false,,false,List,,true,,false,,,,List,,,,,,Renewable,,false,,,,,,,
,,,,,919e3154-25ba-4f8c-b86f-d2bcd9704741,false,,temb|4 5,,,Default,One per quote line,,,,Quantity,,false,,,,,,,,,,false,,,false,,,1.0,false,,,,false,false,false,false,,false,false,false,false,false,false,false,false,,Click,false,false,,false,List,,true,,false,,,,List,,,,,,Renewable,,false,,,,,,,
,,,,,919e3154-25ba-4f8c-b86f-d2bcd9704741,false,,temb|4 5,,,Default,One per quote line,,,,Quantity,,false,,,,,,,,,,false,,,false,,,1.0,false,,,,false,false,false,false,,false,false,false,false,false,false,false,false,,Click,false,false,,false,List,,true,,false,,,,List,,,,,,Renewable,,false,,,,,,,
,,,,,919e3154-25ba-4f8c-b86f-d2bcd9704741,false,,temb|4 5,,,Default,One per quote line,,,,Quantity,,false,,,,,,,,,,false,,,false,,,1.0,false,,,,false,false,false,false,,false,false,false,false,false,false,false,false,,Click,false,false,,false,List,,true,,false,,,,List,,,,,,Renewable,,false,,,,,,,
,,,,,919e3154-25ba-4f8c-b86f-d2bcd9704741,false,,temb|4 5,,,Default,One per quote line,,,,Quantity,,false,,,,,,,,,,false,,,false,,,1.0,false,,,,false,false,false,false,,false,false,false,false,false,false,false,false,,Click,false,false,,false,List,,true,,false,,,,List,,,,,,Renewable,,false,,,,,,,
,,,,,919e3154-25ba-4f8c-b86f-d2bcd9704741,false,,temb|4 5,,,Default,One per quote line,,,,Quantity,,false,,,,,,,,,,false,,,false,,,1.0,false,,,,false,false,false,false,,false,false,false,false,false,false,false,false,,Click,false,false,,false,List,,true,,false,,,,List,,,,,,Renewable,,false,,,,,,,
,,,,,919e3154-25ba-4f8c-b86f-d2bcd9704741,false,,temb|4 5,,,Default,One per quote line,,,,Quantity,,false,,,,,,,,,,false,,,false,,,1.0,false,,,,false,false,false,false,,false,false,false,false,false,false,false,false,,Click,false,false,,false,List,,true,,false,,,,List,,,,,,Renewable,,false,,,,,,,
,,,,,919e3154-25ba-4f8c-b86f-d2bcd9704741,false,,temb|4 5,,,Default,One per quote line,,,,Quantity,,false,,,,,,,,,,false,,,false,,,1.0,false,,,,false,false,false,false,,false,false,false,false,false,false,false,false,,Click,false,false,,false,List,,true,,false,,,,List,,,,,,Renewable,,false,,,,,,,
,,,,,919e3154-25ba-4f8c-b86f-d2bcd9704741,false,,temb|4 5,,,Default,One per quote line,,,,Quantity,,false,,,,,,,,,,false,,,false,,,1.0,false,,,,false,false,false,false,,false,false,false,false,false,false,false,false,,Click,false,false,,false,List,,true,,false,,,,List,,,,,,Renewable,,false,,,,,,,
,,,,,919e3154-25ba-4f8c-b86f-d2bcd9704741,false,,temb|4 5,,,Default,One per quote line,,,,Quantity,,false,,,,,,,,,,false,,,false,,,1.0,false,,,,false,false,false,false,,false,false,false,false,false,false,false,false,,Click,false,false,,false,List,,true,,false,,,,List,,,,,,Renewable,,false,,,,,,,
,,,,,919e3154-25ba-4f8c-b86f-d2bcd9704741,false,,temb|4 5,,,Default,One per quote line,,,,Quantity,,false,,,,,,,,,,false,,,false,,,1.0,false,,,,false,false,false,false,,false,false,false,false,false,false,false,false,,Click,false,false,,false,List,,true,,false,,,,List,,,,,,Renewable,,false,,,,,,,
,,,,,919e3154-25ba-4f8c-b86f-d2bcd9704741,false,,temb|4 5,,,Default,One per quote line,,,,Quantity,,false,,,,,,,,,,false,,,false,,,1.0,false,,,,false,false,false,false,,false,false,false,false,false,false,false,false,,Click,false,false,,false,List,,true,,false,,,,List,,,,,,Renewable,,false,,,,,,,
,,,,,919e3154-25ba-4f8c-b86f-d2bcd9704741,false,,temb|4 5,,,Default,One per quote line,,,,Quantity,,false,,,,,,,,,,false,,,false,,,1.0,false,,,,false,false,false,false,,false,false,false,false,false,false,false,false,,Click,false,false,,false,List,,true,,false,,,,List,,,,,,Renewable,,false,,,,,,,
,,,,,919e3154-25ba-4f8c-b86f-d2bcd9704741,false,,temb|4 5,,,Default,One per quote line,,,,Quantity,,false,,,,,,,,,,false,,,false,,,1.0,false,,,,false,false,false,false,,false,false,false,false,false,false,false,false,,Click,false,false,,false,List,,true,,false,,,,List,,,,,,Renewable,,false,,,,,,,
,,,,,919e3154-25ba-4f8c-b86f-d2bcd9704741,false,,temb|4 5,,,Default,One per quote line,,,,Quantity,,false,,,,,,,,,,false,,,false,,,1.0,false,,,,false,false,false,false,,false,false,false,false,false,false,false,false,,Click,false,false,,false,List,,true,,false,,,,List,,,,,,Renewable,,false,,,,,,,
,,,,,919e3154-25ba-4f8c-b86f-d2bcd9704741,false,,temb|4 5,,,Default,One per quote line,,,,Quantity,,false,,,,,,,,,,false,,,false,,,1.0,false,,,,false,false,false,false,,false,false,false,false,false,false,false,false,,Click,false,false,,false,List,,true,,false,,,,List,,,,,,Renewable,,false,,,,,,,
,,,,,919e3154-25ba-4f8c-b86f-d2bcd9704741,false,,temb|4 5,,,Default,One per quote line,,,,Quantity,,false,,,,,,,,,,false,,,false,,,1.0,false,,,,false,false,false,false,,false,false,false,false,false,false,false,false,,Click,false,false,,false,List,,true,,false,,,,List,,,,,,Renewable,,false,,,,,,,
,,,,,919e3154-25ba-4f8c-b86f-d2bcd9704741,false,,temb|4 5,,,Default,One per quote line,,,,Quantity,,false,,,,,,,,,,false,,,false,,,1.0,false,,,,false,false,false,false,,false,false,false,false,false,false,false,false,,Click,false,false,,false,List,,true,,false,,,,List,,,,,,Renewable,,false,,,,,,,
,,,,,919e3154-25ba-4f8c-b86f-d2bcd9704741,false,,temb|4 5,,,Default,One per quote line,,,,Quantity,,false,,,,,,,,,,false,,,false,,,1.0,false,,,,false,false,false,false,,false,false,false,false,false,false,false,false,,Click,false,false,,false,List,,true,,false,,,,List,,,,,,Renewable,,false,,,,,,,
,,,,,919e3154-25ba-4f8c-b86f-d2bcd9704741,false,,temb|4 5,,,Default,One per quote line,,,,Quantity,,false,,,,,,,,,,false,,,false,,,1.0,false,,,,false,false,false,false,,false,false,false,false,false,false,false,false,,Click,false,false,,false,List,,true,,false,,,,List,,,,,,Renewable,,false,,,,,,,
,,,,,919e3154-25ba-4f8c-b86f-d2bcd9704741,false,,temb|4 5,,,Default,One per quote line,,,,Quantity,,false,,,,,,,,,,false,,,false,,,1.0,false,,,,false,false,false,false,,false,false,false,false,false,false,false,false,,Click,false,false,,false,List,,true,,false,,,,List,,,,,,Renewable,,false,,,,,,,
,,,,,919e3154-25ba-4f8c-b86f-d2bcd9704741,false,,temb|4 5,,,Default,One per quote line,,,,Quantity,,false,,,,,,,,,,false,,,false,,,1.0,false,,,,false,false,false,false,,false,false,false,false,false,false,false,false,,Click,false,false,,false,List,,true,,false,,,,List,,,,,,Renewable,,false,,,,,,,
,,,,,919e3154-25ba-4f8c-b86f-d2bcd9704741,false,,temb|4 5,,,Default,One per quote line,,,,Quantity,,false,,,,,,,,,,false,,,false,,,1.0,false,,,,false,false,false,false,,false,false,false,false,false,false,false,false,,Click,false,false,,false,List,,true,,false,,,,List,,,,,,Renewable,,false,,,,,,,
,,,,,919e3154-25ba-4f8c-b86f-d2bcd9704741,false,,temb|4 5,,,Default,One per quote line,,,,Quantity,,false,,,,,,,,,,false,,,false,,,1.0,false,,,,false,false,false,false,,false,false,false,false,false,false,false,false,,Click,false,false,,false,List,,true,,false,,,,List,,,,,,Renewable,,false,,,,,,,
,,,,,919e3154-25ba-4f8c-b86f-d2bcd9704741,false,,temb|4 5,,,Default,One per quote line,,,,Quantity,,false,,,,,,,,,,false,,,false,,,1.0,false,,,,false,false,false,false,,false,false,false,false,false,false,false,false,,Click,false,false,,false,List,,true,,false,,,,List,,,,,,Renewable,,false,,,,,,,
,,,,,919e3154-25ba-4f8c-b86f-d2bcd9704741,false,,temb|4 5,,,Default,One per quote line,,,,Quantity,,false,,,,,,,,,,false,,,false,,,1.0,false,,,,false,false,false,false,,false,false,false,false,false,false,false,false,,Click,false,false,,false,List,,true,,false,,,,List,,,,,,Renewable,,false,,,,,,,
,,,,,919e3154-25ba-4f8c-b86f-d2bcd9704741,false,,temb|4 5,,,Default,One per quote line,,,,Quantity,,false,,,,,,,,,,false,,,false,,,1.0,false,,,,false,false,false,false,,false,false,false,false,false,false,false,false,,Click,false,false,,false,List,,true,,false,,,,List,,,,,,Renewable,,false,,,,,,,
,,,,,919e3154-25ba-4f8c-b86f-d2bcd9704741,false,,temb|4 5,,,Default,One per quote line,,,,Quantity,,false,,,,,,,,,,false,,,false,,,1.0,false,,,,false,false,false,false,,false,false,false,false,false,false,false,false,,Click,false,false,,false,List,,true,,false,,,,List,,,,,,Renewable,,false,,,,,,,
